(-11.164907910805907,3.203247469170619e-13)
(-11.162088248408661,0.08006446841653374)
(-11.15363512355455,0.16003019537647178)
(-11.13956609478069,0.23979878102981944)
(-11.119910331650145,0.31927250639117577)
(-11.09470847363598,0.39835466793201846)
(-11.064012434310834,0.4769499052392589)
(-11.027885152564043,0.5549645195531641)
(-10.986400293018853,0.6323067811008644)
(-10.9396418982425,0.7088872232676129)
(-10.887703995726598,0.7846189217942604)
(-10.83069016295988,0.859417757353653)
(-10.76871305421566,0.9332026600381292)
(-10.701893892929458,1.0058958344821214)
(-10.630361933746025,1.0774229645450568)
(-10.554253898467765,1.1477133966871929)
(-10.473713390238409,1.2167003013816877)
(-10.388890290346835,1.2843208121170497)
(-10.299940142037467,1.3505161417522635)
(-10.207023525667925,1.4152316761896309)
(-10.11030542946396,1.4784170455251735)
(-10.009954619989848,1.5400261730211173)
(-9.906143016282703,1.600017302417482)
(-9.799045071396247,1.658353004258553)
(-9.68883716486732,1.7150001620536155)
(-9.575697009362253,1.7699299392187766)
(-9.459803074484125,1.8231177278573285)
(-9.341334030431076,1.8745430805294574)
(-9.220468213894906,1.9241896262381624)
(-9.097383118282172,1.9720449719171385)
(-8.972254910031804,2.0181005907485483)
(-8.845257972497048,2.062351698664735)
(-8.716564478559672,2.1047971203988163)
(-8.58634399285325,2.145439146445745)
(-8.454763104193495,2.184283382279066)
(-8.321985088548947,2.22133859114024)
(-8.188169602636975,2.2566165316786164)
(-8.053472407999527,2.2901317916719903)
(-7.9180451252018855,2.3219016190017245)
(-7.7820350176057955,2.3519457509937816)
(-7.645584803997325,2.3802862431691993)
(-7.508832499198766,2.4069472983756093)
(-7.371911281663389,2.4319550971966244)
(-7.234949386940826,2.4553376304593733)
(-7.09807002580951,2.4771245345831776)
(-6.961391325798957,2.49734693043516)
(-6.825026294769037,2.5160372662824377)
(-6.6890828051734905,2.5332291653560195)
(-6.553663597610411,2.5489572784693646)
(-6.4188663022516526,2.5632571420651775)
(-6.284783476744812,2.576165041997931)
(-6.151502664297657,2.587717886310313)
(-6.019106439360036,2.5979530692795363)
(-5.887672518911548,2.6069083711493213)
(-5.757273830750671,2.6146218353211554)
(-5.627978618964323,2.621131666166324)
(-5.499850552486324,2.6264761304597397)
(-5.372948841118637,2.6306934651775973)
(-5.24732835792428,2.6338217915802833)
(-5.123039766960752,2.635899035472175)
(-5.000129655384821,2.636962853503792)
(-4.87864066902196,2.637050565359332)
(-4.75861165055629,2.6361990916534728)
(-4.640077779559315,2.6344448973454013)
(-4.523070713636941,2.631823940465129)
(-4.407618730034354,2.6283716259369054)
(-4.293746867096652,2.624122764276853)
(-4.1814770650394015,2.6191115349366285)
(-4.070828305537353,2.613371454061807)
(-3.9618167496923777,2.606935346430451)
(-3.8544558739871513,2.5998353213431447)
(-3.7487566038839244,2.5921027522281888)
(-3.6447274447652243,2.5837682597379352)
(-3.5423746099581663,2.574861698110833)
(-3.441702145621213,2.565412144580683)
(-3.3427120523079847,2.5554478916202283)
(-3.2454044030558054,2.544996441812754)
(-3.1497774578769664,2.5340845051525145)
(-3.0558277745588036,2.522737998582282)
(-2.963550315703898,2.5109820475842177)
(-2.872938551965228,2.4988409896483117)
(-2.7839845614586314,2.4863383794577882)
(-2.696679125305612,2.473496995591587)
(-2.6110118194227048,2.4603388486927598)
(-2.5269711024434267,2.446885190829661)
(-2.4445443999183594,2.433156526011362)
(-2.363718184802601,2.419172621693134)
(-2.284478054299296,2.4049525211594722)
(-2.206808803129784,2.3905145566735726)
(-2.130694493308405,2.3758763632895747)
(-2.0561185205062333,2.361054893231006)
(-1.9830636770933434,2.346066430745718)
(-1.9115122119533643,2.33092660735419)
(-1.8414458871674706,2.3156504174143815)
(-1.7728460316674337,2.3002522339323113)
(-1.705693591959177,2.2847458245532377)
(-1.639969180019375,2.2691443676737757)
(-1.5756531184681803,2.253460468620362)
(-1.5127254831211938,2.2377061758443726)
(-1.4511661430232674,2.221892997088731)
(-1.3909547980659602,2.206031915485158)
(-1.3320710142891707,2.1901334055452018)
(-1.274494256965981,2.174207449012031)
(-1.2182039215679485,2.158263550543386)
(-1.163179362706048,2.1423107531994834)
(-1.1093999211402916,2.126357653712643)
(-1.0568449489486536,2.1104124175182775)
(-1.0054938329434753,2.0944827935295027)
(-0.9553260164209115,2.0785761286400786)
(-0.9063210193263441,2.062699381942626)
(-0.8584584569159369,2.0468591386511092)
(-0.8117180569918038,2.0310616237185335)
(-0.7660796757854391,2.0153127151424943)
(-0.7215233125613566,1.9996179569528285)
(-0.6780291230100547,1.9839825718771011)
(-0.6355774314967434,1.9684114736809488)
(-0.5941487422295553,1.9529092791815224)
(-0.5537237494082597,1.937480319933365)
(-0.514283346411955,1.9221286535870419)
(-0.4758086340815909,1.9068580749217097)
(-0.43828092815071734,1.8916721265536327)
(-0.4016817658753924,1.876574109323335)
(-0.3659929119118421,1.8615670923647245)
(-0.33119636348813136,1.846653922860062)
(-0.29727435491391907,1.831837235485151)
(-0.26420936147018936,1.817119461549554)
(-0.23198410271878608,1.8025028378369923)
(-0.20058154526956498,1.787989415151403)
(-0.16998490504106692,1.7735810665744385)
(-0.1401776490487281,1.7592794954403341)
(-0.11114349675289063,1.7450862430343548)
(-0.08286642099715763,1.7310026960210911)
(-0.05533064856598539,1.7170300936090392)
(-0.028520660388839044,1.7031695344579765)
(-0.002421191416757234,1.6894219833356767)
(0.02298276980428668,1.6757882775305688)
(0.04770598184022439,1.6622691330269377)
(0.07176295133418102,1.6488651504492364)
(0.09516793420977553,1.6355768207821082)
(0.11793493709313285,1.6224045308725759)
(0.14007771893545407,1.6093485687209053)
(0.16160979281906318,1.5964091285664874)
(0.18254442793088516,1.583586315775059)
(0.20289465168823934,1.5708801515334516)
(0.22267325200279067,1.5582905773580151)
(0.24189277966935138,1.5458174594226612)
(0.2605655508670806,1.5334605927124731)
(0.2787036497613639,1.5212197050086305)
(0.2963189311951016,1.5090944607105572)
(0.31342302346131656,1.497084464499338)
(0.3300273311421247,1.485189264851397)
(0.34614303801229895,1.4734083574030865)
(0.36178110999373647,1.461741188174661)
(0.376952298155191,1.4501871566573468)
(0.39166714174967343,1.438745618768591)
(0.40593597128278613,1.4274158896802207)
(0.41976891160570656,1.4161972465241006)
(0.43317588502703636,1.4050889309797603)
(0.446166614438068,1.3940901517483322)
(0.45875062644650483,1.3832000869169891)
(0.47093725451394314,1.3724178862179748)
(0.482735642092878,1.3617426731861695)
(0.49415474575922597,1.3511735472190192)
(0.5052033383367202,1.340709585542565)
(0.5158900120098343,1.3303498450871374)
(0.5262231814221099,1.3200933642762163)
(0.53621108675708,1.3099391647318306)
(0.545861796799191,1.2998862528997386)
(0.5551832119723814,1.289933621597556)
(0.564183067354162,1.2800802514888638)
(0.572868935663244,1.270325112486204)
(0.5812482302190269,1.2606671650858756)
(0.5893282078712992,1.2511053616371421)
(0.5971159718987793,1.2416386475485712)
(0.604618474875234,1.2322659624339805)
(0.6118425215020407,1.2229862412004617)
(0.6187947714062086,1.2137984150808003)
(0.6254817419029688,1.2047014126125835)
(0.631909810722181,1.1956941605661462)
(0.6380852186978742,1.18677558482349)
(0.6440140724203749,1.177944611210193)
(0.6497023468505233,1.1692001662822575)
(0.6551558878955911,1.1605411780698285)
(0.6603804149466107,1.1519665767795633)
(0.6653815233768658,1.1434752954574572)
(0.6701646870013903,1.1350662706137806)
(0.6747352604974023,1.1267384428117913)
(0.6790984817856422,1.1184907572217802)
(0.683259474372657,1.1103221641419379)
(0.6872232496541266,1.102231619487502)
(0.6909947091793645,1.0942180852495544)
(0.694578646877177,1.0862805299247755)
(0.6979797512432957,1.0784179289174407)
(0.7012026074896198,1.0706292649148426)
(0.7042516996555467,1.0629135282373168)
(0.7071314126816636,1.0552697171639716)
(0.7098460344461233,1.0476968382352057)
(0.7123997577640194,1.0401939065330466)
(0.7147966823501112,1.0327599459403043)
(0.7170408167452196,1.025393989379537)
(0.7191360802067778,1.018095079032709)
(0.7210863045637986,1.0108622665425364)
(0.7228952360189349,1.0036946132395534)
(0.7245665370206033,0.9965911901378534)
(0.7261037878613705,0.9895510783360251)
(0.7275104885094709,0.9825733689958164)
(0.7287900602624803,0.9756571635008975)
(0.7299458473989695,0.9688015735650832)
(0.7309811187979257,0.9620057213275036)
(0.7318990695264292,0.9552687394353649)
(0.7327028223960725,0.9485897711149015)
(0.733395429488617,0.9419679702311253)
(0.7339798736513788,0.9354025013369142)
(0.7344590699628242,0.9288925397119877)
(0.7348358671688948,0.9224372713922818)
(0.735113049090526,0.916035893190235)
(0.7352933360028641,0.9096876127064236)
(0.7353793859866694,0.9033916483330383)
(0.7353737962523916,0.8971472292496142)
(0.7352791044373953,0.8909535954114381)
(0.735097789876825,0.8848099975310332)
(0.734832274848572,0.8787156970530992)
(0.7344849257928319,0.87266996612328)
(0.7340580545067138,0.8666720875510978)
(0.7335539193143433,0.8607213547674005)
(0.7329747262129684,0.8548170717766441)
(0.7323226299954547,0.8489585531042986)
(0.7315997353496807,0.8431451237396942)
(0.7308080979352263,0.8373761190745722)
(0.7299497254378212,0.8316508848376215)
(0.7290265786019662,0.8259687770252392)
(0.7280405722421688,0.8203291618287859)
(0.7269935762331836,0.8147314155585429)
(0.7258874164797081,0.8091749245646258)
(0.7247238758659007,0.8036590851550325)
(0.7235046951851497,0.7981833035110616)
(0.7222315740504708,0.7927469956002847)
(0.7209061717859286,0.7873495870872569)
(0.7195301082994556,0.7819905132421376)
(0.7181049649374497,0.7766692188474131)
(0.7166322853215146,0.7713851581028603)
(0.7151135761677044,0.7661377945289136)
(0.7135503080886324,0.7609266008685944)
(0.7119439163787855,0.7557510589881159)
(0.7102958017833969,0.7506106597763372)
(0.7086073312512045,0.7455049030431447)
(0.7068798386714293,0.740433297416934)
(0.7051146255953044,0.7353953602412644)
(0.7033129619424574,0.730390617470822)
(0.7014760866924807,0.7254186035667902)
(0.6996052085619694,0.7204788613917178)
(0.697701506667357,0.7155709421039955)
(0.6957661311738144,0.7106944050520179)
(0.6938002039305281,0.7058488176681108)
(0.6918048190926134,0.701033755362333)
(0.6897810437299708,0.6962488014161956)
(0.6877299184233299,0.6914935468763864)
(0.6856524578477657,0.6867675904485809)
(0.6835496513439389,0.6820705383913768)
(0.6814224634773267,0.6774020044104411)
(0.6792718345856767,0.6727616095529099)
(0.6770986813149584,0.6681489821021119)
(0.6749038971440162,0.6635637574726435)
(0.6726883528982,0.6590055781058815)
(0.6704528972521704,0.6544740933659404)
(0.6681983572221258,0.6499689594361474)
(0.6659255386476626,0.6454898392160602)
(0.6636352266634954,0.6410364022190775)
(0.6613281861612366,0.6366083244706658)
(0.6590051622414581,0.6322052884072485)
(0.656666880656227,0.62782698277578)
(0.6543140482423563,0.6234731025340305)
(0.6519473533453586,0.6191433487516856)
(0.6495674662348098,0.6148374285120818)
(0.6471750395106224,0.6105550548148643)
(0.6447707085009213,0.6062959464794115)
(0.6423550916515114,0.6020598280491016)
(0.6399287909071256,0.5978464296964445)
(0.6374923920846441,0.5936554871290843)
(0.6350464652384435,0.5894867414967031)
(0.6325915650180374,0.5853399392988117)
(0.6301282310181795,0.5812148322934819)
(0.6276569881215794,0.5771111774070018)
(0.6251783468343862,0.5730287366444675)
(0.6226928036145898,0.5689672770013425)
(0.620200841193493,0.5649265703759639)
(0.6177029288903954,0.5609063934830256)
(0.6151995229206241,0.5569065277680436)
(0.6126910666970653,0.5529267593227902)
(0.610177991125314,0.5489668788017271)
(0.6076607148925915,0.5450266813394327)
(0.6051396447505468,0.5411059664690104)
(0.6026151757920791,0.5372045380415136)
(0.6000876917223028,0.533322204146362)
(0.5975575651237734,0.5294587770327546)
(0.5950251577161032,0.5256140730321041)
(0.5924908206100691,0.5217879124814525)
(0.5899548945563452,0.517980119647897)
(0.5874177101889605,0.5141905226540202)
(0.5848795882635852,0.5104189534043121)
(0.5823408398907793,0.5066652475125859)
(0.5798017667642713,0.5029292442303933)
(0.5772626613844036,0.4992107863764167)
(0.5747238072768168,0.49550972026685197)
(0.5721854792065031,0.49182589564677337)
(0.5696479433872814,0.4881591656224593)
(0.5671114576868307,0.48450938659470016)
(0.5645762718273458,0.4808764181930639)
(0.5620426275819134,0.47726012321111255)
(0.5595107589667012,0.47366036754258095)
(0.5569808924290318,0.4700770201184972)
(0.554453247031445,0.4665099528452297)
(0.5519280346318093,0.4629590405435)
(0.5494054600595814,0.4594241608882747)
(0.5468857212882823,0.455905194349618)
(0.5443690096042737,0.4524020241344414)
(0.5418555097719043,0.4489145361291595)
(0.5393454001951101,0.4454426188432511)
(0.5368388530755327,0.4419861633537065)
(0.5343360345672353,0.4385450632503704)
(0.5318371049280843,0.43511921458214853)
(0.5293422186678655,0.43170851580409997)
(0.5268515246932014,0.42831286772537674)
(0.5243651664493447,0.42493217345802353)
(0.5218832820588956,0.4215663383666177)
(0.5194060044575318,0.41821527001874803)
(0.5169334615267831,0.4148788781363089)
(0.5144657762239383,0.411557074547618)
(0.5120030667091251,0.40824977314032834)
(0.5095454464696282,0.4049568898151462)
(0.5070930244414954,0.40167834244031775)
(0.5046459051284962,0.3984140508069078)
(0.5022041887184728,0.3951639365848186)
(0.49976797119714644,0.39192792327958736)
(0.4973373444594122,0.3887059361899096)
(0.49491239641820184,0.385497902365909)
(0.4924932111109283,0.3823037505681284)
(0.49007986880358334,0.37912341122724524)
(0.48767244609252824,0.37595681640449496)
(0.4852710160040177,0.37280389975279915)
(0.4828756480915208,0.3696645964785927)
(0.48048640853085806,0.3665388433043402)
(0.4781033602132308,0.36342657843173726)
(0.4757265628361612,0.3603277415055865)
(0.47335607299240356,0.3572422735783437)
(0.4709919442568692,0.35417011707532975)
(0.46863422727159937,0.35111121576059023)
(0.466282969828841,0.34806551470340896)
(0.46393821695225784,0.3450329602454503)
(0.4616000109763275,0.3420134999685329)
(0.45926839162394334,0.3390070826630226)
(0.4569433960822906,0.3360136582968211)
(0.45462505907700207,0.33303317798495974)
(0.4523134129446455,0.33006559395976676)
(0.4500084877035677,0.327110859541612)
(0.4477103111231342,0.3241689291102022)
(0.4454189087913857,0.3212397580764266)
(0.4431343041811413,0.3183233028547405)
(0.44085651871457976,0.3154195208360693)
(0.43858557182632396,0.3125283703612285)
(0.43632148102504636,0.30964981069485525)
(0.43406426195363795,0.3067838019998351)
(0.4318139284479465,0.3039303053122295)
(0.4295704925941265,0.30108928251668843)
(0.4273339647846223,0.2982606963223504)
(0.4251043537728122,0.29544451023923457)
(0.4228816667263424,0.29264068855510056)
(0.42066590927918623,0.2898491963128063)
(0.41845708558245304,0.2870699992881301)
(0.41625519835398955,0.2843030639680819)
(0.4140602489267873,0.28154835752967744)
(0.41187223729625805,0.2788058478191943)
(0.4096911621663752,0.2760755033318782)
(0.40751702099473974,0.27335729319211727)
(0.40534981003658355,0.2706511871340544)
(0.40318952438774114,0.26795715548264043)
(0.40103615802662,0.26527516913510685)
(0.3988897038551752,0.2626051995428473)
(0.39675015373892325,0.2599472186936903)
(0.39461749854600114,0.257301199094549)
(0.3924917281852787,0.25466711375443146)
(0.39037283164354974,0.2520449361677991)
(0.3882607970217786,0.24943464029824705)
(0.38615561157045725,0.24683620056251898)
(0.3840572617240217,0.24424959181481615)
(0.3819657331343837,0.24167478933142406)
(0.37988101070355695,0.239111768795632)
(0.377803078615401,0.2365605062829518)
(0.3757319203664952,0.2340209782466456)
(0.3736675187959202,0.23149316150354993)
(0.37160985611544284,0.2289770332203171)
(0.3695589139363631,0.22647257089965028)
(0.3675146732981733,0.22397975236732812)
(0.3654771146951587,0.22149855575928257)
(0.3634462181025606,0.21902895950909357)
(0.36142196300205814,0.216570942335835)
(0.35940432840641545,0.21412448323189076)
(0.35739329288446425,0.21168956145302845)
(0.35538883458376347,0.20926615650504335)
(0.35339093125430115,0.20685424813444264)
(0.35139956027093394,0.20445381631762327)
(0.34941469865543917,0.20206484125069785)
(0.3474363230980386,0.19968730333959034)
(0.34546440974531595,0.1973211828469781)
(0.3434989350912903,0.19496646125420494)
(0.3415398748012215,0.19262311922063088)
(0.3395872044480245,0.1902911378968346)
(0.3376408993713801,0.18797049859536763)
(0.3357009346956519,0.18566118278197458)
(0.3337672853472829,0.18336317206703817)
(0.3318399260716868,0.18107644819723892)
(0.32991883144965556,0.17880099304743752)
(0.3280039759132761,0.17653678861276384)
(0.3260953337613845,0.17428381700091533)
(0.3241928791745532,0.17204206042465864)
(0.3222965862296383,0.16981150119453317)
(0.32040642891387516,0.16759212171174448)
(0.31852238113855363,0.16538390446125734)
(0.3166444167522656,0.16318683200506842)
(0.31477250955375113,0.16100088697567036)
(0.31290663330432794,0.1588260520696901)
(0.3110467617399463,0.1566623100417109)
(0.3091928685828464,0.15450964369826106)
(0.30734492755284576,0.1523680358919768)
(0.3055029123782567,0.15023746951592565)
(0.3036667968064625,0.14811792749811392)
(0.3018365546141099,0.1460093927961121)
(0.30001215961699157,0.14391184839187818)
(0.2981935856795851,0.14182527728671873)
(0.29638080672424255,0.1397496624963788)
(0.29457379674011164,0.13768498704632787)
(0.29277252979169444,0.13563123396714055)
(0.2909769800271316,0.13358838629004377)
(0.2891871216861754,0.13155642704259282)
(0.2874029291078842,0.12953533924448923)
(0.2856243767380201,0.12752510590352148)
(0.283851439136188,0.12552571001164428)
(0.28208409098268383,0.1235371345411761)
(0.2803223070850972,0.12155936244112639)
(0.27856606238464504,0.1195923766336392)
(0.2768153319622624,0.11763616001056021)
(0.27507009104443825,0.11569069543011187)
(0.27333031500882793,0.11375596571369212)
(0.27159597938961083,0.11183195364277203)
(0.2698670598826419,0.1099186419559132)
(0.26814353235032806,0.10801601334584379)
(0.26642537282652573,0.1061240504568697)
(0.2647125575206483,0.104242735881822)
(0.26300506282233493,0.10237205215985191)
(0.26130286530535335,0.10051198177377016)
(0.2596059417314942,0.09866250714766488)
(0.2579142690543174,0.0968236106446528)
(0.2562278244226352,0.09499527456464447)
(0.2545465851838483,0.0931774811422347)
(0.2528705288870905,0.09137021254466)
(0.251199633286252,0.08957345086989264)
(0.2495338763427313,0.08778717814471593)
(0.2478732362281295,0.08601137632297988)
(0.24621769132672666,0.0842460272838829)
(0.2445672202378239,0.0824911128303434)
(0.24292180177792436,0.08074661468744311)
(0.24128141498277686,0.0790125145009459)
(0.2396460391092646,0.07728879383588357)
(0.2380156536371688,0.07557543417521534)
(0.23639023827078404,0.07387241691855219)
(0.2347697729404119,0.07217972338094832)
(0.23315423780371722,0.07049733479175588)
(0.23154361324696865,0.06882523229354368)
(0.22993787988615033,0.06716339694107662)
(0.2283370185679611,0.06551180970035318)
(0.22674101037069697,0.06387045144770565)
(0.2251498366050191,0.062239302968949375)
(0.22356347881462174,0.060618344958595874)
(0.22198191877678541,0.059007558019111894)
(0.22040513850283608,0.057406922660239224)
(0.2188331202384994,0.05581641929835541)
(0.21726584646416267,0.054236028255893944)
(0.21570329989504003,0.05266572976080555)
(0.21414546348124927,0.05110550394607267)
(0.21259232040780288,0.04955533084926386)
(0.2110438540945058,0.04801519041213819)
(0.20950004819578094,0.04648506248028871)
(0.20796088660040507,0.04496492680283145)
(0.20642635343117405,0.04345476303213005)
(0.20489643304449345,0.041954550723580133)
(0.20337111002988287,0.040464269335393536)
(0.20185036920942842,0.03898389822845946)
(0.2003341956371546,0.0375134166662231)
(0.1988225745983353,0.0360528038146027)
(0.19731549160873788,0.03460203874194336)
(0.1958129324138082,0.033161100419002394)
(0.19431488298779365,0.03172996771896937)
(0.1928213295328092,0.030308619417515694)
(0.19133225847784888,0.028897034192877438)
(0.18984765647774182,0.027495190625965022)
(0.18836751041205752,0.026103067200506667)
(0.18689180738395963,0.024720642303214458)
(0.18542053471901254,0.023347894223981706)
(0.18395367996394366,0.02198480115610447)
(0.18249123088535493,0.020631341196531195)
(0.18103317546839737,0.0192874923461338)
(0.1795795019154018,0.017953232510005784)
(0.1781301986444685,0.016628539497782063)
(0.17668525428801932,0.01531339102398259)
(0.17524465769131392,0.014007764708376242)
(0.17380839791093242,0.01271163807636614)
(0.17237646421321842,0.011424988559396504)
(0.1709488460726937,0.010147793495379493)
(0.16952553317044503,0.008880030129138296)
(0.16810651539247282,0.007621675612870856)
(0.16669178282802125,0.006372707006631961)
(0.16528132576786983,0.005133101278831033)
(0.16387513470261406,0.0039028353067465725)
(0.16247320032090543,0.0026818858770568076)
(0.1610755135076808,0.0014702296863870067)
(0.1596820653423643,0.00026784334186792923)
(0.1582928470970451,-0.0009252966382851382)
(0.15690785023464232,-0.002109213824187547)
(0.15552706640704456,-0.0032839318736807665)
(0.15415048745323776,-0.004449474531718125)
(0.15277810539741005,-0.005605865629738758)
(0.15140991244704355,-0.006753129085027338)
(0.1500459009909938,-0.007891288900066101)
(0.1486860635975522,-0.009020369161872793)
(0.14733039301249526,-0.010140394041330821)
(0.14597888215712387,-0.01125138779250776)
(0.14463152412628957,-0.012353374751965891)
(0.1432883121864134,-0.013446379338062546)
(0.141949239773492,-0.014530426050242516)
(0.14061430049109455,-0.015605539468322186)
(0.13928348810835836,-0.016671744251766523)
(0.13795679655796675,-0.01772906513895644)
(0.13663421993410446,-0.01877752694642414)
(0.13531575249053254,-0.019817154568215468)
(0.13400138863843913,-0.020847972975014596)
(0.132691122944357,-0.021870007213358526)
(0.13138495012831036,-0.022883282405041717)
(0.130082865061631,-0.023887823746220786)
(0.12878486276495085,-0.02488365650667382)
(0.12749093840614836,-0.025870806029020837)
(0.12620108729830468,-0.026849297727942985)
(0.12491530489765215,-0.027819157089393882)
(0.12363358680152287,-0.028780409669810336)
(0.122355928746307,-0.02973308109531953)
(0.12108232660539578,-0.03067719706093801)
(0.11981277638714358,-0.031612783329774866)
(0.11854727423281984,-0.03253986573222623)
(0.11728581641457012,-0.033458470165171325)
(0.11602839933337733,-0.03436862259116145)
(0.114775019517028,-0.03527034903761342)
(0.11352567361807947,-0.0361636755959929)
(0.11228035841183841,-0.037048628421005925)
(0.1110390707943351,-0.037925233729778074)
(0.10980180778031164,-0.03879351780104315)
(0.10856856650120734,-0.03965350697432058)
(0.10733934420315902,-0.040505227649101534)
(0.10611413824499984,-0.04134870628402712)
(0.10489294609626858,-0.04218396939606896)
(0.10367576533522765,-0.043011043559710145)
(0.10246259364688377,-0.043829955406125186)
(0.10125342882102084,-0.04464073162235914)
(0.10004826875023523,-0.045443398950508376)
(0.0988471114279896,-0.04623798418690033)
(0.09764995494666187,-0.04702451418127567)
(0.09645679749561473,-0.04780301583596938)
(0.0952676373592649,-0.048573516105092134)
(0.09408247291517138,-0.04933604199371382)
(0.09290130263212405,-0.05009062055705047)
(0.09172412506824697,-0.050837278899645115)
(0.09055093886911182,-0.051576044174557065)
(0.08938174276586174,-0.05230694358255057)
(0.08821653557334322,-0.053030004371283426)
(0.08705531618824813,-0.053745253834497415)
(0.08589808358727263,-0.05445271931121238)
(0.0847448368252814,-0.05515242818492049)
(0.08359557503348307,-0.05584440788278201)
(0.08245029741762068,-0.05652868587482489)
(0.08130900325617389,-0.05720528967314677)
(0.08017169189856553,-0.05787424683111523)
(0.079038362763391,-0.05853558494257393)
(0.07790901533664762,-0.05918933164104992)
(0.0767836491699898,-0.05983551459896555)
(0.07566226387898212,-0.06047416152684705)
(0.0745448591413782,-0.06110530017254382)
(0.07343143469539767,-0.06172895832044037)
(0.07232199033803298,-0.06234516379068391)
(0.07121652592335542,-0.06295394443840217)
(0.07011504136083162,-0.06355532815292886)
(0.06901753661367249,-0.06414934285703727)
(0.06792401169717195,-0.06473601650616578)
(0.06683446667707027,-0.06531537708765787)
(0.0657489016679332,-0.06588745261999486)
(0.0646673168315364,-0.06645227115204187)
(0.06358971237526719,-0.06700986076228656)
(0.06251608855054049,-0.06756024955809005)
(0.061446445651226006,-0.06810346567493406)
(0.06038078401208934,-0.06863953727567614)
(0.059319104007248706,-0.0691684925498073)
(0.058261406048639795,-0.06969035971270884)
(0.05720769058449877,-0.07020516700491616)
(0.05615795809786077,-0.07071294269139004)
(0.05511220910506448,-0.07121371506077966)
(0.05407044415427611,-0.0717075124247017)
(0.05303266382402763,-0.07219436311701373)
(0.05199886872176312,-0.07267429549309631)
(0.0509690594824031,-0.07314733792913468)
(0.04994323676692444,-0.07361351882141003)
(0.04892140126094771,-0.07407286658558648)
(0.04790355367334156,-0.07452540965600506)
(0.046889694734841565,-0.0749711764849854)
(0.045879825196682614,-0.07541019554212167)
(0.04487394582924596,-0.07584249531359488)
(0.043872057420712866,-0.07626810430147413)
(0.042874160775738454,-0.07668705102303043)
(0.041880256714144144,-0.07709936401005628)
(0.04089034606960937,-0.07750507180817943)
(0.039904429688388705,-0.07790420297619122)
(0.03892250842804046,-0.07829678608536864)
(0.03794458315616154,-0.07868284971880393)
(0.03697065474914715,-0.07906242247074367)
(0.036000724090954894,-0.0794355329459191)
(0.03503479207188552,-0.07980220975889196)
(0.034072859587379524,-0.08016248153339733)
(0.033114927536822596,-0.08051637690169064)
(0.03216099682236514,-0.08086392450389987)
(0.031211068347760884,-0.08120515298738226)
(0.030265143017211258,-0.08154009100608096)
(0.02932322173422492,-0.0818687672198871)
(0.02838530540049387,-0.08219121029400818)
(0.027451394914779412,-0.08250744889833639)
(0.026521491171813405,-0.08281751170682006)
(0.02559559506120818,-0.08312142739684271)
(0.024673707466385725,-0.08341922464860113)
(0.023755829263510997,-0.08371093214448888)
(0.022841961320454976,-0.08399657856848976)
(0.021932104495744436,-0.0842761926055541)
(0.02102625963755093,-0.08454980294100976)
(0.02012442758267323,-0.08481743825994856)
(0.019226609155544663,-0.08507912724663005)
(0.01833280516724598,-0.08533489858388944)
(0.017443016414535106,-0.08558478095254034)
(0.016557243678880566,-0.08582880303078974)
(0.015675487725522984,-0.08606699349365084)
(0.014797749302531839,-0.0862993810123641)
(0.013924029139890977,-0.08652599425381433)
(0.013054327948577239,-0.08674686187995946)
(0.012188646419672503,-0.08696201254725905)
(0.011326985223466556,-0.08717147490610035)
(0.010469345008593017,-0.0873752776002437)
(0.009615726401158355,-0.08757344926624805)
(0.008766130003892753,-0.08776601853292133)
(0.00792055639531464,-0.08795301402076385)
(0.007079006128899435,-0.08813446434141316)
(0.006241479732264459,-0.0883103980971007)
(0.005407977706366337,-0.08848084388009896)
(0.004578500524706076,-0.08864583027218444)
(0.0037530486325488945,-0.08880538584409976)
(0.0029316224461567305,-0.08895953915501134)
(0.002114222352020357,-0.08910831875198154)
(0.0013008487061279149,-0.08925175316943984)
(0.0004915018332110502,-0.08938987092865171)
(-0.0003138179739693141,-0.08952270053719723)
(-0.0011151104553422343,-0.08965027048844938)
(-0.001912375384223628,-0.08977260926106326)
(-0.0027056125680196986,-0.0898897453184495)
(-0.0034948218488962232,-0.0900017071082747)
(-0.004280003104462185,-0.09010852306194345)
(-0.005061156248420539,-0.09021022159410039)
(-0.005838281231223838,-0.0903068311021228)
(-0.00661137804070855,-0.09039837996562264)
(-0.007380446702734763,-0.09048489654595025)
(-0.008145487281790383,-0.09056640918569978)
(-0.008906499881611973,-0.09064294620821607)
(-0.009663484645775796,-0.09071453591711338)
(-0.010416441758292181,-0.09078120659578279)
(-0.011165371444177686,-0.09084298650690983)
(-0.011910273970029391,-0.09089990389200195)
(-0.012651149644578273,-0.09095198697090401)
(-0.013387998819245248,-0.09099926394132847)
(-0.014120821888670919,-0.09104176297838054)
(-0.01484961929125216,-0.09107951223409479)
(-0.015574391509661917,-0.09111253983695991)
(-0.01629513907135151,-0.09114087389146723)
(-0.01701186254906722,-0.09116454247763889)
(-0.017724562561326318,-0.09118357365057653)
(-0.018433239772907235,-0.09119799544000397)
(-0.019137894895323897,-0.09120783584981457)
(-0.01983852868728712,-0.09121312285761894)
(-0.02053514195516132,-0.09121388441429987)
(-0.021227735553409528,-0.09121014844356397)
(-0.021916310385030387,-0.09120194284150493)
(-0.022600867401991746,-0.09118929547615752)
(-0.02328140760564345,-0.09117223418705743)
(-0.02395793204713248,-0.09115078678482083)
(-0.024630441827807558,-0.0911249810506875)
(-0.025298938099608186,-0.09109484473611615)
(-0.025963422065452234,-0.09106040556233791)
(-0.026623894979617393,-0.09102169121994014)
(-0.027280358148101987,-0.09097872936843891)
(-0.027932812928995222,-0.09093154763585914)
(-0.028581260732822654,-0.09088017361832287)
(-0.029225703022893516,-0.0908246348796196)
(-0.02986614131563693,-0.09076495895080616)
(-0.03050257718093207,-0.09070117332978335)
(-0.03113501224242247,-0.09063330548089976)
(-0.03176344817784119,-0.09056138283453356)
(-0.03238788671930273,-0.09048543278669276)
(-0.033008329653607185,-0.09040548269861345)
(-0.033624778822534625,-0.09032155989635912)
(-0.03423723612311368,-0.09023369167041907)
(-0.0348457035079137,-0.09014190527531724)
(-0.035450182985296855,-0.09004622792921772)
(-0.03605067661968997,-0.08994668681353409)
(-0.03664718653182851,-0.08984330907253459)
(-0.037239714899008486,-0.08973612181296177)
(-0.0378282639553242,-0.08962515210364627)
(-0.038412835991895856,-0.08951042697512225)
(-0.03899343335709952,-0.08939197341924258)
(-0.039570058456779064,-0.08926981838881061)
(-0.04014271375446318,-0.08914398879718984)
(-0.040711401771562614,-0.08901451151794551)
(-0.04127612508757445,-0.08888141338445808)
(-0.04183688634026323,-0.08874472118956057)
(-0.04239368822585771,-0.08860446168516675)
(-0.04294653349921435,-0.08846066158190292)
(-0.043495424974000156,-0.08831334754875156)
(-0.04404036552284651,-0.08816254621267819)
(-0.044581358077517674,-0.0880082841582784)
(-0.04511840562905192,-0.08785058792741453)
(-0.04565151122791553,-0.08768948401886797)
(-0.046180677984140925,-0.08752499888796852)
(-0.04670590906745111,-0.0873571589462583)
(-0.047227207707397294,-0.087185990561131)
(-0.04774457719348029,-0.08701152005548621)
(-0.04825802087525161,-0.08683377370737841)
(-0.04876754216243867,-0.08665277774967889)
(-0.04927314452504266,-0.08646855836972647)
(-0.04977483149343087,-0.08628114170899287)
(-0.0502726066584375,-0.08609055386273108)
(-0.05076647367144301,-0.08589682087965116)
(-0.05125643624445403,-0.08569996876157489)
(-0.05174249815018626,-0.08550002346311025)
(-0.05222466322212818,-0.08529701089130327)
(-0.052702935354602944,-0.08509095690533111)
(-0.05317731850283247,-0.08488188731615331)
(-0.05364781668298724,-0.08466982788619312)
(-0.05411443397223324,-0.084454804329014)
(-0.054577174508781634,-0.08423684230899257)
(-0.05503604249191742,-0.08401596744099776)
(-0.05549104218203897,-0.08379220529007425)
(-0.055942177900678014,-0.08356558137111951)
(-0.05638945403052968,-0.08333612114857075)
(-0.05683287501546787,-0.08310385003609046)
(-0.057272445360549915,-0.08286879339625253)
(-0.057708169632038495,-0.08263097654023253)
(-0.05814005245738855,-0.08239042472749732)
(-0.05856809852526129,-0.08214716316549264)
(-0.05899231258550077,-0.08190121700935095)
(-0.059412699449137685,-0.08165261136157195)
(-0.059829263988359103,-0.08140137127172749)
(-0.0602420111365044,-0.08114752173615832)
(-0.06065094588802163,-0.08089108769768127)
(-0.061056073298451384,-0.08063209404528154)
(-0.06145739848438537,-0.08037056561382469)
(-0.06185492662343383,-0.08010652718376073)
(-0.06224866295417566,-0.07984000348082605)
(-0.06263861277611642,-0.0795710191757647)
(-0.06302478144963582,-0.07929959888402054)
(-0.06340717439592834,-0.07902576716547423)
(-0.06378579709694808,-0.07874954852413443)
(-0.06416065509534213,-0.07847096740786515)
(-0.06453175399438471,-0.07819004820810307)
(-0.0648990994579007,-0.07790681525957331)
(-0.06526269721019408,-0.07762129284001074)
(-0.0656225530359644,-0.07733350516988234)
(-0.06597867278022586,-0.07704347641211196)
(-0.06633106234821397,-0.07675123067180463)
(-0.0666797277053016,-0.07645679199597415)
(-0.06702467487689628,-0.07616018437327378)
(-0.06736590994834558,-0.075861431733718)
(-0.06770343906483325,-0.07556055794842995)
(-0.06803726843126648,-0.07525758682935645)
(-0.06836740431217564,-0.07495254212901897)
(-0.06869385303159378,-0.07464544754024047)
(-0.06901662097293886,-0.0743363266958869)
(-0.06933571457889733,-0.07402520316860757)
(-0.06965114035129351,-0.07371210047057401)
(-0.0699629048509701,-0.07339704205322596)
(-0.07027101469764613,-0.07308005130701553)
(-0.07057547656979027,-0.07276115156114822)
(-0.07087629720448235,-0.07244036608333985)
(-0.07117348339726548,-0.07211771807955869)
(-0.07146704200200951,-0.07179323069377692)
(-0.07175697993075782,-0.07146692700772468)
(-0.07204330415358251,-0.0711388300406454)
(-0.07232602169841901,-0.07080896274904677)
(-0.0726051396509233,-0.07047734802646319)
(-0.07288066515430007,-0.07014400870321107)
(-0.07315260540914156,-0.06980896754614806)
(-0.07342096767326875,-0.0694722472584399)
(-0.07368575926155195,-0.06913387047931821)
(-0.07394698754574723,-0.0687938597838473)
(-0.0742046599543111,-0.06845223768268924)
(-0.07445878397223532,-0.06810902662187795)
(-0.07470936714085268,-0.06776424898257892)
(-0.07495641705766597,-0.06741792708087056)
(-0.07519994137614706,-0.06707008316750547)
(-0.07543994780556612,-0.066720739427699)
(-0.07567644411078396,-0.06636991798089154)
(-0.07590943811206166,-0.06601764088052939)
(-0.07613893768486504,-0.06566393011384952)
(-0.07636495075967023,-0.06530880760165587)
(-0.07658748532174744,-0.06495229519809854)
(-0.07680654941096907,-0.06459441469046183)
(-0.07702215112159659,-0.06423518779894599)
(-0.07723429860206553,-0.0638746361764563)
(-0.07744300005478849,-0.06351278140839012)
(-0.07764826373591997,-0.06314964501242668)
(-0.07785009795515814,-0.06278524843831713)
(-0.07804851107550684,-0.06241961306767963)
(-0.07824351151307225,-0.06205276021379256)
(-0.07843510773682151,-0.06168471112138823)
(-0.07862330826836834,-0.061315486966455286)
(-0.07880812168174005,-0.06094510885603446)
(-0.0789895566031405,-0.06057359782801697)
(-0.0791676217107291,-0.06020097485095079)
(-0.07934232573437237,-0.05982726082384408)
(-0.0795136774554158,-0.05945247657596718)
(-0.07968168570643873,-0.05907664286666061)
(-0.07984635937101382,-0.0586997803851469)
(-0.0800077073834633,-0.0583219097503343)
(-0.08016573872861443,-0.057943051510633774)
(-0.08032046244154967,-0.0575632261437682)
(-0.08047188760735148,-0.057182454056589456)
(-0.08062002336086599,-0.056800755584893114)
(-0.08076487888642869,-0.05641815099323694)
(-0.08090646341762486,-0.05603466047475855)
(-0.08104478623702009,-0.05565030415099731)
(-0.08117985667591295,-0.05526510207172008)
(-0.08131168411406028,-0.05487907421473757)
(-0.08144027797942521,-0.054492240485736865)
(-0.08156564774790215,-0.05410462071810393)
(-0.08168780294305604,-0.053716234672755575)
(-0.08180675313585721,-0.0533271020379676)
(-0.08192250794440113,-0.05293724242920802)
(-0.08203507703364182,-0.052546675388967776)
(-0.08214447011512124,-0.052155420386598525)
(-0.08225069694668888,-0.051763496818148916)
(-0.08235376733222229,-0.05137092400620101)
(-0.08245369112136042,-0.05097772119971038)
(-0.08255047820921017,-0.05058390757384941)
(-0.0826441385360733,-0.050189502229845445)
(-0.08273468208715662,-0.04979452419483114)
(-0.08282211889229286,-0.049398992421686265)
(-0.08290645902565283,-0.04900292578888897)
(-0.08298771260545604,-0.04860634310035753)
(-0.0830658897936807,-0.04820926308531232)
(-0.08314100079577891,-0.04781170439811768)
(-0.08321305586037542,-0.047413685618140015)
(-0.08328206527898475,-0.04701522524960884)
(-0.08334803938570459,-0.04661634172146164)
(-0.08341098855693234,-0.0462170533872136)
(-0.08347092321105841,-0.04581737852481236)
(-0.08352785380816798,-0.04541733533650322)
(-0.08358179084975136,-0.045016941948688646)
(-0.08363274487838196,-0.044616216411798276)
(-0.08368072647744028,-0.04421517670014981)
(-0.08372574627078583,-0.04381384071182426)
(-0.08376781492246715,-0.04341222626852721)
(-0.08380694313641127,-0.04301035111547046)
(-0.0838431416561154,-0.042608232921235396)
(-0.08387642126433949,-0.042205889277658754)
(-0.08390679278279804,-0.04180333769969733)
(-0.08393426707184419,-0.041400595625310975)
(-0.08395885503016667,-0.04099768041534761)
(-0.0839805675944661,-0.04059460935341316)
(-0.08399941573915286,-0.04019139964576637)
(-0.08401541047602262,-0.03978806842119204)
(-0.08402856285394651,-0.039384632730899066)
(-0.08403888395854486,-0.03898110954839376)
(-0.08404638491188782,-0.038577515769385784)
(-0.08405107687215625,-0.03817386821166372)
(-0.08405297103333258,-0.03777018361499644)
(-0.08405207862488094,-0.0373664786410287)
(-0.0840484109114174,-0.03696276987316737)
(-0.08404197919240002,-0.03655907381649096)
(-0.08403279480179145,-0.03615540689763786)
(-0.084020869107746,-0.03575178546471724)
(-0.08400621351227731,-0.03534822578720138)
(-0.08398883945093828,-0.03494474405583715)
(-0.0839687583924914,-0.03454135638254941)
(-0.08394598183857514,-0.034138078800345556)
(-0.08392052132339582,-0.03373492726323319)
(-0.08389238841336968,-0.03333191764611492)
(-0.08386159470681902,-0.032929065744717864)
(-0.08382815183362617,-0.03252638727549675)
(-0.08379207145490981,-0.03212389787555227)
(-0.08375336526268985,-0.03172161310254663)
(-0.08371204497956031,-0.0313195484346297)
(-0.08366812235834503,-0.03091771927034812)
(-0.08362160918177443,-0.030516140928574038)
(-0.08357251726215335,-0.03011482864843172)
(-0.08352085844101167,-0.029713797589214365)
(-0.08346664458878486,-0.029313062830320067)
(-0.08340988760446238,-0.028912639371170234)
(-0.08335059941527173,-0.028512542131153312)
(-0.08328879197631792,-0.02811278594954435)
(-0.08322447727026983,-0.02771338558544702)
(-0.083157667306991,-0.02731435571772374)
(-0.08308837412323575,-0.026915710944936357)
(-0.08301660978228566,-0.026517465785280907)
(-0.08294238637361939,-0.02611963467653133)
(-0.08286571601257284,-0.025722231975980368)
(-0.08278661083999564,-0.025325271960383155)
(-0.08270508302191008,-0.024928768825901004)
(-0.08262114474917288,-0.024532736688050293)
(-0.0825348082371345,-0.024137189581651685)
(-0.08244608572529012,-0.023742141460777463)
(-0.08235498947694249,-0.02334760619870543)
(-0.0822615317788608,-0.022953597587872188)
(-0.08216572494093471,-0.022560129339829427)
(-0.0820675812958296,-0.02216721508519828)
(-0.08196711319864433,-0.021774868373629477)
(-0.08186433302657145,-0.021383102673764365)
(-0.0817592531785454,-0.020991931373195917)
(-0.08165188607490066,-0.020601367778431297)
(-0.08154224415703672,-0.0202114251148583)
(-0.08143033988705155,-0.01982211652671144)
(-0.08131618574742053,-0.01943345507704407)
(-0.08119979424063385,-0.019045453747692117)
(-0.08108117788885849,-0.018658125439250967)
(-0.08096034923358934,-0.018271482971047973)
(-0.08083732083530844,-0.01788553908111705)
(-0.080712105273132,-0.017500306426175376)
(-0.08058471514446716,-0.017115797581602005)
(-0.08045516306466724,-0.016732025041418883)
(-0.08032346166668755,-0.01634900121827385)
(-0.08018962360072865,-0.01596673844342021)
(-0.08005366153389638,-0.015585248966704195)
(-0.0799155881498651,-0.015204544956553866)
(-0.0797754161485071,-0.014824638499966411)
(-0.07963315824556814,-0.014445541602495691)
(-0.07948882717230948,-0.014067266188246543)
(-0.07934243567516758,-0.013689824099868875)
(-0.07919399651539642,-0.013313227098551395)
(-0.07904352246873299,-0.012937486864018811)
(-0.0788910263250423,-0.012562614994531651)
(-0.07873652088797321,-0.01218862300688395)
(-0.07858001897461174,-0.011815522336407033)
(-0.07842153341513593,-0.01144332433697313)
(-0.07826107705246399,-0.011072040280998976)
(-0.07809866274191486,-0.010701681359454386)
(-0.07793430335085652,-0.010332258681869473)
(-0.07776801175836019,-0.009963783276345369)
(-0.0775998008548552,-0.009596266089565266)
(-0.07742968354178606,-0.009229717986810078)
(-0.07725767273125549,-0.008864149751969554)
(-0.07708378134569584,-0.008499572087563682)
(-0.07690802231750389,-0.00813599561475709)
(-0.07673040858871,-0.007773430873381554)
(-0.07655095311063195,-0.007411888321957516)
(-0.07636966884351577,-0.00705137833771562)
(-0.07618656875620766,-0.006691911216623478)
(-0.0760016658258012,-0.00633349717341249)
(-0.07581497303729293,-0.005976146341603963)
(-0.07562650338323809,-0.005619868773541725)
(-0.07543626986341112,-0.005264674440422443)
(-0.07524428548445454,-0.004910573232327707)
(-0.07505056325954022,-0.004557574958260643)
(-0.07485511620802777,-0.004205689346182074)
(-0.07465795735511739,-0.0038549260430477887)
(-0.07445909973150902,-0.0035052946148491884)
(-0.07425855637306096,-0.0031568045466541816)
(-0.07405634032044289,-0.0028094652426495755)
(-0.07385246461880708,-0.0024632860261874735)
(-0.07364694231743292,-0.0021182761398297863)
(-0.07343978646939042,-0.0017744447453972559)
(-0.07323101013120661,-0.0014318009240178462)
(-0.07302062636251386,-0.0010903536761790388)
(-0.0728086482257208,-0.0007501119217797109)
(-0.07259508878566538,-0.0004110845001857681)
(-0.07237996110928124,-0.0000732801702835035)
(-0.07216327826525562,0.00026329238945976927)
(-0.07194505332369362,0.0005986245809383841)
(-0.07172529935577693,0.0009327078863467431)
(-0.07150402943343215,0.0012655338681177106)
(-0.07128125662899025,0.0015970941688580617)
(-0.07105699401485209,0.0019273805112822522)
(-0.07083125466315182,0.0022563846981467463)
(-0.07060405164542129,0.0025840986121798554)
(-0.07037539803225758,0.002910514216012043)
(-0.07014530689298278,0.0032356235521033795)
(-0.06991379129532158,0.0035594187426710878)
(-0.0696808643050551,0.003881891989613151)
(-0.0694465389856957,0.0042030355744319655)
(-0.06921082839815912,0.004522841858156822)
(-0.06897374560041848,0.004841303281262346)
(-0.06873530364718881,0.005158412363588989)
(-0.06849551558958844,0.00547416170425844)
(-0.06825439447481194,0.005788543981590187)
(-0.06801195334579842,0.00610155195301432)
(-0.06776820524090915,0.0064131784549843526)
(-0.06752316319358709,0.0067234164028880175)
(-0.06727684023204566,0.007032258790956292)
(-0.06702924937893075,0.007339698692170953)
(-0.06678040365100096,0.0076457292581706545)
(-0.06653031605879521,0.00795034371915561)
(-0.06627899960631647,0.00825353538379024)
(-0.06602646729070473,0.008555297639105255)
(-0.06577273210190675,0.008855623950396706)
(-0.06551780702236479,0.009154507861124143)
(-0.0652617050266875,0.009451942992809463)
(-0.06500443908133105,0.00974792304492953)
(-0.0647460221442796,0.010042441794812321)
(-0.0644864671647229,0.010335493097527211)
(-0.06422578708273748,0.010627070885777277)
(-0.06396399482897282,0.010917169169787742)
(-0.0637011033243258,0.011205782037193518)
(-0.06343712547963523,0.011492903652926439)
(-0.06317207419535349,0.011778528259098574)
(-0.06290596236124138,0.012062650174887852)
(-0.06263880285604659,0.012345263796416345)
(-0.06237060854719582,0.012626363596633551)
(-0.06210139229047772,0.012905944125193495)
(-0.061831166929734636,0.013184000008333828)
(-0.06155994529654721,0.013460525948749004)
(-0.061287740209926986,0.013735516725466418)
(-0.06101456447600668,0.014008967193719319)
(-0.06074043088772808,0.014280872284816785)
(-0.060465352224544806,0.014551227006017152)
(-0.06018934125210078,0.014820026440391557)
(-0.05991241072193407,0.015087265746695153)
(-0.059634573371168516,0.015352940159229793)
(-0.05935584192220769,0.01561704498771064)
(-0.05907622908244122,0.015879575617128314)
(-0.058795747543926094,0.016140527507608384)
(-0.0585144099830996,0.0163998961942732)
(-0.058232229060471624,0.016657677287100704)
(-0.05794921742032207,0.01691386647077738)
(-0.05766538769041494,0.01716845950456175)
(-0.05738075248168234,0.01742145222212904)
(-0.05709532438794568,0.01767284053143305)
(-0.05680911598560288,0.017922620414549277)
(-0.05652213983335064,0.018170787927532572)
(-0.056234408471873464,0.01841733920026027)
(-0.05594593442356333,0.0186622704362813)
(-0.05565673019222246,0.018905577912662543)
(-0.0553668082627708,0.019147257979832796)
(-0.05507618110096054,0.01938730706142648)
(-0.054784861153080594,0.019625721654122727)
(-0.054492860845679475,0.019862498327491887)
(-0.05420019258526487,0.020097633723826426)
(-0.053906868758026714,0.020331124557985806)
(-0.05361290172954779,0.020562967617227063)
(-0.053318303844525315,0.02079315976104599)
(-0.05302308742648243,0.02102169792100455)
(-0.05272726477748733,0.021248579100566836)
(-0.052430848177875425,0.0214738003749296)
(-0.05213384988596771,0.021697358890851764)
(-0.05183628213779513,0.02191925186648429)
(-0.05153815714681105,0.0221394765911912)
(-0.05123948710362923,0.022358030425384565)
(-0.05094028417573692,0.02257491080034106)
(-0.05064056050722999,0.022790115218031003)
(-0.050340328218530205,0.023003641250935295)
(-0.05003959940612151,0.023215486541870355)
(-0.04973838614227405,0.02342564880380393)
(-0.0494367004747778,0.023634125819676728)
(-0.04913455442667043,0.023840915442216355)
(-0.04883195999597003,0.024046015593751694)
(-0.0485289291554169,0.024249424266033902)
(-0.04822547385219607,0.024451139520041403)
(-0.047921606007680195,0.024651159485796048)
(-0.047617337517169116,0.024849482362175074)
(-0.047312680249621306,0.025046106416715248)
(-0.047007646047394484,0.025241029985426194)
(-0.046702246725999784,0.02543425147259587)
(-0.04639649407381817,0.02562576935059473)
(-0.04609039985186908,0.025815582159680692)
(-0.045783975793537,0.026003688507805562)
(-0.045477233604328066,0.02619008707041212)
(-0.0451701849616076,0.02637477659023889)
(-0.04486284151435719,0.026557755877119792)
(-0.04455521488291298,0.026739023807779226)
(-0.044247316658733146,0.026918579325635506)
(-0.043939158404126294,0.02709642144059075)
(-0.04363075165202449,0.027272549228830212)
(-0.04332210790572668,0.02744696183261377)
(-0.0430132386386577,0.02761965846007444)
(-0.042704155294125065,0.02779063838499935)
(-0.04239486928507383,0.027959900946632494)
(-0.04208539199384939,0.028127445549455267)
(-0.04177573477195256,0.028293271662977255)
(-0.04146590893981019,0.02845737882152805)
(-0.041155925786527665,0.028619766624035453)
(-0.040845796569663556,0.028780434733818562)
(-0.040535532514984436,0.028939382878364468)
(-0.040225144816240045,0.02909661084911749)
(-0.03991464463492959,0.0292521185012566)
(-0.0396040431000642,0.029405905753477044)
(-0.039293351307949656,0.029557972587771496)
(-0.03898258032195031,0.029708319049209453)
(-0.038671741172262866,0.029856945245710722)
(-0.03836084485569683,0.030003851347826568)
(-0.03804990233543984,0.030149037588512416)
(-0.037738924540846194,0.030292504262901736)
(-0.03742792236720801,0.030434251728084033)
(-0.03711690667554332,0.030574280402870697)
(-0.036805888292362386,0.030712590767573805)
(-0.036494878009471377,0.03084918336376962)
(-0.03618388658373787,0.030984058794071935)
(-0.0358729247368871,0.031117217721900372)
(-0.03556200315528479,0.031248660871247513)
(-0.03525113248972137,0.03137838902644574)
(-0.03494032335521589,0.03150640303193102)
(-0.0346295863307884,0.031632703792009435)
(-0.034318931959265185,0.031757292270620095)
(-0.03400837074706685,0.03188016949109804)
(-0.03369791316400575,0.032001336535937557)
(-0.033387569643080664,0.03212079454654865)
(-0.033077350580279205,0.03223854472302445)
(-0.03276726633436442,0.032354588323888725)
(-0.03245732722669571,0.03246892666586871)
(-0.03214754354101484,0.03258156112363982)
(-0.03183792552324969,0.03269249312958552)
(-0.031528483381332364,0.03280172417355888)
(-0.031219227284989857,0.032909255802629656)
(-0.030910167365563127,0.03301508962083995)
(-0.030601313715811183,0.03311922728896009)
(-0.030292676389721045,0.033221670524234866)
(-0.02998426540232357,0.033322421100141386)
(-0.02967609072949959,0.03342148084613397)
(-0.02936816230780957,0.033518851647397346)
(-0.029060490034288827,0.03361453544459425)
(-0.02875308376628542,0.0337085342336101)
(-0.028445953321265195,0.03380085006530314)
(-0.02813910847664086,0.033891485045253376)
(-0.027832558969591546,0.03398044133350152)
(-0.027526314496883333,0.03406772114429867)
(-0.027220384714699855,0.03415332674584905)
(-0.026914779238464036,0.03423726046004721)
(-0.026609507642670373,0.03431952466223699)
(-0.02630457946071003,0.03440012178092781)
(-0.02600000418470559,0.03447905429756213)
(-0.025695791265338174,0.034556324746232346)
(-0.025391950111691073,0.034631935713440976)
(-0.02508849009107227,0.03470588983781747)
(-0.024785420528861644,0.03477818980987889)
(-0.024482750708345064,0.03484883837174932)
(-0.024180489870553584,0.03491783831690301)
(-0.023878647214107245,0.0349851924899055)
(-0.023577231895056887,0.035050903786137226)
(-0.02327625302672465,0.035114975151537726)
(-0.02297571967955936,0.035177409582333216)
(-0.022675640880966724,0.035238210124771505)
(-0.022376025615182225,0.035297379874864074)
(-0.022076882823097582,0.03535492197809818)
(-0.02177822140213089,0.03541083962918438)
(-0.02148005020606496,0.035465136071779285)
(-0.02118237804491347,0.035517814598222126)
(-0.020885213684772422,0.035568878549253835)
(-0.02058856584767901,0.03561833131375938)
(-0.020292443211467923,0.035666176328476504)
(-0.01999685440963658,0.03571241707774604)
(-0.019701808031208776,0.03575705709322442)
(-0.019407312620587956,0.03580009995360952)
(-0.01911337667743917,0.03584154928437503)
(-0.018820008656539412,0.035881408757488034)
(-0.018527216967659157,0.03591968209113789)
(-0.018235009975421657,0.035956373049458916)
(-0.017943395999182404,0.03599148544225218)
(-0.017652383312899433,0.03602502312471237)
(-0.01736198014500909,0.036056989997147015)
(-0.017072194678298746,0.03608739000470127)
(-0.016783035049786347,0.036116227137079716)
(-0.01649450935060051,0.036143505428259615)
(-0.016206625625860817,0.03616922895622363)
(-0.015919391874559728,0.03619340184267028)
(-0.01563281604944663,0.036216028252740826)
(-0.015346906056909582,0.03623711239472762)
(-0.015061669756868288,0.036256658519807805)
(-0.014777114962660763,0.03627467092175045)
(-0.01449324944093008,0.0362911539366366)
(-0.01421008091151831,0.036306111942577345)
(-0.01392761704735683,0.036319549359432345)
(-0.013645865474367257,0.03633147064852248)
(-0.013364833771350853,0.03634188031235271)
(-0.013084529469887186,0.036350782894317556)
(-0.012804960054236186,0.03635818297842638)
(-0.012526132961241172,0.03636408518901626)
(-0.012248055580221951,0.0363684941904586)
(-0.01197073525288511,0.036371414686883846)
(-0.0116941792732293,0.03637285142188583)
(-0.011418394887454717,0.03637280917825042)
(-0.01114338929386058,0.036371292777648695)
(-0.010869169642769688,0.03636830708036152)
(-0.010595743036425175,0.03636385698499103)
(-0.010323116528923612,0.03635794742817357)
(-0.010051297126101422,0.036350583384287385)
(-0.009780291785479036,0.03634176986516861)
(-0.00951010741616361,0.03633151191981915)
(-0.009240750878768696,0.03631981463411886)
(-0.008972228985339383,0.036306683130537996)
(-0.008704548499273585,0.036292122567843366)
(-0.008437716135246928,0.03627613814081656)
(-0.008171738559130063,0.036258735079950775)
(-0.007906622387931777,0.036239918651178114)
(-0.007642374189709487,0.036219694155560714)
(-0.007379000483517243,0.036198066929011924)
(-0.007116507739315311,0.036175042342004554)
(-0.006854902377928391,0.0361506257992694)
(-0.006594190770962966,0.036124822739522104)
(-0.006334379240750379,0.03609763863515267)
(-0.006075474060279333,0.03606907899194541)
(-0.005817481453144698,0.036039149348780414)
(-0.0055604075934785726,0.03600785527735)
(-0.005304258605902818,0.035975202381857314)
(-0.0050490405654564086,0.035941196298726746)
(-0.004794759497564912,0.035905842696310725)
(-0.0045414213779672126,0.03586914727460428)
(-0.004289032132672708,0.035831115764942315)
(-0.004037597637909376,0.03579175392971046)
(-0.003787123720080822,0.03575106756205129)
(-0.0035376161557089656,0.03570906248557298)
(-0.0032890806713995954,0.03566574455405671)
(-0.003041522943795961,0.03562111965115752)
(-0.0027949485995276543,0.03557519369011815)
(-0.002549363215182929,0.0355279726134687)
(-0.0023047723172628224,0.03547946239273888)
(-0.0020611813821451983,0.03542966902816085)
(-0.0018185958360448964,0.035378598548377375)
(-0.0015770210549867745,0.035326257010145544)
(-0.0013364623647663782,0.03527265049804501)
(-0.0010969250409229919,0.035217785124184914)
(-0.0008584143087022523,0.03516166702790762)
(-0.0006209353430365421,0.035104302375494126)
(-0.0003844932685164191,0.035045697359879606)
(-0.00014909315935980147,0.034985858200340156)
(0.00008525996060599905,0.0349247911422215)
(0.0003185611179718838,0.03486250245662921)
(0.0005508053897628182,0.034798998440142594)
(0.0007819879034583149,0.03473428541451531)
(0.001012103837013522,0.03466836972638947)
(0.0012411484188706928,0.03460125774699507)
(0.001469116927979219,0.0345329558718591)
(0.001696004693801216,0.034463470520508445)
(0.0019218070963326667,0.034392808136187406)
(0.0021465195661093954,0.03432097518555026)
(0.00237013758421272,0.03424797815837767)
(0.0025926566822793177,0.034173823567277925)
(0.002814072442510935,0.034098517947398425)
(0.003034380497671618,0.034022067856129386)
(0.0032535765310969344,0.033944479872812766)
(0.003471656276688981,0.033865760598450784)
(0.003688615518922108,0.033785916655408345)
(0.0039044500928395536,0.03370495468712524)
(0.004119155884046546,0.03362288135782362)
(0.004332728828709593,0.03353970335221491)
(0.004545164913551919,0.03345542737520871)
(0.00475646017584122,0.03337006015161762)
(0.004966610703384303,0.033283608425873294)
(0.0051756126345132904,0.033196078961723545)
(0.005383462158078357,0.03310747854195612)
(0.0055901555134276314,0.033017813968091704)
(0.005795688990403835,0.032927092060108375)
(0.006000058929311665,0.03283531965613843)
(0.006203261720914871,0.032742503612187834)
(0.006405293806408305,0.03264865080183962)
(0.006606151677399894,0.03255376811596795)
(0.00680583187589262,0.03245786246244274)
(0.007004330994250791,0.03236094076585301)
(0.007201645675185949,0.032263009967206824)
(0.007397772611723336,0.03216407702364107)
(0.007592708547176304,0.03206414890814356)
(0.007786450275121314,0.03196323260925473)
(0.00797899463935489,0.03186133513078733)
(0.00817033853387937,0.03175846349153566)
(0.008360478902851557,0.031654624724985175)
(0.008549412740562846,0.03154982587903429)
(0.008737137091389274,0.0314440740156985)
(0.008923649049766313,0.03133737621083047)
(0.009108945760137679,0.031229739553827983)
(0.009293024416924325,0.03112117114735798)
(0.009475882264480515,0.031011678107063703)
(0.009657516597047708,0.030901267561280237)
(0.009837924758707383,0.030789946650755448)
(0.01001710414334171,0.03067772252835896)
(0.010195052194584912,0.03056460235880837)
(0.01037176640576553,0.030450593318370196)
(0.010547244319868343,0.03033570259459454)
(0.010721483529473129,0.030219937386025925)
(0.010894481676710996,0.030103304901912608)
(0.01106623645319753,0.029985812361937935)
(0.011236745599989514,0.029867466995932748)
(0.011406006907521337,0.02974827604359845)
(0.011574018215542764,0.029628246754220555)
(0.01174077741307134,0.029507386386395936)
(0.011906282438317392,0.029385702207746608)
(0.0120705312786298,0.029263201494646354)
(0.01223352197042944,0.029139891531941305)
(0.012395252599148816,0.02901577961267275)
(0.012555721299156088,0.028890873037792756)
(0.012714926253693202,0.028765179115896274)
(0.012872865694808925,0.02863870516294114)
(0.013029537903283279,0.028511458501972387)
(0.013184941208557644,0.028383446462845123)
(0.013339073988661744,0.028254676381952816)
(0.013491934670141481,0.028125155601948358)
(0.01364352172797929,0.027994891471478697)
(0.013793833685517993,0.027863891344903174)
(0.013942869114385043,0.027732162582019344)
(0.01409062663441285,0.027599712547803714)
(0.01423710491355232,0.02746654861212617)
(0.014382302667797473,0.027332678149487023)
(0.014526218661097877,0.027198108538740332)
(0.01466885170527716,0.027062847162834133)
(0.014810200659943536,0.026926901408528485)
(0.014950264432406199,0.02679027866613725)
(0.015089041977581388,0.02665298632925352)
(0.015226532297912428,0.02651503179448721)
(0.015362734443264726,0.0263764224611944)
(0.01549764751084846,0.026237165731209926)
(0.015631270645111557,0.02609726900858629)
(0.015763603037659096,0.02595673969932849)
(0.015894643927144073,0.0258155852111267)
(0.01602439259917743,0.025673812953090496)
(0.016152848386229095,0.0255314303354954)
(0.016280010667528388,0.02538844476950688)
(0.016405878868959375,0.02524486366692973)
(0.016530452462967162,0.025100694439946194)
(0.01665373096844477,0.02495594450084644)
(0.01677571395063999,0.02481062126178415)
(0.016896401021033708,0.024664732134497023)
(0.017015791837252593,0.024518284530070693)
(0.01713388610294788,0.02437128585866518)
(0.017250683567689738,0.02422374352926383)
(0.017366184026857967,0.024075664949420192)
(0.017480387321532172,0.023927057524995403)
(0.01759329333837395,0.023777928659909773)
(0.01770490200951772,0.023628285755885797)
(0.01781521331245622,0.02347813621219583)
(0.017924227269920795,0.023327487425408636)
(0.0180319439497676,0.023176346789141197)
(0.01813836346485685,0.023024721693802243)
(0.01824348597293823,0.022872619526344607)
(0.018347311676524838,0.022720047670019162)
(0.018449840822771086,0.022567013504118348)
(0.018551073703360114,0.0224135244037412)
(0.018651010654364808,0.022259587739526354)
(0.018749652056137496,0.02210521087743106)
(0.018846998333172018,0.021950401178461285)
(0.018943049953983812,0.021795165998441005)
(0.019037807430984495,0.021639512687769737)
(0.019131271320339715,0.02148344859116844)
(0.01922344222185449,0.021326981047449303)
(0.019314320778830288,0.021170117389263644)
(0.019403907677939477,0.021012864942870198)
(0.019492203649089813,0.02085523102789111)
(0.019579209465288624,0.020697222957074317)
(0.01966492594250811,0.02053884803605163)
(0.019749353939549828,0.020380113563107382)
(0.019832494357906714,0.020221026828938487)
(0.019914348141622535,0.020061595116419244)
(0.019994916277156886,0.01990182570036824)
(0.02007419979323839,0.01974172584731256)
(0.020152199760726894,0.019581302815256232)
(0.020228917292474845,0.019420563853449566)
(0.020304353543172667,0.019259516202153222)
(0.02037850970921413,0.019098167092412736)
(0.02045138702854885,0.018936523745828774)
(0.020522986780529495,0.018774593374324144)
(0.020593310285774935,0.018612383179924006)
(0.020662358906011404,0.01844990035452115)
(0.020730134043929083,0.018287152079656335)
(0.02079663714303168,0.018124145526291317)
(0.020861869687481854,0.01796088785458062)
(0.020925833201951894,0.017797386213659686)
(0.02098852925147159,0.01763364774141346)
(0.021049959441266797,0.017469679564254072)
(0.02111012541661419,0.017305488796909952)
(0.021169028862684562,0.017141082542202816)
(0.021226671504371734,0.016976467890820347)
(0.021283055106154466,0.01681165192111283)
(0.021338181471925757,0.016646641698869737)
(0.021392052444838116,0.01648144427710495)
(0.021444669907139904,0.016316066695844133)
(0.021496035780016003,0.016150515981906657)
(0.021546152023428355,0.015984799148703075)
(0.021595020635947544,0.015818923196012732)
(0.021642643654591766,0.015652895109778752)
(0.021689023154662368,0.015486721861897491)
(0.021734161249578447,0.0153204104100127)
(0.021778060090712675,0.015153967697306689)
(0.021820721867217452,0.014987400652291014)
(0.021862148805862673,0.014820716188603714)
(0.021902343170868203,0.014653921204807078)
(0.0219413072637272,0.014487022584179653)
(0.021979043423040447,0.014320027194514437)
(0.02201555402434908,0.014152941887923832)
(0.022050841479952756,0.013985773500630896)
(0.022084908238749725,0.013818528852779725)
(0.022117756786046962,0.013651214748224096)
(0.022149389643400443,0.013483837974342184)
(0.022179809368433983,0.013316405301835497)
(0.0222090185546648,0.01314892348453627)
(0.02223701983132272,0.012981399259207401)
(0.02226381586318069,0.01281383934535839)
(0.022289409350367353,0.012646250445044624)
(0.022313803028200355,0.012478639242684893)
(0.022336999666991302,0.012311012404863196)
(0.02235900207188228,0.012143376580148779)
(0.02237981308265035,0.011975738398900997)
(0.022399435573535312,0.011808104473085421)
(0.022417872453056247,0.01164048139609388)
(0.022435126663821955,0.01147287574254866)
(0.02245120118235696,0.01130529406813061)
(0.022466099018906806,0.01113774290938819)
(0.02247982321726552,0.010970228783564287)
(0.022492376854576526,0.01080275818840892)
(0.022503763041157494,0.01063533760200573)
(0.02251398492030544,0.010467973482590886)
(0.02252304566811433,0.01030067226837831)
(0.022530948493282275,0.01013344037738232)
(0.022537696636929266,0.00996628420724693)
(0.02254329337239997,0.009799210135066625)
(0.022547742005080813,0.009632224517220471)
(0.02255104587220092,0.009465333689195039)
(0.022553208342651756,0.009298543965420628)
(0.022554232816784647,0.009131861639096713)
(0.022554122726223168,0.00896529298202677)
(0.022552881533673165,0.008798844244454098)
(0.022550512732723644,0.008632521654891773)
(0.022547019847653425,0.008466331419960855)
(0.022542406433240986,0.008300279724228426)
(0.022536676074563482,0.008134372730042588)
(0.022529832386802336,0.007968616577372467)
(0.022521879015051916,0.00780301738365178)
(0.02251281963411562,0.007637581243615843)
(0.022502657948311352,0.007472314229145638)
(0.022491397691278232,0.007307222389114696)
(0.022479042625766103,0.007142311749227168)
(0.02246559654345043,0.006977588311871599)
(0.022451063264723226,0.006813058055961841)
(0.022435446638500355,0.006648726936791312)
(0.02241875054201364,0.006484600885876212)
(0.022400978880614774,0.0063206858108119665)
(0.022382135587572297,0.006156987595120559)
(0.022362224623873914,0.005993512098107966)
(0.022341249978017393,0.005830265154715669)
(0.02231921566581163,0.005667252575374962)
(0.022296125730175708,0.0055044801458688265)
(0.022271984240929386,0.005341953627181785)
(0.022246795294595546,0.0051796787553674995)
(0.02222056301419232,0.005017661241402715)
(0.022193291549028504,0.004855906771050785)
(0.022164985074497132,0.004694421004724741)
(0.022135647791874505,0.004533209577350687)
(0.02210528392811076,0.004372278098232735)
(0.022073897735621396,0.004211632150917701)
(0.022041493492088407,0.0040512772930660695)
(0.0220080755002397,0.003891219056315781)
(0.021973648087660617,0.003731462946157576)
(0.02193821560656547,0.0035720144417984464)
(0.021901782433605545,0.003412878996043046)
(0.02186435296965238,0.003254062035159579)
(0.021825931639590998,0.003095568958756614)
(0.021786522892113,0.0029374051396605003)
(0.02174613119950002,0.0027795759237904207)
(0.0217047610574254,0.0026220866300392222)
(0.021662416984730076,0.002464942550146479)
(0.02161910352322901,0.0023081489485881836)
(0.021574825237482533,0.002151711062451923)
(0.021529586714598987,0.0019956341013219214)
(0.021483392564018728,0.0018399232471630576)
(0.021436247417300817,0.0016845836542072863)
(0.02138815592791374,0.001529620448839833)
(0.02133912277102399,0.0013750387294861703)
(0.021289152643281288,0.0012208435665025065)
(0.021238250262608588,0.001067040002065289)
(0.021186420367987922,0.0009136330500637336)
(0.021133667719247143,0.000760627695991209)
(0.021079997096849892,0.0006080288968405084)
(0.021025413301679223,0.00045584158099847466)
(0.020969921154820822,0.00030407064814299114)
(0.0209135254973581,0.00015272096914108963)
(0.020856231190152914,1.7973859452298308e-6)
(0.02079804311362964,-0.0001486952885030521)
(0.020738966167563332,-0.0002987522703734163)
(0.020679005270868158,-0.00044836880504474586)
(0.02061816536137625,-0.0005975401671990077)
(0.020556451395629654,-0.000746261660919899)
(0.020493868348656952,-0.0008945286197806699)
(0.02043042121377058,-0.0010423364069454498)
(0.020366115002339535,-0.0011896804152499569)
(0.020300954743579576,-0.0013365560673000985)
(0.02023494548433806,-0.0014829588155563134)
(0.020168092288878742,-0.0016288841424221745)
(0.020100400238663968,-0.0017743275603313681)
(0.02003187443213795,-0.0019192846118304345)
(0.01996251998451705,-0.002063750869666855)
(0.01989234202756551,-0.0022077219368668694)
(0.019821345709386318,-0.002351193446820743)
(0.01974953619420228,-0.002494161063359939)
(0.019676918662140164,-0.0026366204808389968)
(0.019603498309011397,-0.002778567424209023)
(0.019529280346103985,-0.0029199976490996847)
(0.019454269999956607,-0.003060906941888463)
(0.01937847251215001,-0.0032012911197804124)
(0.01930189313908503,-0.0033411460308768164)
(0.019224537151771505,-0.0034804675542481067)
(0.019146409835606434,-0.0036192516000040325)
(0.019067516490161262,-0.0037574941093630417)
(0.01898786242896461,-0.0038951910547201252)
(0.018907452979285137,-0.004032338439711986)
(0.01882629348191627,-0.004168932299285077)
(0.01874438929095912,-0.0043049686997579445)
(0.018661745773606974,-0.004440443738884298)
(0.018578368309928574,-0.0045753535459151975)
(0.018494262292647303,-0.004709694281656855)
(0.018409433126939555,-0.004843462138538589)
(0.01832388623019648,-0.0049766533406568735)
(0.018237627031826034,-0.005109264143844288)
(0.018150660973031963,-0.005241290835719912)
(0.018062993506593697,-0.0053727297357448935)
(0.017974630096654412,-0.005503577195273659)
(0.017885576218502754,-0.005633829597607362)
(0.01779583735836311,-0.005763483358046874)
(0.017705419013168508,-0.0058925349239357955)
(0.017614326690359363,-0.006020980774716862)
(0.017522565907656388,-0.006148817421972524)
(0.01743014219284995,-0.0062760414094729655)
(0.01733706108358704,-0.006402649313222183)
(0.01724332812715287,-0.00652863774149897)
(0.017148948880255893,-0.006654003334900263)
(0.01705392890881901,-0.006778742766384569)
(0.0169582737877525,-0.006902852741303416)
(0.016861989100756203,-0.007026329997452056)
(0.016765080440092246,-0.007149171305097742)
(0.016667553406374342,-0.007271373467016979)
(0.016569413608358084,-0.007392933318534598)
(0.01647066666272031,-0.007513847727552493)
(0.01637131819385497,-0.007634113594587996)
(0.01627137383364741,-0.0077537278527972636)
(0.016170839221273877,-0.007872687468013577)
(0.01606972000298069,-0.007990989438771695)
(0.015968021831874638,-0.008108630796336632)
(0.015865750367706734,-0.00822560860472745)
(0.015762911276666,-0.00834191996074796)
(0.01565951023116666,-0.008457561994009906)
(0.01555555290962766,-0.008572531866949035)
(0.015451044996271618,-0.008686826774855029)
(0.015345992180911708,-0.008800443945889915)
(0.0152404001587351,-0.00891338064110456)
(0.015134274630098442,-0.009025634154461008)
(0.015027621300309836,-0.009137201812842137)
(0.014920445879434295,-0.00924808097608295)
(0.014812754082060025,-0.00935826903696362)
(0.014704551627115236,-0.009467763421245114)
(0.014595844237635294,-0.009576561587662798)
(0.014486637640569141,-0.00968466102794771)
(0.014376937566566937,-0.009792059266840389)
(0.01426674974976718,-0.00989875386208466)
(0.014156079927596737,-0.010004742404453246)
(0.014044933840551766,-0.0101100225177385)
(0.013933317232006515,-0.01021459185877133)
(0.01382123584798723,-0.010318448117412983)
(0.013708695436984067,-0.010421589016568889)
(0.013595701749729282,-0.010524012312184068)
(0.013482260539003003,-0.010625715793243258)
(0.013368377559419088,-0.01072669728177638)
(0.013254058567226208,-0.010826954632850936)
(0.013139309320100365,-0.01092648573457475)
(0.013024135576938253,-0.011025288508083184)
(0.012908543097657767,-0.01112336090754761)
(0.012792537642992442,-0.011220700920156397)
(0.012676124974286268,-0.011317306566116106)
(0.01255931085329249,-0.01141317589863734)
(0.012442101041973398,-0.01150830700393075)
(0.012324501302294753,-0.01160269800119258)
(0.0122065173960246,-0.011696347042591983)
(0.012088155084535286,-0.011789252313265396)
(0.011969420128599856,-0.011881412031291123)
(0.011850318288188567,-0.011972824447682568)
(0.011730855322281937,-0.012063487846373426)
(0.011611036988654996,-0.012153400544193315)
(0.011490869043689596,-0.012242560890852218)
(0.011370357242168408,-0.012330967268925321)
(0.011249507337085143,-0.012418618093822591)
(0.01112832507944288,-0.01250551181378159)
(0.01100681621805203,-0.012591646909826629)
(0.010884986499342823,-0.012677021895762879)
(0.010762841667164506,-0.012761635318138087)
(0.010640387462591244,-0.012845485756223126)
(0.010517629623724295,-0.012928571821982104)
(0.010394573885498077,-0.013010892160043258)
(0.010271225979491367,-0.01309244544767638)
(0.01014759163373235,-0.013173230394756104)
(0.010023676572494533,-0.013253245743725522)
(0.009899486516121634,-0.01333249026958099)
(0.009775027180820225,-0.013410962779818377)
(0.009650304278484416,-0.013488662114411135)
(0.009525323516485459,-0.013565587145770658)
(0.009400090597498025,-0.013641736778709545)
(0.009274611219303988,-0.01371710995040609)
(0.009148891074603866,-0.013791705630361376)
(0.009022935850826048,-0.013865522820362228)
(0.008896751229942455,-0.013938560554440574)
(0.00877034288828006,-0.014010817898832116)
(0.008643716496331378,-0.014082293951923331)
(0.00851687771857265,-0.014152987844227824)
(0.008389832213274306,-0.014222898738322073)
(0.008262585632316062,-0.014292025828804025)
(0.008135143621009403,-0.014360368342261296)
(0.008007511817900189,-0.01442792553719594)
(0.007879695854600055,-0.014494696703998458)
(0.007751701355593649,-0.014560681164883637)
(0.00762353393805911,-0.014625878273853726)
(0.007495199211689755,-0.014690287416624436)
(0.0073667027785118185,-0.014753908010598261)
(0.007238050232703063,-0.014816739504791407)
(0.007109247160408915,-0.014878781379779693)
(0.006980299139575366,-0.01494003314765447)
(0.006851211739760429,-0.015000494351955043)
(0.0067219905219636274,-0.015060164567613167)
(0.006592641038439606,-0.015119043400899928)
(0.006463168832528142,-0.01517713048935007)
(0.0063335794384867,-0.015234425501724068)
(0.006203878381302647,-0.015290928137928397)
(0.006074071176517847,-0.015346638128954359)
(0.005944163330068255,-0.015401555236825478)
(0.005814160338102942,-0.015455679254517197)
(0.005684067686806338,-0.01550901000590808)
(0.005553890852244186,-0.015561547345702514)
(0.005423635300170345,-0.015613291159357237)
(0.005293306485873892,-0.015664241363031593)
(0.005162909854004662,-0.01571439790350092)
(0.0050324508384030206,-0.01576376075809689)
(0.004901934861931212,-0.01581232993462711)
(0.004771367336311862,-0.015860105471313158)
(0.004640753661952089,-0.015907087436709825)
(0.004510099227785787,-0.01595327592963202)
(0.004379409411109111,-0.015998671079087087)
(0.0042486895774074785,-0.01604327304418713)
(0.004117945080200502,-0.016087082014082318)
(0.0039871812608777545,-0.016130098207881177)
(0.0038564034485340203,-0.016172321874566405)
(0.0037256169598051665,-0.01621375329292149)
(0.003594827098721129,-0.016254392771453935)
(0.003464039156526651,-0.016294240648305175)
(0.003333258411538194,-0.016333297291168516)
(0.00320249012898258,-0.01637156309722125)
(0.0030717395608267873,-0.016409038493020545)
(0.0029410119456412653,-0.016445723934433484)
(0.0028103125084305443,-0.01648161990654569)
(0.0026796464604784726,-0.016516726923581714)
(0.0025490189992001186,-0.016551045528801593)
(0.0024184353079869593,-0.016584576294440708)
(0.0022879005560492243,-0.016617319821588424)
(0.002157419898267452,-0.01664927674012563)
(0.0020269984750429662,-0.016680447708620403)
(0.0018966414121418384,-0.016710833414240043)
(0.0017663538205522453,-0.016740434572657205)
(0.0016361407963308297,-0.016769251927965863)
(0.0015060074204568208,-0.016797286252575927)
(0.0013759587586806518,-0.016824538347125675)
(0.0012459998613919962,-0.016851009040383825)
(0.0011161357634507302,-0.016876699189159385)
(0.0009863714840650662,-0.016901609678196556)
(0.0008567120266356827,-0.016925741420085436)
(0.0007271623786116839,-0.01694909535515177)
(0.0005977275113545211,-0.01697167245137671)
(0.00046841237999680374,-0.016993473704277874)
(0.00033922192329200964,-0.017014500136819023)
(0.0002101610634919855,-0.01703475279931284)
(0.00008123470619246966,-0.017054232769304813)
(-0.000047552259802841426,-0.01707294115148431)
(-0.00017619496260318918,-0.017090879077575193)
(-0.0003046885473950544,-0.01710804770622728)
(-0.00043302817654729405,-0.01712444822292298)
(-0.00056120902976289,-0.017140081839859874)
(-0.0006892263042190623,-0.017154949795853643)
(-0.0008170752146790481,-0.017169053356219155)
(-0.000944750993638925,-0.01718239381267849)
(-0.001072248891455409,-0.017194972483240048)
(-0.0011995641764750284,-0.01720679071209161)
(-0.0013266921351649484,-0.017217849869498682)
(-0.0014536280722373205,-0.01722815135167816)
(-0.00158036731077655,-0.017237696580706452)
(-0.0017069051923783404,-0.017246487004388692)
(-0.0018332370772551354,-0.017254524096161832)
(-0.001959358344378051,-0.017261809354971753)
(-0.0020852643915878753,-0.017268344305163087)
(-0.0022109506357306397,-0.017274130496358325)
(-0.002336412512766521,-0.017279169503356166)
(-0.0024616454778995296,-0.017283462926001664)
(-0.0025866450057000596,-0.017287012389079773)
(-0.002711406590213203,-0.01728981954218998)
(-0.00283592574508673,-0.017291886059636264)
(-0.0029601980036872123,-0.01729321364030259)
(-0.0030842189192082483,-0.017293804007535794)
(-0.0032079840647987576,-0.01729365890903039)
(-0.0033314890336692787,-0.017292780116700147)
(-0.003454729439211561,-0.017291169426559803)
(-0.0035777009150997495,-0.01728882865861458)
(-0.0037003991154216285,-0.017285759656719236)
(-0.0038228197147660526,-0.01728196428847025)
(-0.003944958408352859,-0.01727744444507571)
(-0.004066810912139964,-0.01727220204123664)
(-0.004188372962911853,-0.017266239015014874)
(-0.0043096403184117935,-0.017259557327718503)
(-0.004430608757436535,-0.017252158963763344)
(-0.0045512740799371915,-0.01724404593055798)
(-0.004671632107133766,-0.01723522025838189)
(-0.004791678681613468,-0.01722568400023088)
(-0.0049114096674331914,-0.01721543923173156)
(-0.00503082095022022,-0.017204488050968268)
(-0.005149908437279019,-0.017192832578393057)
(-0.005268668057682232,-0.017180474956673884)
(-0.005387095762370356,-0.017167417350566573)
(-0.0055051875242598525,-0.017153661946795497)
(-0.005622939338329263,-0.017139210953912618)
(-0.005740347221716573,-0.017124066602173336)
(-0.005857407213819057,-0.01710823114339646)
(-0.005974115376387024,-0.017091706850838505)
(-0.006090467793603228,-0.01707449601905792)
(-0.006206460572195575,-0.01705660096379005)
(-0.00632208984152002,-0.01703802402179779)
(-0.006437351753635808,-0.017018767550754692)
(-0.006552242483421895,-0.016998833929094997)
(-0.006666758228639698,-0.01697822555588708)
(-0.006780895210042802,-0.016956944850703436)
(-0.006894649671441071,-0.01693499425346723)
(-0.007008017879800504,-0.01691237622433514)
(-0.007120996125326093,-0.016889093243549477)
(-0.007233580721537044,-0.016865147811299042)
(-0.007345768005363273,-0.016840542447598677)
(-0.0074575543372085345,-0.01681527969212362)
(-0.007568936101046968,-0.016789362104093784)
(-0.007679909704489519,-0.01676279226212598)
(-0.0077904715788773195,-0.01673557276409749)
(-0.00790061817934017,-0.016707706227002465)
(-0.008010345984888225,-0.01667919528681454)
(-0.008119651498486103,-0.016650042598345467)
(-0.008228531247114474,-0.016620250835104895)
(-0.008336981781864447,-0.01658982268916344)
(-0.008444999677985298,-0.016558760871003487)
(-0.008552581534977757,-0.016527068109372427)
(-0.008659723976652193,-0.016494747151164783)
(-0.008766423651201689,-0.01646180076125282)
(-0.008872677231275414,-0.016428231722357748)
(-0.008978481414031505,-0.016394042834900785)
(-0.009083832921219242,-0.01635923691686136)
(-0.009188728499241313,-0.01632381680363846)
(-0.00929316491921422,-0.01628778534789783)
(-0.009397138977024178,-0.01625114541942493)
(-0.009500647493414803,-0.01621389990499877)
(-0.009603687314018875,-0.01617605170822578)
(-0.009706255309444387,-0.016137603749403533)
(-0.009808348375317934,-0.016098558965374977)
(-0.00990996343234302,-0.016058920309379922)
(-0.010011097426371199,-0.016018690750915665)
(-0.010111747328446507,-0.015977873275576506)
(-0.010211910134862622,-0.015936470884919247)
(-0.010311582867225489,-0.01589448659631653)
(-0.010410762572498764,-0.015851923442795502)
(-0.010509446323057135,-0.015808784472909444)
(-0.010607631216746904,-0.0157650727505701)
(-0.010705314376922462,-0.01572079135491663)
(-0.010802492952503203,-0.015675943380158902)
(-0.010899164118032502,-0.015630531935424845)
(-0.010995325073698655,-0.01558456014462433)
(-0.011090973045419616,-0.015538031146289854)
(-0.01118610528484392,-0.01549094809342352)
(-0.011280719069439076,-0.015443314153362432)
(-0.011374811702502515,-0.015395132507615832)
(-0.011468380513225563,-0.015346406351721024)
(-0.01156142285672128,-0.015297138895091135)
(-0.011653936114071086,-0.015247333360868465)
(-0.011745917692365352,-0.015196992985766591)
(-0.01183736502474302,-0.015146121019931891)
(-0.011928275570424801,-0.015094720726775868)
(-0.01201864681474999,-0.015042795382840419)
(-0.012108476269223917,-0.01499034827763875)
(-0.012197761471533758,-0.014937382713503526)
(-0.012286499985596454,-0.014883902005439133)
(-0.012374689401594207,-0.014829909480969171)
(-0.012462327335988226,-0.014775408479979935)
(-0.01254941143156543,-0.014720402354572578)
(-0.012635939357470647,-0.01466489446891745)
(-0.012721908809220916,-0.01460888819909011)
(-0.01280731750874507,-0.014552386932924271)
(-0.012892163204408478,-0.014495394069862885)
(-0.012976443671030515,-0.014437913020803354)
(-0.01306015670993072,-0.014379947207938643)
(-0.013143300148928802,-0.014321500064617358)
(-0.01322587184237399,-0.014262575035179692)
(-0.013307869671185118,-0.014203175574809927)
(-0.013389291542842997,-0.014143305149387735)
(-0.013470135391437679,-0.014082967235321332)
(-0.01355039917766768,-0.014022165319415589)
(-0.013630080888861924,-0.01396090289869338)
(-0.013709178539012903,-0.013899183480268858)
(-0.013787690168769823,-0.013837010581168421)
(-0.013865613845476252,-0.01377438772820677)
(-0.013942947663155444,-0.013711318457802902)
(-0.01401968974255605,-0.013647806315852246)
(-0.014095838231145085,-0.013583854857552606)
(-0.014171391303123147,-0.013519467647273613)
(-0.014246347159434604,-0.013454648258384192)
(-0.014320704027779005,-0.013389400273101183)
(-0.014394460162621392,-0.01332372728235146)
(-0.014467613845191876,-0.01325763288559784)
(-0.014540163383503843,-0.013191120690704728)
(-0.01461210711234753,-0.013124194313769849)
(-0.01468344339330124,-0.013056857378980527)
(-0.014754170614736611,-0.012989113518453633)
(-0.01482428719181761,-0.01292096637209272)
(-0.014893791566507395,-0.01285241958741973)
(-0.014962682207554845,-0.012783476819437069)
(-0.015030957610516583,-0.012714141730459889)
(-0.015098616297746802,-0.012644417989980184)
(-0.015165656818374965,-0.01257430927449234)
(-0.01523207774834262,-0.01250381926736682)
(-0.015297877690363131,-0.012432951658667516)
(-0.015363055273939514,-0.012361710145025207)
(-0.015427609155346765,-0.012290098429465135)
(-0.015491538017635958,-0.012218120221272066)
(-0.015554840570610233,-0.01214577923582013)
(-0.015617515550834911,-0.012073079194431605)
(-0.01567956172161477,-0.012000023824220144)
(-0.01574097787299005,-0.011926616857945249)
(-0.015801762821722284,-0.011852862033848064)
(-0.015861915411287,-0.011778763095510453)
(-0.015921434511851743,-0.011704323791696029)
(-0.015980319020266965,-0.011629547876200309)
(-0.01603856786005536,-0.011554439107701925)
(-0.016096179981393437,-0.011479001249608982)
(-0.01615315436108395,-0.011403238069903341)
(-0.016209490002555022,-0.011327153340998281)
(-0.016265185935831684,-0.011250750839576745)
(-0.01632024121752036,-0.011174034346454545)
(-0.016374654930783564,-0.011097007646411385)
(-0.01642842618532453,-0.011019674528054241)
(-0.016481554117360173,-0.010942038783662273)
(-0.016534037889595798,-0.0108641042090342)
(-0.01658587669121631,-0.010785874603346611)
(-0.016637069737837934,-0.010707353768988426)
(-0.016687616271506497,-0.010628545511429301)
(-0.016737515560647367,-0.010549453639055247)
(-0.016786766900058817,-0.010470081963029846)
(-0.016835369610864195,-0.01039043429713448)
(-0.016883323040509143,-0.010310514457632754)
(-0.016930626562691953,-0.010230326263104307)
(-0.01697727957738044,-0.01014987353431885)
(-0.017023281510733953,-0.010069160094063325)
(-0.017068631815100817,-0.009988189767009647)
(-0.017113329968978692,-0.009906966379565592)
(-0.017157375476967832,-0.0098254937597199)
(-0.017200767869752796,-0.009743775736902254)
(-0.017243506704052627,-0.009661816141830114)
(-0.017285591562591143,-0.009579618806367679)
(-0.017327022054058647,-0.009497187563372983)
(-0.01736779781306634,-0.009414526246557406)
(-0.017407918500119995,-0.009331638690336892)
(-0.017447383801559874,-0.009248528729681123)
(-0.017486193429539693,-0.009165200199978147)
(-0.01752434712196972,-0.00908165693688064)
(-0.017561844642481738,-0.008997902776165549)
(-0.017598685780387768,-0.008913941553590293)
(-0.01763487035062134,-0.00882977710473634)
(-0.017670398193704258,-0.008745413264880942)
(-0.01770526917570133,-0.008660853868848219)
(-0.017739483188161424,-0.008576102750860577)
(-0.017773040148082776,-0.008491163744395918)
(-0.017805939997856002,-0.00840604068205363)
(-0.017838182705217646,-0.00832073739540364)
(-0.017869768263200768,-0.008235257714845312)
(-0.01790069669007499,-0.008149605469466296)
(-0.01793096802931014,-0.0080637844869018)
(-0.017960582349509324,-0.007977798593191488)
(-0.017989539744362938,-0.007891651612640674)
(-0.018017840332591323,-0.007805347367679729)
(-0.01804548425788541,-0.007718889678716568)
(-0.0180724716888664,-0.007632282364008933)
(-0.018098802819013705,-0.007545529239520217)
(-0.018124477866599327,-0.007458634118767576)
(-0.01814949707466597,-0.007371600812706696)
(-0.018173860710921207,-0.007284433129572796)
(-0.01819756906771412,-0.007197134874753377)
(-0.0182206224619565,-0.0071097098506471695)
(-0.018243021235067828,-0.0070221618565260175)
(-0.01826476575290996,-0.006934494688401706)
(-0.018285856405723604,-0.006846712138882525)
(-0.018306293608067507,-0.006758817997043848)
(-0.018326077798759947,-0.006670816048292625)
(-0.01834520944079849,-0.006582710074223715)
(-0.018363689021302802,-0.0064945038524923384)
(-0.018381517051445785,-0.006406201156677521)
(-0.018398694066402727,-0.006317805756151277)
(-0.0184152206252522,-0.006229321415935665)
(-0.018431097310926837,-0.006140751896578772)
(-0.018446324730147626,-0.0060521009540196674)
(-0.01846090351333665,-0.005963372339451868)
(-0.018474834314567003,-0.005874569799195918)
(-0.018488117811471413,-0.00578569707456758)
(-0.018500754705178094,-0.005696757901739652)
(-0.018512745720243324,-0.005607756011623022)
(-0.018524091604578047,-0.0055186951297296226)
(-0.018534793129346392,-0.005429578976037872)
(-0.018544851088936005,-0.005340411264875121)
(-0.018554266300847434,-0.005251195704781875)
(-0.018563039605624183,-0.005161935998378976)
(-0.018571171866780905,-0.005072635842248534)
(-0.018578663970737402,-0.004983298926805256)
(-0.018585516826708285,-0.004893928936161884)
(-0.018591731366648837,-0.004804529548008991)
(-0.018597308545174513,-0.004715104433491094)
(-0.018602249339465127,-0.004625657257072892)
(-0.018606554749199238,-0.004536191676423698)
(-0.01861022579645566,-0.004446711342283034)
(-0.018613263525657488,-0.004357219898349491)
(-0.018615669003457656,-0.004267720981141559)
(-0.01861744331867502,-0.004178218219887527)
(-0.01861858758220606,-0.004088715236397037)
(-0.018619102926936134,-0.003999215644940442)
(-0.018618990507656197,-0.00390972305212478)
(-0.018618251500974303,-0.0038202410567775985)
(-0.018616887105237272,-0.003730773249824033)
(-0.018614898540423662,-0.003641323214163466)
(-0.018612287048083955,-0.0035518945245577535)
(-0.01860905389122305,-0.0034624907475046427)
(-0.018605200354232812,-0.0033731154411256728)
(-0.018600727742783214,-0.0032837721550419766)
(-0.01859563738375148,-0.0031944644302646648)
(-0.018589930625109764,-0.003105195799069743)
(-0.018583608835854196,-0.00301596978488976)
(-0.0185766734058999,-0.0029267899021937125)
(-0.01856912574598942,-0.0028376596563719687)
(-0.018560967287598137,-0.00274858254362364)
(-0.018552199482847736,-0.002659562050842418)
(-0.018542823804404848,-0.0025706016555001217)
(-0.018532841745380776,-0.0024817048255388187)
(-0.01852225481925034,-0.0023928750192554298)
(-0.018511064559745594,-0.002304115685190355)
(-0.018499272520757004,-0.002215430262015929)
(-0.01848688027624565,-0.00212682217842996)
(-0.01847388942012805,-0.0020382948530379167)
(-0.018460301566202934,-0.0019498516942520092)
(-0.018446118348029162,-0.0018614961001769562)
(-0.018431341418833742,-0.0017732314585039025)
(-0.018415972451419675,-0.0016850611464024085)
(-0.01840001313804876,-0.001596988530413334)
(-0.01838346519036008,-0.0015090169663425463)
(-0.018366330339255523,-0.0014211497991561835)
(-0.018348610334798024,-0.0013333903628738677)
(-0.018330306946110913,-0.0012457419804639978)
(-0.01831142196127708,-0.0011582079637415068)
(-0.018291957187237848,-0.0010707916132640925)
(-0.018271914449673753,-0.0009834962182274914)
(-0.01825129559291555,-0.0008963250563655891)
(-0.01823010247984229,-0.0008092813938480438)
(-0.01820833699175351,-0.0007223684851795962)
(-0.018186001028286256,-0.0006355895731000658)
(-0.01816309650729774,-0.0005489478884826732)
(-0.018139625364760135,-0.00046244665023956264)
(-0.018115589554649054,-0.0003760890652176922)
(-0.018090991048846174,-0.0002898783281056248)
(-0.01806583183701871,-0.0002038176213346019)
(-0.01804011392651799,-0.00011791011498179118)
(-0.01801383934227322,-0.00003215896667583397)
(-0.017987010126670294,0.00005343267850106133)
(-0.017959628339449665,0.00013886168810380736)
(-0.017931696057603076,0.00022412494242146047)
(-0.017903215375242348,0.000309219334568997)
(-0.017874188403506974,0.0003941417705811288)
(-0.01784461727043881,0.00047888916950179517)
(-0.017814504120889196,0.0005634584634786077)
(-0.017783851116380974,0.000647846597850674)
(-0.017752660435013883,0.0007320505312402505)
(-0.017720934271339837,0.000816067235642396)
(-0.01768867483626989,0.0008998936965116419)
(-0.01765588435692694,0.0009835269128514576)
(-0.017622565076557274,0.001066963897300995)
(-0.017588719254411467,0.001150201676223022)
(-0.017554349165616902,0.0012332372897870792)
(-0.017519457101077156,0.0013160677920573218)
(-0.017484045367347056,0.0013986902510768249)
(-0.017448116286522347,0.001481101748950075)
(-0.017411672196115325,0.0015632993819280926)
(-0.01737471544894334,0.0016452802604885115)
(-0.017337248413007784,0.0017270415094207017)
(-0.01729927347138667,0.001808580267903753)
(-0.017260793022097577,0.0018898936895898142)
(-0.017221809477998694,0.001970978942681838)
(-0.017182325266659308,0.0020518332100130576)
(-0.01714234283024445,0.002132453689127554)
(-0.017101864625394203,0.002212837592355228)
(-0.017060893123097796,0.00229298214688849)
(-0.017019430808590686,0.0023728845948632403)
(-0.016977480181220538,0.0024525421934299433)
(-0.01693504375432665,0.002531952214828345)
