(-7.654431601121895e-13,-10.261189331904488)
(-0.191321923650414,-10.258960887598503)
(-0.38241080629097857,-10.252280246197422)
(-0.5730343920770935,-10.241161459075046)
(-0.7629619901712471,-10.225627868140453)
(-0.9519652440095406,-10.205711990993086)
(-1.1398188848507922,-10.181455361581376)
(-1.3263014646488807,-10.152908327781722)
(-1.5111960635209964,-10.120129807684926)
(-1.694290967367887,-10.083187006722596)
(-1.8753803115314776,-10.042155098081835)
(-2.054264686744969,-9.997116869139198)
(-2.2307517040346263,-9.948162336890917)
(-2.404656515664505,-9.895388335563268)
(-2.575802289668602,-9.838898079753061)
(-2.7440206359824386,-9.778800706572204)
(-2.909151982660971,-9.715210800351986)
(-3.071045901145333,-9.648247903502783)
(-3.2295613800105927,-9.578036017123553)
(-3.3845670470845275,-9.50470309491584)
(-3.5359413402675033,-9.428380533879546)
(-3.6835726278012473,-9.349202665157208)
(-3.827359279124666,-9.26730624825107)
(-3.967209687814577,-9.182829971668065)
(-4.103042248435097,-9.09591396285461)
(-4.234785289409045,-9.006699310069944)
(-4.36237696427668,-8.915327598617994)
(-4.485765103920361,-8.821940463616551)
(-4.60490703250805,-8.726679161233626)
(-4.719769350044519,-8.629684160067148)
(-4.830327684517268,-8.53109475408961)
(-4.9365664166864285,-8.431048698327073)
(-5.038478380595639,-8.329681868194696)
(-5.136064542876717,-8.227127943171874)
(-5.229333663887176,-8.123518115270816)
(-5.318301943658972,-8.018980822535564)
(-5.402992655552415,-7.913641507605058)
(-5.483435770403514,-7.807622401185496)
(-5.559667573829653,-7.7010423301050706)
(-5.6317302792198705,-7.594016549468047)
(-5.699671638785381,-7.486656598286389)
(-5.763544554886013,-7.379070177845071)
(-5.823406693681512,-7.271361051951984)
(-5.879320102985714,-7.163628968134604)
(-5.931350836028771,-7.055969598772592)
(-5.9795685826596685,-6.948474501097742)
(-6.024046309350549,-6.841231094949188)
(-6.064859909196958,-6.734322657141628)
(-6.102087862945811,-6.627828331286665)
(-6.135810911926738,-6.521823151900829)
(-6.166111743614747,-6.416378081639065)
(-6.193074694423235,-6.311560068652966)
(-6.21678544736669,-6.207432073882666)
(-6.237330778714883,-6.10405319001043)
(-6.254798286463442,-6.00147868728684)
(-6.26927614804579,-5.89976010776906)
(-6.280852889646955,-5.798945358119236)
(-6.289617169781185,-5.699078808133504)
(-6.295657576983512,-5.600201394113255)
(-6.2990624413967895,-5.502350726241083)
(-6.2999196599756235,-5.4055611991756365)
(-6.298316534976471,-5.30986410513211)
(-6.294339625358714,-5.215287748767367)
(-6.288074610684212,-5.121857563240673)
(-6.279606167072182,-5.029596226871961)
(-6.2690178547418345,-4.938523779869366)
(-6.256392016656757,-4.848657740646165)
(-6.241809687770461,-4.760013221293511)
(-6.225350514365485,-4.672603041820428)
(-6.207092682972198,-4.586437842814633)
(-6.18711285835362,-4.501526196218443)
(-6.165486130045013,-4.417874713951969)
(-6.142285966942552,-4.335488154151716)
(-6.117584179443579,-4.254369524826163)
(-6.0914508886512735,-4.174520184761213)
(-6.063954502168951,-4.095939941537215)
(-6.0351616960228505,-4.018627146546165)
(-6.0051374022675335,-3.9425787869220943)
(-5.973944801844019,-3.8677905743203054)
(-5.941645322277773,-3.794257030501401)
(-5.908298639821084,-3.721971569694827)
(-5.87396268566227,-3.6509265777331805)
(-5.838693655850598,-3.5811134879761193)
(-5.8025460245471345,-3.512522853969496)
(-5.765572560394301,-3.445144419054725)
(-5.727824345550374,-3.378967182728348)
(-5.689350797207791,-3.313979463982356)
(-5.650199691283827,-3.250168961613227)
(-5.610417188036449,-3.187522811577034)
(-5.570047859367978,-3.1260276414618833)
(-5.52913471759499,-3.065669622153748)
(-5.487719245478116,-3.006434516775451)
(-5.445841427320063,-2.94830772698175)
(-5.403539780954172,-2.8912743366955644)
(-5.360851390459287,-2.8353191533722484)
(-5.317811939449405,-2.7804267468796895)
(-5.274455744798807,-2.726581486082651)
(-5.230815790674746,-2.6737675732198247)
(-5.1869237627608005,-2.621969076161659)
(-5.142810082564143,-2.5711699586363976)
(-5.098503941709721,-2.5213541085106512)
(-5.054033336133387,-2.4725053642095967)
(-5.009425100094643,-2.4246075393603004)
(-4.964704939937429,-2.37764444573993)
(-4.91989746753513,-2.3315999146087636)
(-4.875026233362672,-2.286457816505752)
(-4.830113759145204,-2.2422020795823636)
(-4.785181570038774,-2.1988167065480164)
(-4.740250226304071,-2.1562857902982935)
(-4.695339354439374,-2.114593528294587)
(-4.650467677743668,-2.0737242357615164)
(-4.60565304628523,-2.033662357766052)
(-4.560912466255065,-1.994392480239814)
(-4.516262128688266,-1.9558993400036675)
(-4.471717437539711,-1.9181678338513075)
(-4.427293037103722,-1.881183026746198)
(-4.3830028387699915,-1.8449301591838962)
(-4.3388600471108,-1.809394653769516)
(-4.294877185296757,-1.7745621210578775)
(-4.251066119840461,-1.740418364701671)
(-4.207438084669373,-1.706949385950894)
(-4.164003704530898,-1.6741413875447315)
(-4.120773017734146,-1.6419807770350547)
(-4.077755498234303,-1.6104541695787884)
(-4.034960077066637,-1.5795483902345266)
(-3.9923951631383106,-1.5492504757969734)
(-3.9500686633870714,-1.519547676201036)
(-3.9079880023166798,-1.4904274555257637)
(-3.8661601409196904,-1.4618774926266644)
(-3.824591594998761,-1.4338856814234338)
(-3.7832884528981765,-1.406440130868658)
(-3.7422563926577217,-1.3795291646215848)
(-3.701500698601335,-1.3531413204497733)
(-3.6610262773733027,-1.3272653493800783)
(-3.6208376734349175,-1.3018902146192435)
(-3.5809390840347035,-1.2770050902631518)
(-3.5413343736653875,-1.2525993598126965)
(-3.5020270880208675,-1.228662614513146)
(-3.4630204674664062,-1.2051846515328573)
(-3.4243174600352786,-1.1821554719962561)
(-3.3859207339650155,-1.159565278885032)
(-3.3478326897862813,-1.1374044748206733)
(-3.3100554719773414,-1.1156636597406213)
(-3.2725909801968656,-1.0943336284795253)
(-3.235440880107706,-1.0734053682663658)
(-3.198606613804077,-1.0528700561474944)
(-3.162089409854335,-1.032719056344978)
(-3.1258902929714205,-1.0129439175589927)
(-3.090010093322716,-0.9935363702224659)
(-3.054449455490888,-0.9744883237155204)
(-3.0192088470970218,-0.9557918635468367)
(-2.984288567097126,-0.9374392485084809)
(-2.9496887537627856,-0.9194229078102961)
(-2.9154093923565476,-0.9017354381995187)
(-2.8814503225123005,-0.8843696010708457)
(-2.8478112453306834,-0.8673183195717831)
(-2.814491730199269,-0.8505746757077515)
(-2.7814912213470273,-0.8341319074510504)
(-2.7488090441422894,-0.8179834058574772)
(-2.7164444111431787,-0.8021227121940672)
(-2.684396427909222,-0.7865435150811607)
(-2.652664098582593,-0.7712396476516975)
(-2.621246331247178,-0.7562050847304279)
(-2.5901419430734594,-0.7414339400354457)
(-2.5593496652568746,-0.726920463404272)
(-2.528868147757177,-0.7126590380464805)
(-2.4986959638460116,-0.6986441778246635)
(-2.4688316144697438,-0.6848705245653763)
(-2.4392735324343073,-0.6713328454014896)
(-2.410020086418655,-0.6580260301472532)
(-2.3810695848231664,-0.6449450887072201)
(-2.352420279459139,-0.6320851485199791)
(-2.3240703690853026,-0.619441452037634)
(-2.2960180027970756,-0.6070093542417158)
(-2.2682612832740943,-0.5947843201961881)
(-2.2407982698892135,-0.5827619226363779)
(-2.213626981696646,-0.5709378396043383)
(-2.186745400273694,-0.5593078521059509)
(-2.1601514724604574,-0.5478678418231827)
(-2.1338431129732722,-0.5366137888569902)
(-2.1078182069075666,-0.5255417695108197)
(-2.0820746121326237,-0.5146479541131164)
(-2.056610161582402,-0.5039286048788398)
(-2.0314226654464393,-0.4933800738099329)
(-2.0065099132646886,-0.4829988006346441)
(-1.9818696759300483,-0.4727813107855337)
(-1.9574997076035618,-0.4627242134153352)
(-1.9333977475365112,-0.452824199453761)
(-1.9095615218277673,-0.4430780396979694)
(-1.885988745083933,-0.4334825829439976)
(-1.8626771220162324,-0.4240347541573243)
(-1.8396243489512185,-0.4147315526662692)
(-1.8168281152921502,-0.4055700504192681)
(-1.794286104895177,-0.396547390252184)
(-1.7719959973890564,-0.3876607842037733)
(-1.749955469431588,-0.3789075118640378)
(-1.7281621959066105,-0.37028491875736697)
(-1.7066138510638995,-0.36179041475999973)
(-1.685308109604244,-0.3534214725513264)
(-1.6642426477118768,-0.3451756260985287)
(-1.6434151440363913,-0.33705046917408416)
(-1.622823280626146,-0.3290436539056066)
(-1.6024647438371982,-0.32115288937034947)
(-1.5823372250911127,-0.3133759401574159)
(-1.5624384217923217,-0.30571062508565616)
(-1.542766038015552,-0.29815481583096615)
(-1.5233177852389996,-0.29070643564204707)
(-1.5040913830332285,-0.28336345806868746)
(-1.4850845596904878,-0.27612390573317264)
(-1.4662950528502552,-0.26898584911062257)
(-1.4477206100681017,-0.2619474053514143)
(-1.4293589893618015,-0.25500673712494293)
(-1.411207959725458,-0.24816205149105425)
(-1.3932653016134824,-0.2414115987973381)
(-1.3755288073972909,-0.23475367160233196)
(-1.3579962817942324,-0.22818660362357196)
(-1.3406655422708678,-0.22170876871032263)
(-1.3235344194213563,-0.21531857984038494)
(-1.306600757322007,-0.20901448814050058)
(-1.2898624138630344,-0.2027949819298784)
(-1.2733172610584418,-0.19665858578635412)
(-1.2569631853349692,-0.19060385963472126)
(-1.2407980878009988,-0.18462939785675936)
(-1.2248198844962401,-0.1787338284225058)
(-1.2090265066301171,-0.17291581204774)
(-1.1934159007601661,-0.16717404133926167)
(-1.1779860290595394,-0.16150724004144693)
(-1.1627348694271016,-0.1559141621937732)
(-1.1476604156881227,-0.1503935913887706)
(-1.1327606777377661,-0.14494434001604697)
(-1.1180336816775662,-0.13956524852995364)
(-1.103477469938408,-0.1342551847350659)
(-1.0890901013906042,-0.12901304308907646)
(-1.0748696514416531,-0.12383774402271423)
(-1.06081421212221,-0.11872823327630591)
(-1.0469218921608014,-0.1136834812526017)
(-1.0331908170477984,-0.10870248238549989)
(-1.0196191290891155,-0.10378425452430316)
(-1.006204987450119,-0.09892783833316017)
(-0.9929465681901773,-0.0941322967053326)
(-0.979842064288299,-0.08939671419195705)
(-0.9668896856601915,-0.08472019644494948)
(-0.9540876591675199,-0.08010186967379225)
(-0.9414342286188188,-0.0755408801157205)
(-0.928927654763651,-0.07103639351920593)
(-0.9165662152794845,-0.06658759464028502)
(-0.9043482047517513,-0.06219368675141486)
(-0.892271934647964,-0.05785389116274027)
(-0.8803357332853593,-0.05356744675523562)
(-0.86853794579302,-0.04933360952561728)
(-0.8568769340684822,-0.04515165214268383)
(-0.8453510767291632,-0.04102086351481762)
(-0.8339587690588687,-0.03694054836838893)
(-0.8226984229496183,-0.03291002683679653)
(-0.8115684668390594,-0.02892863405989656)
(-0.8005673456436727,-0.02499571979356583)
(-0.789693520688023,-0.02111064802916228)
(-0.778945469630238,-0.01727279662263937)
(-0.7683216863839452,-0.01348155693308545)
(-0.7578206810368595,-0.0097363334704621)
(-0.7474409797661983,-0.006036543552313986)
(-0.7371811247511248,-0.0023816169692401257)
(-0.7270396740823781,0.0012290043410916683)
(-0.7170152016692627,0.004795866611589525)
(-0.7071062971441647,0.008319504555248937)
(-0.6973115657647403,0.0118004416667238)
(-0.6876296283139195,0.015239190516155247)
(-0.6780591209981446,0.018636253035495518)
(-0.6685986953421342,0.021992120797152535)
(-0.6592470180857929,0.02530727528621742)
(-0.6500027710742506,0.028582188164647655)
(-0.6408646511503014,0.03181732152937951)
(-0.6318313700438483,0.03501312816346317)
(-0.6229016542603053,0.038170051780732316)
(-0.6140742449678178,0.04128852726413175)
(-0.6053478978833616,0.044368980897848805)
(-0.5967213831578517,0.04741183059340688)
(-0.5881934852603395,0.0504174861098682)
(-0.5797630028613824,0.053386349268293234)
(-0.5714287487156786,0.056318814160598106)
(-0.5631895495440421,0.059215267352947555)
(-0.5550442459147972,0.06207608808382316)
(-0.5469916921246687,0.06490164845689646)
(-0.539030756079229,0.0676923136288342)
(-0.5311603191729894,0.07044844199216832)
(-0.5233792761691749,0.07317038535334898)
(-0.5156865350792634,0.07585848910609957)
(-0.5080810170423722,0.07851309240020655)
(-0.5005616562043842,0.08113452830580777)
(-0.4931273995972451,0.08372312397339304)
(-0.4857772070180225,0.08627920078950797)
(-0.4785100509080879,0.08880307452834822)
(-0.4713249162322822,0.09129505549928185)
(-0.4642208003585815,0.09375544869060962)
(-0.45719671293727127,0.096184553909221)
(-0.45025167578062253,0.09858266591660719)
(-0.44338472274320645,0.10095007456145728)
(-0.4365948996021691,0.10328706490858115)
(-0.4298812639373467,0.10559391736406981)
(-0.42324288501259366,0.10787090779760167)
(-0.41667884365670776,0.11011830766094399)
(-0.41018823214555217,0.11233638410385285)
(-0.40377015408389116,0.11452540008630115)
(-0.3974237242880568,0.11668561448794529)
(-0.39114806866903373,0.11881728221457287)
(-0.3849423241160445,0.1209206543016598)
(-0.3788056383806813,0.12299597801511875)
(-0.37273716996158957,0.1250434969493032)
(-0.3667360879897307,0.12706345112233985)
(-0.36080157211424296,0.12905607706885963)
(-0.35493281238891894,0.1310216079301902)
(-0.3491290091593189,0.13296027354207998)
(-0.34338937295053484,0.13487230052001253)
(-0.3377131243556243,0.13675791234218146)
(-0.3320994939247244,0.1386173294301733)
(-0.3265477220548655,0.14045076922743382)
(-0.3210570588804951,0.14225844627556491)
(-0.3156267641647251,0.14404057228850978)
(-0.3102561071913035,0.14579735622468823)
(-0.3049443666573508,0.1475290043571274)
(-0.29969083056682394,0.14923572034164326)
(-0.2944947961247615,0.15091770528313067)
(-0.2893555696322895,0.15257515779999897)
(-0.28427246638240466,0.15420827408681023)
(-0.279244810556538,0.15581724797516536)
(-0.27427193512190856,0.1574022709928822)
(-0.2693531817296679,0.15896353242151706)
(-0.264487900613838,0.16050121935224812)
(-0.25967545049105495,0.16201551674020365)
(-0.25491519846111327,0.16350660745723689)
(-0.2502065199083145,0.16497467234321178)
(-0.24554879840363653,0.16641989025582637)
(-0.24094142560770518,0.16784243811901634)
(-0.23638380117459173,0.16924249096997596)
(-0.23187533265643082,0.170620222004832)
(-0.22741543540885462,0.17197580262300652)
(-0.22300353249726446,0.17330940247030188)
(-0.21863905460392385,0.17462118948075114)
(-0.21432143993588845,0.1759113299172508)
(-0.210050134133769,0.1771799884110324)
(-0.20582459018133095,0.17842732799998576)
(-0.20164426831592752,0.17965351016587308)
(-0.1975086359309842,0.1808586948881054)
(-0.19341716751340973,0.1820430406021699)
(-0.18936934453372206,0.18320670435650738)
(-0.1853646553654015,0.18434984175981178)
(-0.18140259524367927,0.18547260704908655)
(-0.17748266601154977,0.18657515307488512)
(-0.17360437628048264,0.1876576313860729)
(-0.1697672411923219,0.1887201922322009)
(-0.16597078237382837,0.18976298459666416)
(-0.16221452785535345,0.19078615622440429)
(-0.1584980119903203,0.19178985364875187)
(-0.15482077537546562,0.1927742222177098)
(-0.15118236477989072,0.1937394060787256)
(-0.14758233305212973,0.1946855483735722)
(-0.14402023903898722,0.19561279099608578)
(-0.14049564752761073,0.19652127479731185)
(-0.13700812916149066,0.19741113956170783)
(-0.13355726028462664,0.19828252399930832)
(-0.1301426231857522,0.1991355658678233)
(-0.1267638055603495,0.19997040186862175)
(-0.12342040073563729,0.20078716773157632)
(-0.12011200752778907,0.20158599822215711)
(-0.11683823017073516,0.20236702716003732)
(-0.11359867824547984,0.20313038743657363)
(-0.110392966608404,0.2038762111150593)
(-0.10722071530305756,0.2046046291058619)
(-0.104081549564456,0.20531577170828522)
(-0.10097509967689716,0.20600976827190343)
(-0.09790100093185265,0.20668674730085115)
(-0.09485889356206859,0.2073468364687927)
(-0.09184842282164297,0.20799016269697032)
(-0.08886923834285607,0.20861685194438034)
(-0.08592099492701345,0.2092270295084729)
(-0.08300335192702359,0.20982081987958387)
(-0.08011597331905468,0.21039834678593825)
(-0.0772585276409548,0.21095973320619307)
(-0.07443068791987013,0.21150510122657692)
(-0.07163213170706806,0.21203457268924678)
(-0.06886254080335222,0.21254826823478484)
(-0.06612160138688879,0.2130463079603208)
(-0.06340900389900907,0.2135288112694793)
(-0.06072444298667734,0.21399589688261605)
(-0.05806761744562834,0.2144476828467275)
(-0.05543822991536099,0.21488428641072863)
(-0.052835987827264036,0.21530582452123542)
(-0.050260601849047196,0.2157124131859286)
(-0.047711786815663425,0.21610416785501618)
(-0.04518926143503498,0.21648120334994028)
(-0.04269274827503678,0.21684363414680097)
(-0.04022197347035572,0.21719157326266852)
(-0.0377766671495575,0.21752513395491213)
(-0.03535656299522609,0.21784442860766057)
(-0.032961398305379634,0.21814956901505253)
(-0.030590913943544747,0.21844066638818255)
(-0.02824485428943276,0.21871783136182474)
(-0.025922967190210176,0.21898117400094155)
(-0.023625003912352564,0.21923080380698293)
(-0.021350719456920943,0.2194668300771516)
(-0.019099870995457575,0.21968936055984573)
(-0.016872220171581926,0.21989850336973457)
(-0.014667531372671447,0.22009436534256682)
(-0.012485572577580043,0.22027705419818333)
(-0.010326114384874185,0.22044667572383667)
(-0.00818893069646097,0.2206033356366265)
(-0.0060737984688930885,0.22074713913379104)
(-0.003980497670310226,0.22087819089740568)
(-0.0019088112378724503,0.22099659509893443)
(0.00014147496426676083,0.22110245540363987)
(0.002170572186469095,0.2211958749748385)
(0.004178688834598737,0.22127695647803927)
(0.00616603051049754,0.22134580208493548)
(0.008132800051948795,0.22140251347727882)
(0.010079197572141978,0.22144719185062928)
(0.012005420498635282,0.22147993791798767)
(0.013911663611825168,0.2215008519133062)
(0.01579811908293148,0.22151003359490587)
(0.017664976511491057,0.22150758224877068)
(0.019512422962385152,0.22149359669174715)
(0.02134064300237965,0.22146817527464369)
(0.02314981873621094,0.22143141588523735)
(0.024940129842194656,0.2213834159511826)
(0.02671175360738645,0.2213242724428377)
(0.028464864962282944,0.22125408187599896)
(0.030199636515074676,0.22117294031455895)
(0.03191623858545737,0.22108094337308085)
(0.03361483923800025,0.22097818621930096)
(0.03529560431508122,0.22086476357654933)
(0.03695869746939152,0.22074076972610773)
(0.0386042801960174,0.22060629850949634)
(0.04023251186409182,0.2204614433306942)
(0.04184354974804634,0.2203062971582969)
(0.04343754905843135,0.2201409525276112)
(0.045014662972348456,0.2199655015426998)
(0.04657504266346295,0.2197800358783537)
(0.04811883733163092,0.21958464678203155)
(0.04964619423212318,0.21937942507572794)
(0.05115725870446984,0.21916446115780414)
(0.052652174200908716,0.2189398450047646)
(0.05413108231445806,0.21870566617299633)
(0.05559412280661423,0.2184620138004484)
(0.05704143363468035,0.2182089766082878)
(0.05847315097870907,0.21794664290250212)
(0.059889409268109255,0.21767510057546952)
(0.061290341207865674,0.21739443710748602)
(0.06267607780442595,0.21710473956827048)
(0.06404674839121599,0.21680609461841338)
(0.06540248065382522,0.2164985885108188)
(0.06674340065483506,0.2161823070920941)
(0.06806963285831509,0.2158573358039237)
(0.06938130015398376,0.21552375968440712)
(0.07067852388103295,0.21518166336937342)
(0.07196142385162903,0.2148311310936727)
(0.07323011837408637,0.2144722466924344)
(0.07448472427572482,0.21410509360230973)
(0.07572535692540823,0.21372975486268928)
(0.07695213025576965,0.2133463131169034)
(0.07816515678513054,0.21295485061339212)
(0.07936454763911178,0.2125554492068701)
(0.08055041257194505,0.21214819035946128)
(0.08172285998748531,0.21173315514182625)
(0.08288199695992818,0.21131042423426294)
(0.08402792925424184,0.2108800779278007)
(0.0851607613462996,0.21044219612527815)
(0.0862805964427448,0.20999685834240453)
(0.08738753650055868,0.2095441437088066)
(0.08848168224636457,0.20908413096907177)
(0.08956313319545342,0.20861689848376974)
(0.09063198767053304,0.20814252423046983)
(0.09168834282022569,0.2076610858047464)
(0.09273229463727957,0.20717266042117177)
(0.0937639379765461,0.2066773249143067)
(0.09478336657267387,0.20617515573967604)
(0.09579067305757648,0.20566622897474257)
(0.09678594897761628,0.20515062031986553)
(0.0977692848105745,0.2046284050992629)
(0.09874076998234725,0.20409965826195986)
(0.09970049288342464,0.20356445438273033)
(0.1006485408851104,0.2030228676630445)
(0.10158500035552281,0.20247497193199399)
(0.10250995667534903,0.20192084064723437)
(0.10342349425338147,0.20136054689589686)
(0.10432569654182015,0.20079416339552625)
(0.10521664605135087,0.20022176249498816)
(0.10609642436600904,0.19964341617539316)
(0.10696511215781689,0.19905919605100988)
(0.10782278920121378,0.19846917337017234)
(0.10866953438726275,0.19787341901619415)
(0.10950542573765981,0.1972720035082744)
(0.1103305404185254,0.19666499700240828)
(0.11114495475399935,0.1960524692922849)
(0.11194874423962604,0.19543448981020015)
(0.11274198355554879,0.1948111276279532)
(0.1135247465794961,0.19418245145775495)
(0.11429710639958954,0.1935485296531296)
(0.11505913532694471,0.19290943020981596)
(0.1158109049080932,0.19226522076667116)
(0.1165524859372089,0.191615968606576)
(0.11728394846816138,0.1909617406573344)
(0.11800536182637678,0.1903026034925807)
(0.11871679462052645,0.18963862333268483)
(0.11941831475403286,0.18896986604565408)
(0.12010998943640809,0.1882963971480445)
(0.12079188519441302,0.18761828180586362)
(0.12146406788304895,0.18693558483548428)
(0.12212660269637979,0.18624837070455164)
(0.12277955417819698,0.18555670353289166)
(0.12342298623250776,0.1848606470934333)
(0.1240569621338671,0.18416026481311015)
(0.1246815445375634,0.18345561977378705)
(0.1252967954896213,0.18274677471317047)
(0.12590277643667983,0.1820337920257319)
(0.12649954823568846,0.18131673376362567)
(0.12708717116347723,0.18059566163761206)
(0.12766570492616197,0.17987063701798617)
(0.12823520866841162,0.17914172093549416)
(0.12879574098256563,0.17840897408227255)
(0.12934735991761284,0.1776724568127673)
(0.12989012298802927,0.17693222914467652)
(0.13042408718247192,0.176188350759875)
(0.13094930897234394,0.17544088100535152)
(0.13146584432021552,0.1746898788941519)
(0.13197374868812436,0.1739354031063123)
(0.132473077045728,0.17317751198980175)
(0.1329638838783453,0.17241626356146603)
(0.13344622319485172,0.17165171550797012)
(0.1339201485354667,0.17088392518675163)
(0.13438571297940274,0.170112949626962)
(0.13484296915239694,0.1693388455304178)
(0.13529196923412276,0.16856166927255775)
(0.13573276496548906,0.167781476903392)
(0.13616540765580293,0.16699832414846016)
(0.13658994818983725,0.1662122664097856)
(0.13700643703477502,0.16542335876684153)
(0.1374149242470399,0.16463165597749907)
(0.13781545947901655,0.16383721247900432)
(0.13820809198566686,0.1630400823889294)
(0.13859287063103173,0.16224031950614629)
(0.13896984389463116,0.16143797731178747)
(0.13933905987775394,0.16063310897021896)
(0.13970056630965377,0.15982576733000578)
(0.14005441055363166,0.15901600492488244)
(0.1404006396130294,0.1582038739747325)
(0.14073930013711264,0.15738942638654765)
(0.14107043842687056,0.15657271375541787)
(0.1413941004407033,0.15575378736549317)
(0.14171033180002893,0.15493269819097136)
(0.14201917779478537,0.15410949689706244)
(0.14232068338885268,0.15328423384098494)
(0.14261489322537113,0.15245695907292492)
(0.14290185163198374,0.15162772233703378)
(0.1431816026259725,0.1507965730723936)
(0.1434541899193346,0.14996356041401487)
(0.1437196569237444,0.14912873319380238)
(0.14397804675544776,0.14829213994155105)
(0.14422940224007239,0.1474538288859198)
(0.1444737659173555,0.1466138479554239)
(0.14471118004578076,0.1457722447794102)
(0.14494168660715034,0.14492906668904904)
(0.14516532731107473,0.1440843607183154)
(0.14538214359937468,0.1432381736049723)
(0.14559217665042343,0.14239055179156118)
(0.1457954673834015,0.14154154142638312)
(0.14599205646248595,0.1406911883644861)
(0.14618198430096266,0.13983953816864925)
(0.14636529106526305,0.13898663611036804)
(0.14654201667894273,0.1381325271708425)
(0.14671220082657618,0.13727725604195692)
(0.14687588295759335,0.13642086712726756)
(0.147033102290046,0.13556340454299026)
(0.14718389781430283,0.13470491211897864)
(0.14732830829668817,0.13384543339971142)
(0.14746637228304674,0.13298501164527457)
(0.1475981281022533,0.13212368983234518)
(0.1477236138696543,0.13126151065517147)
(0.14784286749044828,0.130398516526555)
(0.14795592666300975,0.12953474957883582)
(0.1480628288821485,0.12867025166486593)
(0.14816361144231274,0.12780506435899236)
(0.14825831144073504,0.12693922895803292)
(0.14834696578051854,0.12607278648225967)
(0.14842961117366907,0.12520577767636965)
(0.1485062841440715,0.12433824301046277)
(0.1485770210304107,0.12347022268101458)
(0.14864185798904173,0.12260175661185466)
(0.14870083099679823,0.12173288445513479)
(0.14875397585376893,0.12086364559229863)
(0.14880132818599576,0.11999407913505855)
(0.148842923448144,0.11912422392635628)
(0.14887879692611325,0.11825411854133705)
(0.14890898373959724,0.11738380128830934)
(0.14893351884460196,0.11651331020971614)
(0.14895243703591374,0.11564268308309171)
(0.14896577294951904,0.11477195742202874)
(0.14897356106497897,0.11390117047713283)
(0.14897583570776163,0.11303035923698683)
(0.14897263105152597,0.112159560429104)
(0.14896398112036577,0.11128881052088473)
(0.14894991979100575,0.11041814572056664)
(0.1489304807949603,0.10954760197818404)
(0.1489056977206463,0.10867721498650891)
(0.14887560401545868,0.10780702018200707)
(0.1488402329878012,0.10693705274577836)
(0.1487996178090822,0.10606734760450606)
(0.148753791515667,0.1051979394313943)
(0.1487027870107944,0.10432886264711425)
(0.14864663706645434,0.1034601514207409)
(0.14858537432522795,0.10259183967068584)
(0.14851903130209262,0.10172396106563873)
(0.1484476403861877,0.10085654902549329)
(0.14837123384254639,0.09998963672228514)
(0.1482898438137955,0.09912325708111293)
(0.1482035023218148,0.09825744278106777)
(0.14811224126936876,0.09739222625615972)
(0.14801609244169667,0.09652763969623475)
(0.1479150875080853,0.09566371504789976)
(0.14780925802338465,0.09480048401543545)
(0.147698635429521,0.09393797806171347)
(0.14758325105695572,0.09307622840911012)
(0.14746313612612247,0.09221526604041538)
(0.14733832174883993,0.09135512169974261)
(0.14720883892967837,0.09049582589343298)
(0.14707471856731721,0.08963740889096022)
(0.14693599145585853,0.0887799007258318)
(0.14679268828611636,0.08792333119648689)
(0.14664483964688288,0.08706772986719301)
(0.1464924760261618,0.08621312606893938)
(0.14633562781237777,0.08535954890033022)
(0.14617432529555863,0.08450702722847263)
(0.1460085986684872,0.08365558968986186)
(0.1458384780278378,0.08280526469126713)
(0.14566399337527805,0.08195608041061224)
(0.14548517461855004,0.08110806479785515)
(0.14530205157252565,0.08026124557586553)
(0.1451146539602381,0.07941565024129288)
(0.14492301141389463,0.07857130606544718)
(0.144727153475858,0.07772824009515959)
(0.14452710959960977,0.07688647915365299)
(0.14432290915069287,0.07604604984140555)
(0.14411458140762662,0.07520697853700863)
(0.14390215556280933,0.07436929139802866)
(0.14368566072338662,0.0735330143618617)
(0.14346512591211485,0.0726981731465868)
(0.14324058006818408,0.0718647932518158)
(0.14301205204804487,0.07103289995954341)
(0.1427795706261925,0.0702025183349914)
(0.1425431644959474,0.0693736732274493)
(0.1423028622702084,0.06854638927112078)
(0.1420586924821903,0.06772069088595328)
(0.14181068358614138,0.06689660227847762)
(0.14155886395804693,0.06607414744264217)
(0.14130326189630482,0.06525335016063544)
(0.14104390562239977,0.06443423400372199)
(0.14078082328153987,0.06361682233305883)
(0.14051404294329736,0.06280113830052172)
(0.1402435926022169,0.06198720484952478)
(0.13996950017841173,0.061175044715832134)
(0.13969179351815306,0.06036468042837854)
(0.1394105003944254,0.05955613431007486)
(0.13912564850748707,0.05874942847861985)
(0.13883726548539677,0.057944584847305025)
(0.13854537888453927,0.05714162512581793)
(0.13825001619012858,0.05634057082104466)
(0.13795120481669915,0.05554144323786435)
(0.13764897210858232,0.05474426347994952)
(0.13734334534037068,0.05394905245055409)
(0.1370343517173659,0.053155830853307634)
(0.13672201837601547,0.052364619193000714)
(0.1364063723843339,0.051575437776371)
(0.13608744074231766,0.05078830671288805)
(0.13576525038233325,0.05000324591552823)
(0.13543982816950867,0.04922027510155552)
(0.13511120090210557,0.04843941379329827)
(0.13477939531187733,0.04766068131891774)
(0.1344444380644153,0.04688409681317867)
(0.134106355759494,0.046109679218219526)
(0.1337651749313864,0.04533744728431409)
(0.13342092204918848,0.04456741957063562)
(0.13307362351711466,0.04379961444601492)
(0.13272330567479557,0.043034050089700474)
(0.13236999479755776,0.042270744492109304)
(0.13201371709669607,0.04150971545558293)
(0.13165449871973864,0.04075098059513531)
(0.13129236575069403,0.03999455733920098)
(0.13092734421029553,0.03924046293037955)
(0.13055946005623664,0.03848871442617955)
(0.13018873918338822,0.03773932869975621)
(0.1298152074240152,0.03699232244065094)
(0.129438890547985,0.036247712155526364)
(0.1290598142629592,0.03550551416890048)
(0.12867800421458456,0.03476574462387559)
(0.12829348598666304,0.03402841948286456)
(0.12790628510133964,0.03329355452832319)
(0.12751642701924368,0.032561165363465684)
(0.12712393713966197,0.031831267412993546)
(0.12672884080067262,0.03110387592380839)
(0.12633116327929053,0.03037900596573278)
(0.12593092979159506,0.029656672432221733)
(0.12552816549285542,0.028936890041076448)
(0.1251228954776522,0.028219673335155276)
(0.12471514477997403,0.027505036683077702)
(0.12430493837333495,0.026792994279932928)
(0.12389230117085887,0.026083560147981532)
(0.12347725802537542,0.02537674813735751)
(0.12305983372950066,0.02467257192676645)
(0.12264005301571186,0.02397104502418164)
(0.12221794055641792,0.02327218076753976)
(0.1217935209640282,0.022575992325432774)
(0.12136681879099832,0.021882492697796727)
(0.12093785852989443,0.021191694716602236)
(0.12050666461343314,0.020503611046539316)
(0.12007326141452561,0.019818254185701316)
(0.1196376732463054,0.019135636466266273)
(0.11919992436216709,0.018455770055177862)
(0.11876003895578592,0.01777866695482277)
(0.1183180411611376,0.017104339003706025)
(0.11787395505250893,0.01643279787712481)
(0.11742780464451619,0.015764055087840886)
(0.11697961389209667,0.015098121986749488)
(0.11652940669052539,0.014435009763548858)
(0.11607720687539365,0.013774729447403966)
(0.11562303822260683,0.013117291907611003)
(0.11516692444837155,0.012462707854260936)
(0.11470888920917471,0.011810987838897816)
(0.11424895610176669,0.011162142255178425)
(0.11378714866312588,0.010516181339527525)
(0.11332349037043701,0.009873115171793269)
(0.11285800464105054,0.009232953675899427)
(0.11239071483245082,0.008595706620496765)
(0.11192164424220798,0.007961383619611611)
(0.11145081610793764,0.0073299941332930696)
(0.11097825360724654,0.006701547468259004)
(0.11050397985768935,0.006076052778540433)
(0.11002801791669813,0.005453519066121073)
(0.1095503907815387,0.004833955181580255)
(0.10907112138923847,0.004217369824730579)
(0.1085902326165289,0.0036037715452543794)
(0.10810774727976685,0.00299316874333921)
(0.10762368813487307,0.002385569670311455)
(0.10713807787725045,0.0017809824292680267)
(0.10665093914171656,0.0011794149757064975)
(0.10616229450240862,0.0005808751181542501)
(0.1056721664727205,-0.00001462948120540203)
(0.10518057750520139,-0.0006070913059072752)
(0.10468754999147724,-0.001196502984580285)
(0.1041931062621581,-0.0017828572903260957)
(0.10369726858674679,-0.00236614714009749)
(0.10320005917354229,-0.0029463655940797297)
(0.10270150016954831,-0.0035235058550726487)
(0.10220161366036838,-0.004097561267874757)
(0.10170042167010591,-0.004668525318668576)
(0.10119794616126632,-0.005236391634407283)
(0.10069420903464713,-0.0058011539822031685)
(0.10018923212923274,-0.006362806268717574)
(0.0996830372220859,-0.0069213425395517145)
(0.09917564602823535,-0.00747675697863893)
(0.09866708020056816,-0.00802904390764019)
(0.09815736132971341,-0.008578197785338202)
(0.09764651094392482,-0.00912421320703432)
(0.09713455050896397,-0.009667084903946514)
(0.09662150142798961,-0.01020680774261071)
(0.09610738504142718,-0.01074337672427864)
(0.09559222262685255,-0.011276786984322244)
(0.09507603539887265,-0.011807033791637165)
(0.094558844508994,-0.012334112548045523)
(0.09404067104550659,-0.012858018787704716)
(0.09352153603334576,-0.013378748176511716)
(0.09300146043398048,-0.013896296511514616)
(0.09248046514527461,-0.014410659720321704)
(0.0919585710013577,-0.014921833860511088)
(0.09143579877249511,-0.015429815119043216)
(0.0909121691649612,-0.015934599811675915)
(0.0903877028209043,-0.016436184382379)
(0.08986242031821186,-0.016934565402748212)
(0.08933634217037845,-0.017429739571424047)
(0.08880948882637307,-0.017921703713509644)
(0.08828188067049846,-0.01841045477998924)
(0.08775353802226418,-0.01889598984715093)
(0.0872244811362378,-0.019378306116004235)
(0.0866947302019205,-0.01985740091170812)
(0.08616430534359802,-0.02033327168298962)
(0.08563322662021314,-0.020805916001572885)
(0.0851015140252169,-0.02127533156160273)
(0.08456918748643819,-0.02174151617907249)
(0.08403626686594082,-0.022204467791253048)
(0.08350277195987652,-0.022664184456118213)
(0.08296872249836117,-0.023120664351781676)
(0.08243413814532105,-0.023573905775921996)
(0.08189903849835417,-0.024023907145217523)
(0.08136344308859432,-0.024470666994779355)
(0.08082737138056752,-0.024914183977586223)
(0.08029084277204879,-0.02535445686391802)
(0.07975387659392272,-0.02579148454079287)
(0.07921649211004328,-0.026225266011405023)
(0.07867870851709077,-0.02665580039456167)
(0.07814054494443108,-0.02708308692412305)
(0.0776020204539745,-0.027507124948441805)
(0.077063154040033,-0.027927913929803132)
(0.07652396462918333,-0.028345453443868875)
(0.0759844710801218,-0.028759743179119054)
(0.07544469218352029,-0.029170782936292567)
(0.07490464666189249,-0.02957857262783561)
(0.07436435316945128,-0.029983112277347176)
(0.07382383029196568,-0.030384402019021466)
(0.07328309654662389,-0.030782442097099367)
(0.07274217038188957,-0.031177232865311797)
(0.07220107017736799,-0.031568774786334824)
(0.07165981424366204,-0.03195706843123195)
(0.07111842082223127,-0.032342114478908585)
(0.07057690808526172,-0.03272391371556329)
(0.07003529413552216,-0.033102467034140104)
(0.06949359700622523,-0.033477775433779416)
(0.06895183466089493,-0.033849840019273006)
(0.06841002499322417,-0.03421866200051829)
(0.06786818582694533,-0.03458424269197304)
(0.067326334915688,-0.0349465835121129)
(0.066784489942848,-0.0353056859828859)
(0.06624266852145087,-0.03566155172917144)
(0.06570088819401987,-0.036014182478238295)
(0.06515916643243944,-0.036363580059204405)
(0.06461752063782485,-0.03670974640249373)
(0.06407596814038949,-0.037052683539299865)
(0.06353452619931407,-0.0373923936010474)
(0.06299321200261279,-0.037728878818849676)
(0.06245204266700742,-0.03806214152297612)
(0.06191103523779668,-0.038392184142313754)
(0.061370206688724886,-0.03871900920383035)
(0.06082957392185724,-0.039042619332040375)
(0.060289153767453425,-0.039363017248470425)
(0.05974896298383774,-0.03968020577112371)
(0.059209018257276744,-0.039994187813949526)
(0.05866933620185235,-0.04030496638630741)
(0.05812993335934237,-0.04061254459243826)
(0.057590826199090527,-0.04091692563093248)
(0.0570520311178921,-0.04121811279419735)
(0.05651356443986695,-0.04151610946792847)
(0.05597544241634269,-0.04181091913058039)
(0.0554376812257355,-0.04210254535284099)
(0.05490029697342932,-0.04239099179709688)
(0.05436330569165964,-0.04267626221691213)
(0.053826723339398204,-0.04295836045649784)
(0.05329056580223917,-0.043237290450188204)
(0.052754848892277995,-0.04351305622191412)
(0.05221958834800717,-0.04378566188467889)
(0.05168479983419526,-0.044055111640031445)
(0.051150498941783216,-0.04432140977754751)
(0.05061670118776923,-0.04458456067430236)
(0.05008342201510331,-0.044844568794349636)
(0.04955067679257213,-0.04510143868820022)
(0.04901848081470354,-0.04535517499230177)
(0.0484868493016468,-0.04560578242851295)
(0.04795579739908292,-0.045853265803591385)
(0.04742534017810822,-0.046097630008667456)
(0.04689549263514003,-0.04633888001873031)
(0.046366269691809785,-0.04657702089210373)
(0.04583768619487118,-0.04681205776993661)
(0.04530975691609078,-0.047043995875678035)
(0.044782496552155375,-0.0472728405145629)
(0.044255919724580456,-0.04749859707310147)
(0.04373004097960537,-0.04772127101855346)
(0.04320487478810446,-0.04794086789842433)
(0.04268043554549413,-0.04815739333994124)
(0.0421567375716434,-0.048370853049547594)
(0.04163379511077543,-0.04858125281238468)
(0.041111622331392414,-0.04878859849178017)
(0.04059023332616727,-0.04899289602873665)
(0.04006964211188286,-0.0491941514414205)
(0.03954986262931958,-0.04939237082464854)
(0.03903090874319409,-0.04958756034938171)
(0.03851279424206374,-0.04977972626221175)
(0.03799553283825331,-0.049968874884855415)
(0.037479138167765935,-0.050155012613641914)
(0.03696362379020867,-0.050338145919004956)
(0.03644900318871987,-0.05051828134498073)
(0.035935289769886566,-0.050695425508692375)
(0.03542249686367531,-0.05086958509985117)
(0.03491063772334908,-0.05104076688024605)
(0.03439972552541115,-0.051208977683241494)
(0.03388977336951878,-0.05137422441326517)
(0.033380794278428015,-0.05153651404531744)
(0.03287280119791178,-0.05169585362445094)
(0.032365806996704986,-0.051852250265281265)
(0.0318598244664373,-0.05200571115147963)
(0.03135486632156385,-0.05215624353526387)
(0.030850945199308786,-0.0523038547369095)
(0.03034807365960395,-0.052448552144238665)
(0.029846264185029534,-0.05259034321212396)
(0.029345529180752405,-0.05272923546198937)
(0.028845880974474724,-0.052865236481306185)
(0.02834733181637793,-0.052998353923100136)
(0.02784989387906773,-0.05312859550544889)
(0.027353579257524456,-0.053255969010989286)
(0.026858399969047687,-0.05338048228641076)
(0.026364367953214854,-0.05350214324197057)
(0.0258714950718283,-0.053620959850988754)
(0.02537979310886902,-0.05373694014935707)
(0.024889273770452264,-0.0538500922350421)
(0.024399948684789896,-0.05396042426759468)
(0.023911829402141274,-0.05406794446765)
(0.02342492739477755,-0.05417266111643716)
(0.022939254056940687,-0.0542745825552914)
(0.022454820704810276,-0.054373717185153825)
(0.021971638576462907,-0.054470073466085615)
(0.02148971883183893,-0.05456365991677266)
(0.021009072552713677,-0.05465448511404029)
(0.020529710742667236,-0.05474255769236074)
(0.020051644327043882,-0.054827886343364725)
(0.019574884152938062,-0.054910479815347725)
(0.019099440989162823,-0.054990346912793434)
(0.01862532552621743,-0.055067496495872885)
(0.018152548376277215,-0.05514193747996747)
(0.01768112007316223,-0.05521367883517848)
(0.01721105107231961,-0.05528272958584191)
(0.016742351750806378,-0.055349098810043136)
(0.016275032407268467,-0.05541279563913225)
(0.015809103261930527,-0.05547382925724378)
(0.015344574456578134,-0.05553220890080642)
(0.014881456054545501,-0.0555879438580651)
(0.014419758040703605,-0.055641043468598356)
(0.013959490321455482,-0.05569151712283834)
(0.013500662724722999,-0.05573937426158505)
(0.01304328499994343,-0.055784624375528016)
(0.012587366818062636,-0.05582727700477191)
(0.012132917771538927,-0.055867341738350805)
(0.011679947374326061,-0.05590482821374953)
(0.011228465061894084,-0.05593974611643442)
(0.010778480191212596,-0.055972105179363615)
(0.010330002040766464,-0.056001915182523995)
(0.0098830398105511,-0.056029185952442565)
(0.009437602622085584,-0.05605392736171961)
(0.008993699518420672,-0.05607614932855164)
(0.008551339464140892,-0.05609586181625757)
(0.008110531345385264,-0.05611307483280413)
(0.007671283969852406,-0.0561277984303365)
(0.007233606066819904,-0.056140042704700605)
(0.00679750628715842,-0.05614981779497944)
(0.006362993203347373,-0.056157133883015645)
(0.005930075309495353,-0.056162001192942894)
(0.00549876102136302,-0.05616442999072198)
(0.005069058676380259,-0.05616443058366492)
(0.004640976533677857,-0.05616201331997142)
(0.00421452277410235,-0.05615718858825795)
(0.0037897055002500376,-0.056149966817099044)
(0.0033665327364989454,-0.05614035847454919)
(0.002945012429027915,-0.056128374067688294)
(0.002525152445860958,-0.05611402414215329)
(0.0021069605768893377,-0.05609731928167148)
(0.0016904445339123752,-0.05607827010760215)
(0.0012756119506766074,-0.05605688727847319)
(0.0008624703829075488,-0.056033181489515846)
(0.00045102730835554835,-0.05600716347220918)
(0.000041290126829152025,-0.05597884399381724)
(-0.0003667338397520591,-0.055948233856926974)
(-0.0007730373473219907,-0.05591534389899312)
(-0.0011776132296134514,-0.05588018499188258)
(-0.001580454398119044,-0.0558427680414063)
(-0.0019815538420353373,-0.0558031039868796)
(-0.002380904628215218,-0.055761203800649084)
(-0.002778499901115296,-0.05571707848764804)
(-0.0031743328827388774,-0.055670739084945624)
(-0.0035683968725854446,-0.05562219666127756)
(-0.003960685247589717,-0.05557146231661087)
(-0.004351191462061566,-0.05551854718168335)
(-0.0047399090476339225,-0.05546346241755177)
(-0.005126831613186653,-0.05540621921514399)
(-0.00551195284479456,-0.05534682879481304)
(-0.005895266505662553,-0.055285302405878055)
(-0.00627676643605239,-0.055221651326185034)
(-0.0066564465532157405,-0.055155886861659405)
(-0.007034300851329421,-0.05508802034585646)
(-0.00741032340141672,-0.055018063139515606)
(-0.007784508351280058,-0.05494602663011915)
(-0.008156849925426443,-0.05487192223144058)
(-0.008527342424986924,-0.05479576138311738)
(-0.008895980227644346,-0.05471755555019221)
(-0.009262757787545315,-0.054637316222676924)
(-0.009627669635234898,-0.05455505491511824)
(-0.009990710377557126,-0.05447078316614706)
(-0.01035187469758385,-0.05438451253805294)
(-0.010711157354515926,-0.054296254616333244)
(-0.011068553183617911,-0.05420602100926453)
(-0.011424057096106263,-0.05411382334746287)
(-0.01177766407907055,-0.05401967328345059)
(-0.012129369195380973,-0.05392358249121643)
(-0.012479167583596896,-0.05382556266579096)
(-0.012827054457869084,-0.05372562552280734)
(-0.013173025107840868,-0.053623782798071236)
(-0.0135170748985588,-0.053520046247130366)
(-0.013859199270365462,-0.05341442764484387)
(-0.014199393738801547,-0.05330693878495609)
(-0.014537653894501828,-0.05319759147966012)
(-0.014873975403098014,-0.053086397559184414)
(-0.015208354005103095,-0.052973368871353045)
(-0.015540785515811716,-0.052858517281167014)
(-0.015871265825189808,-0.05274185467038357)
(-0.016199790897761805,-0.0526233929370813)
(-0.016526356772505944,-0.052503143995248684)
(-0.01685095956273332,-0.0523811197743575)
(-0.017173595455980704,-0.05225733221894476)
(-0.01749426071388832,-0.052131793288189045)
(-0.01781295167208452,-0.05200451495549833)
(-0.01812966474007196,-0.05187550920807999)
(-0.018444396401099208,-0.05174478804654243)
(-0.018757143212042915,-0.05161236348446416)
(-0.01906790180328444,-0.0514782475479876)
(-0.019376668878586766,-0.05134245227539885)
(-0.019683441214960285,-0.05120498971672223)
(-0.019988215662546813,-0.0510658719333045)
(-0.020290989144482026,-0.050925110997401414)
(-0.020591758656762986,-0.050782718991774334)
(-0.0208905212681274,-0.05063870800927746)
(-0.021187274119905168,-0.050493090152452735)
(-0.021482014425897363,-0.05034587753312192)
(-0.02177473947222626,-0.05019708227198212)
(-0.02206544661721048,-0.050046716498197905)
(-0.02235413329121512,-0.04989479234900416)
(-0.022640796996517186,-0.049741321969296266)
(-0.022925435307158595,-0.049586317511238105)
(-0.023208045868806676,-0.04942979113385142)
(-0.023488626398611212,-0.049271755002626386)
(-0.02376717468504889,-0.04911222128911587)
(-0.02404368858778366,-0.048951202170543245)
(-0.024318166037511458,-0.04878870982940557)
(-0.024590605035819477,-0.048624756453079565)
(-0.024861003655019354,-0.048459354233424366)
(-0.025129360038005904,-0.048292515366392216)
(-0.025395672398096793,-0.048124252051636986)
(-0.02565993901887628,-0.04795457649212087)
(-0.025922158254042118,-0.04778350089373477)
(-0.026182328527238636,-0.0476110374648948)
(-0.026440448331903513,-0.047437198416168135)
(-0.02669651623110188,-0.047261995959881)
(-0.026950530857364978,-0.047085442309735936)
(-0.027202490912526068,-0.046907549680432106)
(-0.02745239516755299,-0.046728330287273336)
(-0.027700242462382157,-0.04654779634579772)
(-0.027946031705750152,-0.04636596007139198)
(-0.02818976187502016,-0.04618283367890707)
(-0.028431432016022152,-0.045998429382298506)
(-0.02867104124286381,-0.04581275939422656)
(-0.028908588737771152,-0.045625835925703746)
(-0.029144073750903516,-0.04543767118569855)
(-0.02937749560018524,-0.045248277380785455)
(-0.029608853671123717,-0.04505766671475322)
(-0.029838147416626156,-0.04486585138824575)
(-0.030065376356827336,-0.04467284359839125)
(-0.0302905400789048,-0.04447865553843086)
(-0.030513638236896613,-0.04428329939735645)
(-0.030734670551512487,-0.044086787359538755)
(-0.030953636809956536,-0.0438891316043732)
(-0.031170536865731947,-0.0436903443059041)
(-0.0313853706384638,-0.04349043763247466)
(-0.031598138113696106,-0.04328942374635456)
(-0.031808839342716326,-0.043087314803395435)
(-0.03201747444234961,-0.04288412295265811)
(-0.032224043594776555,-0.04267986033606429)
(-0.0324285470473336,-0.042474539088038527)
(-0.03263098511232026,-0.042268171335155806)
(-0.03283135816680235,-0.04206076919578879)
(-0.03302966665240901,-0.0418523447797472)
(-0.033225911075144166,-0.041642910187942486)
(-0.0334200920051769,-0.0414324775120254)
(-0.033612210076643056,-0.04122105883404925)
(-0.0338022659874452,-0.04100866622611211)
(-0.033990260499046465,-0.040795311750022455)
(-0.034176194436264705,-0.04058100745694646)
(-0.034360068687070686,-0.04036576538707333)
(-0.03454188420237687,-0.04014959756926651)
(-0.03472164199582706,-0.039932516020725936)
(-0.034899343143596426,-0.03971453274665741)
(-0.03507498878416858,-0.039495659739922175)
(-0.03524858011813264,-0.03927590898070981)
(-0.03542011840796893,-0.03905529243620433)
(-0.03558960497782847,-0.03883382206024348)
(-0.03575704121333021,-0.03861150979299351)
(-0.03592242856132777,-0.03838836756062007)
(-0.03608576852971332,-0.03816440727495137)
(-0.036247062687174765,-0.03793964083315707)
(-0.03640631266300107,-0.03771408011742027)
(-0.03656352014683904,-0.03748773699461073)
(-0.03671868688848904,-0.037260623315962756)
(-0.03687181469767289,-0.03703275091675538)
(-0.03702290544381299,-0.03680413161598499)
(-0.03717196105580426,-0.03657477721605558)
(-0.03731898352179492,-0.03634469950244929)
(-0.037463974888951576,-0.036113910243419964)
(-0.037606937263235427,-0.035882421189669625)
(-0.0377478728091791,-0.03565024407404582)
(-0.037886783749638324,-0.03541739061121422)
(-0.03802367236558347,-0.035183872497362115)
(-0.03815854099585233,-0.03494970140987941)
(-0.03829139203692059,-0.034714889007051816)
(-0.03842222794267035,-0.0344794469277613)
(-0.03855105122415259,-0.03424338679117063)
(-0.03867786444935214,-0.03400672019642925)
(-0.038802670242949956,-0.03376945872236235)
(-0.03892547128608702,-0.03353161392717742)
(-0.03904627031612192,-0.033293197348159706)
(-0.03916507012639353,-0.033054220501375055)
(-0.03928187356597812,-0.03281469488137578)
(-0.03939668353945384,-0.032574631960906944)
(-0.03950950300664862,-0.0323340431906056)
(-0.0396203349824011,-0.03209293999871716)
(-0.03972918253632065,-0.03185133379079956)
(-0.03983604879253139,-0.031609235949434454)
(-0.03994093692943732,-0.03136665783394378)
(-0.04004385017946285,-0.0311236107800978)
(-0.04014479182882233,-0.03088010609983628)
(-0.04024376521724767,-0.030636155080980144)
(-0.04034077373775794,-0.030391768986952904)
(-0.0404358208364,-0.030146959056500257)
(-0.040528910011998306,-0.029901736503411037)
(-0.040620044815907655,-0.0296561125162409)
(-0.04070922885174519,-0.029410098258035002)
(-0.04079646577515324,-0.029163704866055032)
(-0.04088175929353486,-0.028916943451507086)
(-0.04096511316580057,-0.028669825099269283)
(-0.04104653120211286,-0.02842236086762607)
(-0.041126017263623575,-0.02817456178799324)
(-0.04120357526222593,-0.02792643886466086)
(-0.041279209160283076,-0.027678003074516976)
(-0.041352922970379215,-0.027429265366796858)
(-0.041424720755051214,-0.027180236662811608)
(-0.0414946066265314,-0.0269309278556896)
(-0.04156258474648531,-0.02668134981012381)
(-0.041628659325750515,-0.026431513362108233)
(-0.04169283462406669,-0.026181429318683908)
(-0.04175511494981844,-0.025931108457687115)
(-0.041815504659764906,-0.025680561527492655)
(-0.04187400815877965,-0.0254297992467683)
(-0.041930629899579665,-0.02517883230422129)
(-0.041985374382458224,-0.024927671358352735)
(-0.04203824615502367,-0.024676327037211315)
(-0.04208924981191993,-0.02442480993814748)
(-0.04213838999456549,-0.02417313062756966)
(-0.04218567139088306,-0.023921299640707695)
(-0.042231098735025216,-0.0236693274813675)
(-0.04227467680710711,-0.023417224621695692)
(-0.04231641043293314,-0.023165001501943075)
(-0.04235630448371895,-0.022912668530224917)
(-0.042394363875834416,-0.022660236082299192)
(-0.04243059357050641,-0.022407714501317542)
(-0.04246499857356882,-0.022155114097612335)
(-0.042497583935167504,-0.021902445148453836)
(-0.04252835474950059,-0.021649717897835426)
(-0.042557316154526306,-0.02139694255623534)
(-0.04258447333170465,-0.021144129300405996)
(-0.04260983150570527,-0.020891288273141653)
(-0.042633395944133914,-0.02063842958306176)
(-0.042655171957261095,-0.02038556330439477)
(-0.04267516489772998,-0.02013269947675431)
(-0.04269338016028879,-0.01987984810492849)
(-0.042709823181502,-0.019627019158663484)
(-0.04272449943947542,-0.019374222572450597)
(-0.04273741445357948,-0.01912146824532251)
(-0.042748573784152304,-0.01886876604063073)
(-0.04275798303223167,-0.018616125785849265)
(-0.0427656478392661,-0.018363557272363183)
(-0.04277157388683728,-0.018111070255268272)
(-0.04277576689636669,-0.017858674453162433)
(-0.042778232628845225,-0.017606379547952144)
(-0.04277897688452984,-0.017354195184643886)
(-0.0427780055026815,-0.01710213097115595)
(-0.04277532436126175,-0.01685019647811648)
(-0.04277093937665456,-0.016598401238668986)
(-0.042764856503378974,-0.016346754748282653)
(-0.04275708173380227,-0.016095266464557834)
(-0.042747621097852836,-0.015843945807039322)
(-0.04273648066273406,-0.015592802157026232)
(-0.04272366653263215,-0.01534184485738649)
(-0.04270918484843458,-0.01509108321237293)
(-0.042693041787433786,-0.014840526487439382)
(-0.04267524356304562,-0.014590183909060143)
(-0.0426557964245171,-0.014340064664550727)
(-0.04263470665663018,-0.014090177901886748)
(-0.04261198057942473,-0.013840532729532742)
(-0.04258762454789599,-0.01359113821626317)
(-0.0425616449517118,-0.013342003390992339)
(-0.042534048214915327,-0.013093137242599686)
(-0.04250484079564101,-0.012844548719764476)
(-0.04247402918581689,-0.012596246730795211)
(-0.04244161991087343,-0.012348240143462806)
(-0.04240761952945361,-0.012100537784837032)
(-0.04237203463311924,-0.011853148441123427)
(-0.04233487184605566,-0.011606080857501293)
(-0.04229613782478554,-0.01135934373796598)
(-0.042255839257865885,-0.01111294574516696)
(-0.04221398286560262,-0.010866895500256124)
(-0.04217057539975502,-0.010621201582730647)
(-0.04212562364323697,-0.010375872530279417)
(-0.042079134409827905,-0.010130916838633038)
(-0.042031114543874364,-0.009886342961413233)
(-0.04198157092000329,-0.00964215930998749)
(-0.041930510442815164,-0.009398374253318399)
(-0.04187794004659672,-0.009154996117821503)
(-0.041823866695023956,-0.008912033187222885)
(-0.04176829738086826,-0.008669493702416828)
(-0.04171123912569693,-0.008427385861326613)
(-0.04165269897958294,-0.008185717818766333)
(-0.04159268402080373,-0.00794449768630481)
(-0.04153120135554584,-0.0077037335321305)
(-0.04146825811761261,-0.007463433380919483)
(-0.041403861468124394,-0.00722360521370323)
(-0.04133801859522476,-0.006984256967740532)
(-0.041270736713779156,-0.0067453965363869816)
(-0.04120202306508627,-0.006507031768972178)
(-0.04113188491657231,-0.006269170470672208)
(-0.04106032956149995,-0.006031820402387518)
(-0.04098736431867175,-0.005794989280623557)
(-0.04091299653212697,-0.005558684777367884)
(-0.040837233570855676,-0.005322914519976081)
(-0.04076008282849005,-0.0050876860910521364)
(-0.04068155172301465,-0.004853007028336235)
(-0.040601647696464946,-0.0046188848245905835)
(-0.040520378214635874,-0.004385326927489262)
(-0.04043775076677854,-0.004152340739507618)
(-0.04035377286530548,-0.003919933617815502)
(-0.04026845204549355,-0.003688112874169635)
(-0.040181795865188885,-0.003456885774811017)
(-0.04009381190450717,-0.003226259540360538)
(-0.040004507765536094,-0.0029962413457185456)
(-0.03991389107203895,-0.0027668383199645186)
(-0.039821969469159474,-0.002538057546260549)
(-0.03972875062312294,-0.0023099060617538685)
(-0.03963424222093976,-0.0020823908574828308)
(-0.039538451970107094,-0.0018555188782843795)
(-0.039441387598315204,-0.0016292970227020326)
(-0.039343056853148116,-0.001403732142897051)
(-0.03924346750178839,-0.0011788310445601012)
(-0.03914262733072037,-0.0009546004868255534)
(-0.03904054414543173,-0.0007310471821860093)
(-0.0389372257701214,-0.0005081777964102854)
(-0.03883268004740014,-0.0002859989484613927)
(-0.03872691483799382,-0.00006451721041763993)
(-0.03861993802044895,0.00015626089260585015)
(-0.03851175749084226,0.0003763288825336676)
(-0.03840238116247096,0.0005956803284040981)
(-0.03829181696557352,0.0008143088464426728)
(-0.03818007284702271,0.0010322081001333055)
(-0.03806715677003738,0.0012493718002883243)
(-0.03795307671388224,0.0014657937051163602)
(-0.03783784067357808,0.0016814676202888009)
(-0.037721456659604684,0.0018963873990048047)
(-0.037603932697605036,0.002110546942054187)
(-0.03748527682809392,0.0023239401978794702)
(-0.03736549710616481,0.002536561162635293)
(-0.03724460160119082,0.0027484038802467504)
(-0.03712259839653912,0.002959462442466769)
(-0.03699949558927098,0.003169730988930229)
(-0.03687530128985188,0.003379203707207789)
(-0.03675002362185859,0.003587874832857879)
(-0.03662367072168766,0.003795738649476354)
(-0.036496250738262556,0.004002789488746031)
(-0.03636777183273985,0.0042090217304821455)
(-0.03623824217822014,0.004414429802678721)
(-0.0361076699594579,0.004619008181552388)
(-0.035976063372567355,0.004822751391584055)
(-0.03584343062473503,0.005025654005559361)
(-0.03570977993392613,0.0052277106446077136)
(-0.035575119528599576,0.005428915978240045)
(-0.03543945764741048,0.0056292647243831075)
(-0.035302802538931914,0.005828751649415879)
(-0.035165162461354295,0.006027371568199269)
(-0.035026545682205916,0.00622511934410931)
(-0.03488696047806028,0.006421989889065377)
(-0.034746415134251446,0.0066179781635583666)
(-0.0346049179445817,0.006813079176676544)
(-0.03446247721104014,0.0070072879861302)
(-0.03431910124350833,0.007200599698273264)
(-0.03417479835948864,0.0073930094681288585)
(-0.03402957688380289,0.0075845124994047474)
(-0.03388344514831271,0.0077751040445125895)
(-0.03373641149163918,0.00796477940458648)
(-0.033588484258869476,0.008153533929495362)
(-0.033439671801283564,0.008341363017860237)
(-0.033289982476061894,0.008528262117062174)
(-0.03313942464600416,0.008714226723254984)
(-0.03298800667925087,0.008899252381374486)
(-0.03283573694899655,0.009083334685144377)
(-0.03268262383320922,0.009266469277083193)
(-0.032528675714349975,0.00944865184850721)
(-0.032373900979094164,0.009629878139535657)
(-0.03221830801804596,0.009810143939089274)
(-0.032061905225461734,0.009989445084890384)
(-0.03190470099897526,0.0101677774634638)
(-0.031746703739309365,0.010345137010128907)
(-0.03158792185000666,0.01052151970899933)
(-0.03142836373714662,0.010696921592971734)
(-0.031268037809071454,0.01087133874372203)
(-0.03110695247611196,0.011044767291695621)
(-0.030945116150300173,0.011217203416091075)
(-0.03078253724510932,0.01138864334485476)
(-0.030619224175167693,0.011559083354662261)
(-0.030455185355992394,0.011728519770905261)
(-0.030290429203709925,0.011896948967673227)
(-0.030124964134785423,0.012064367367734924)
(-0.02995879856574966,0.012230771442518598)
(-0.029791940912928416,0.012396157712091255)
(-0.02962439959217147,0.01256052274513545)
(-0.02945618301858064,0.012723863158924929)
(-0.02928729960623842,0.0128861756192966)
(-0.029117757767942967,0.01304745684062632)
(-0.028947565914935892,0.013207703585798876)
(-0.0287767324566366,0.013366912666177812)
(-0.028605265800373262,0.013525080941572478)
(-0.028433174351117585,0.013682205320207596)
(-0.028260466511214485,0.013838282758684277)
(-0.028087150680126106,0.013993310261949854)
(-0.027913235254157804,0.014147284883256036)
(-0.02773872862619481,0.014300203724118027)
(-0.027563639185446877,0.014452063934281778)
(-0.027387975317178136,0.014602862711675102)
(-0.027211745402448886,0.014752597302367835)
(-0.027034957817850223,0.014901265000524154)
(-0.026857620935251073,0.015048863148362892)
(-0.026679743121530205,0.015195389136101224)
(-0.02650133273832178,0.01534084040191344)
(-0.02632239814175899,0.015485214431876766)
(-0.02614294768220901,0.015628508759920178)
(-0.02596298970402886,0.01577072096777402)
(-0.02578253254529242,0.015911848684908962)
(-0.02560158453755143,0.016051889588488095)
(-0.025420154005570066,0.01619084140330506)
(-0.025238249267079335,0.016328701901728172)
(-0.025055878632516612,0.016465468903635774)
(-0.024873050404780488,0.01660114027636182)
(-0.024689772878969896,0.016735713934625092)
(-0.024506054342145804,0.016869187840472383)
(-0.024321903073074108,0.01700156000321145)
(-0.024137327341975382,0.01713282847933886)
(-0.023952335410282896,0.01726299137248282)
(-0.023766935530389575,0.017392046833319654)
(-0.023581135945405375,0.01751999305951687)
(-0.023394944888908892,0.017646828295651812)
(-0.023208370584703913,0.017772550833141332)
(-0.023021421246578157,0.017897159010170003)
(-0.02283410507805166,0.018020651211607615)
(-0.022646430272148042,0.018143025868938442)
(-0.022458405011140402,0.01826428146017948)
(-0.0222700374663173,0.018384416509799842)
(-0.02208133579774115,0.018503429588641727)
(-0.021892308154013745,0.018621319313837596)
(-0.021702962672033033,0.018738084348725988)
(-0.021513307476751842,0.018853723402762736)
(-0.02132335068095773,0.01896823523144392)
(-0.021133100385023727,0.01908161863620781)
(-0.020942564676678196,0.019193872464357612)
(-0.020751751630771413,0.019304995608955905)
(-0.020560669309047007,0.019414987008753395)
(-0.0203693257599035,0.01952384564807617)
(-0.020177729018168136,0.01963157055674424)
(-0.019985887104865173,0.0197381608099762)
(-0.019793808026992227,0.019843615528286812)
(-0.01960149977728676,0.019947933877397434)
(-0.01940897033399871,0.020051115068126867)
(-0.019216227660670365,0.0201531583563029)
(-0.019023279705906917,0.02025406304265504)
(-0.01883013440315593,0.020353828472715375)
(-0.018636799670479143,0.020452454036708475)
(-0.018443283410335326,0.020549939169454752)
(-0.018249593509357103,0.02064628335026136)
(-0.018055737838134547,0.020741486102815225)
(-0.01786172425098596,0.02083554699507379)
(-0.017667560585755533,0.02092846563915911)
(-0.01747325466358237,0.02102024169124371)
(-0.017278814288690228,0.021110874851442835)
(-0.017084247248174145,0.021200364863696152)
(-0.016889561311782025,0.021288711515659538)
(-0.01669476423170454,0.021375914638587658)
(-0.016499863742363032,0.021461974107216092)
(-0.01630486756019898,0.02154688983965039)
(-0.016109783383459787,0.021630661797237154)
(-0.015914618891999167,0.021713289984456784)
(-0.015719381747057306,0.021794774448794428)
(-0.015524079591058674,0.021875115280615084)
(-0.015328720047416552,0.0219543126130571)
(-0.01513331072031141,0.022032366621893104)
(-0.014937859194496835,0.022109277525403908)
(-0.014742373035098604,0.022185045584267316)
(-0.014546859787404899,0.022259671101420773)
(-0.014351326976675308,0.022333154421927584)
(-0.014155782107932583,0.022405495932860973)
(-0.01396023266577065,0.02247669606316576)
(-0.013764686114155053,0.02254675528353006)
(-0.013569149896229829,0.022615674106253102)
(-0.013373631434113022,0.022683453085104673)
(-0.013178138128716568,0.02275009281520643)
(-0.012982677359539705,0.02281559393288018)
(-0.012787256484489005,0.022879957115519555)
(-0.012591882839675531,0.022943183081449492)
(-0.012396563739240304,0.02300527258979542)
(-0.01220130647514985,0.023066226440335933)
(-0.01200611831702292,0.023126045473364457)
(-0.011811006511932152,0.02318473056954659)
(-0.011615978284227526,0.023242282649784216)
(-0.011421040835349658,0.023298702675063884)
(-0.011226201343646238,0.023353991646315277)
(-0.011031466964186859,0.023408150604270737)
(-0.010836844828593019,0.023461180629312742)
(-0.010642342044848341,0.023513082841338247)
(-0.010447965697124612,0.023563858399589015)
(-0.010253722845602605,0.02361350850252329)
(-0.010059620526297133,0.02366203438765811)
(-0.009865665750885282,0.023709437331422396)
(-0.009671865506527332,0.023755718648994777)
(-0.009478226755695988,0.02380087969416529)
(-0.009284756436008703,0.02384492185917026)
(-0.00909146146004978,0.023887846574547424)
(-0.008898348715209703,0.02392965530896991)
(-0.008705425063511503,0.023970349569104633)
(-0.008512697341448163,0.024009930899441305)
(-0.008320172359809336,0.024048400882139012)
(-0.008127856903529088,0.02408576113687844)
(-0.007935757731515194,0.02412201332068426)
(-0.007743881576481923,0.02415715912777689)
(-0.007552235144803247,0.024191200289407296)
(-0.007360825116340597,0.024224138573699882)
(-0.007169658144288406,0.02425597578547905)
(-0.006978740855023694,0.02428671376612055)
(-0.006788079847938439,0.024316354393372517)
(-0.006597681695289228,0.024344899581198294)
(-0.006407552942051408,0.024372351279608972)
(-0.006217700105751985,0.024398711474498947)
(-0.006028129676335391,0.024423982187473995)
(-0.005838848115995825,0.024448165475685502)
(-0.005649861859042887,0.024471263431657723)
(-0.005461177311744527,0.024493278183127798)
(-0.005272800852189547,0.02451421189286447)
(-0.005084738830129507,0.02453406675849503)
(-0.004896997566852071,0.02455284501235238)
(-0.004709583355022117,0.024570548921278794)
(-0.004522502458552039,0.024587180786466514)
(-0.004335761112447777,0.024602742943276787)
(-0.0041493655226909265,0.024617237761072986)
(-0.00396332186608114,0.02463066764303187)
(-0.0037776362901088116,0.02464303502598337)
(-0.003592314912817473,0.02465434238022074)
(-0.003407363822670966,0.024664592209326652)
(-0.003222789078423266,0.024673787050006037)
(-0.0030385967089778835,0.02468192947187888)
(-0.002854792713267754,0.0246890220773343)
(-0.0026713830601202927,0.024695067501324337)
(-0.002488373688130483,0.024700068411201603)
(-0.002305770505540945,0.024704027506524506)
(-0.0021235793900990342,0.02470694751887767)
(-0.0019418061889547521,0.02470883121169213)
(-0.0017604567185277292,0.024709681380069258)
(-0.0015795367643744833,0.024709500850575654)
(-0.0013990520810933623,0.024708292481078933)
(-0.0012190083921780857,0.024706059160553125)
(-0.0010394113899262036,0.024702803808891935)
(-0.0008602667352983404,0.024698529376728548)
(-0.0006815800578208216,0.024693238845243114)
(-0.0005033569554653528,0.02468693522597786)
(-0.0003256029945300736,0.02467962156064341)
(-0.00014832370953884823,0.024671300920939453)
(0.00002847539687495414,0.024661976408362343)
(0.00020478885407376,0.024651651154007186)
(0.0003806112235297348,0.02464032831839367)
(0.0005559370989259556,0.024628011091249857)
(0.0007307611062640165,0.024614702691358483)
(0.0009050779039594975,0.024600406366323622)
(0.0010788821829626886,0.024585125392408327)
(0.0012521686668443145,0.024568863074329057)
(0.0014249321118947713,0.024551622745064835)
(0.001597167307233276,0.02453340776566707)
(0.0017688690749014058,0.02451422152505213)
(0.0019400322699604084,0.024494067439827977)
(0.0021106517805707307,0.024472948954075036)
(0.002280722528113671,0.024450869539176943)
(0.002450239467263685,0.024427832693596323)
(0.0026191975860818516,0.02440384194269954)
(0.002787591906109313,0.02437890083855252)
(0.0029554174824564074,0.02435301295971981)
(0.003122669403889472,0.024326181911071634)
(0.0032893427929120717,0.024298411323585865)
(0.003455432805854477,0.024269704854144515)
(0.00362093463295587,0.024240066185340678)
(0.003785843498448005,0.024209499025275014)
(0.003950154660630877,0.024178007107357687)
(0.004113863411957934,0.02414559419010931)
(0.0042769650791115435,0.024112264056959376)
(0.004439455023080231,0.024078020516038905)
(0.004601328639238123,0.024042867399993437)
(0.004762581357408584,0.024006808565771667)
(0.00492320864194935,0.02396984789442203)
(0.0050832059918194455,0.023931989290895222)
(0.005242568940647696,0.023893236683844004)
(0.0054012930568073025,0.02385359402541208)
(0.005559373943475547,0.023813065291039093)
(0.005716807238714753,0.023771654479246996)
(0.005873588615513812,0.023729365611452894)
(0.006029713781882944,0.023686202731747975)
(0.006185178480889844,0.023642169906700924)
(0.006339978490735295,0.023597271225152778)
(0.0064941096248122086,0.023551510798016265)
(0.006647567731758541,0.02350489275806286)
(0.006800348695524059,0.023457421259718277)
(0.006952448435415883,0.023409100478865567)
(0.007103862906163478,0.02335993461262696)
(0.00725458809796785,0.023309927879169537)
(0.0074046200365552785,0.023259084517490817)
(0.007553954783224889,0.02320740878721589)
(0.007702588434907975,0.02315490496838609)
(0.007850517124206289,0.023101577361263222)
(0.007997737019449598,0.023047430286107326)
(0.008144244324728257,0.022992468082981964)
(0.008290035279950618,0.022936695111538168)
(0.00843510616088498,0.02288011575081576)
(0.008579453279195539,0.022822734399023784)
(0.008723072982490664,0.02276455547334434)
(0.00886596165435748,0.022705583409717168)
(0.009008115714403962,0.02264582266263134)
(0.009149531618293823,0.022585277704921004)
(0.009290205857783842,0.022523953027554864)
(0.009430134960757631,0.022461853139427054)
(0.009569315491264788,0.02239898256715076)
(0.009707744049544664,0.022335345854839053)
(0.009845417272057547,0.022270947563918342)
(0.009982331831527675,0.022205792272891066)
(0.010118484436953708,0.022139884577146718)
(0.010253871833650587,0.02207322908874966)
(0.010388490803262504,0.022005830436221386)
(0.010522338163798979,0.021937693264337352)
(0.010655410769656676,0.021868822233917957)
(0.010787705511633343,0.021799222021620514)
(0.010919219316957317,0.02172889731971779)
(0.011049949149302678,0.02165785283590714)
(0.011179892008812045,0.02158609329308769)
(0.011309044932109703,0.021513623429151713)
(0.011437404992317934,0.021440447996781225)
(0.011564969299075675,0.02136657176323311)
(0.01169173499854647,0.02129199951012896)
(0.011817699273432293,0.02121673603325237)
(0.011942859342990235,0.021140786142324994)
(0.012067212463041679,0.021064154660821975)
(0.01219075592596449,0.020986846425731724)
(0.012313487060725567,0.020908866287367402)
(0.012435403232865499,0.020830219109148954)
(0.012556501844521263,0.020750909767397928)
(0.012676780334413947,0.020670943151126026)
(0.012796236177861308,0.02059032416182122)
(0.012914866886777863,0.02050905771324778)
(0.013032670009669681,0.020427148731230145)
(0.013149643131641752,0.02034460215344722)
(0.01326578387438631,0.02026142292921535)
(0.01338108989618346,0.020177616019288937)
(0.013495558891900102,0.020093186395654605)
(0.013609188592978655,0.020008139041305367)
(0.013721976767432373,0.019922478950046583)
(0.013833921219831714,0.01983621112628415)
(0.013945019791305444,0.019749340584814125)
(0.014055270359521223,0.019661872350617126)
(0.014164670838671099,0.01957381145863762)
(0.014273219179472099,0.01948516295360607)
(0.01438091336913596,0.019395931889790857)
(0.014487751431362564,0.019306123330827544)
(0.014593731426323132,0.019215742349482683)
(0.014698851450634777,0.01912479402746057)
(0.014803109637358465,0.019033283455205278)
(0.014906504155951086,0.01894121573166293)
(0.015009033212271471,0.018848595964110836)
(0.015110695048547462,0.018755429267923618)
(0.015211487943340292,0.01866172076638182)
(0.015311410211544455,0.018567475590458276)
(0.015410460204336049,0.018472698878616415)
(0.015508636309167973,0.018377395776604858)
(0.015605936949715415,0.0182815714372386)
(0.015702360585878507,0.01818523102021789)
(0.015797905713723765,0.01808837969190103)
(0.015892570865469566,0.017991022625114796)
(0.015986354609439708,0.01789316499893227)
(0.016079255550044566,0.01779481199849175)
(0.01617127232772957,0.017695968814769522)
(0.01626240361895522,0.017596640644394274)
(0.016352648136144475,0.01749683268943025)
(0.016442004627653158,0.01739655015718107)
(0.0165304718777284,0.017295798259986138)
(0.01661804870646597,0.01719458221501272)
(0.01670473396977557,0.017092907244065775)
(0.01679052655931954,0.016990778573365974)
(0.016875425402494103,0.016888201433367264)
(0.016959429462360644,0.016785181058546986)
(0.017042537737616947,0.016681722687203755)
(0.017124749262534013,0.016577831561255484)
(0.01720606310692789,0.01647351292604829)
(0.017286478376081247,0.01636877203013885)
(0.01736599421072368,0.01626361412511754)
(0.01744460978695533,0.01615804446538523)
(0.017522324316213207,0.016052068307974655)
(0.017599137045198436,0.01594569091233722)
(0.01767504725583417,0.01583891754015024)
(0.017750054265205956,0.015731753455120394)
(0.017824157425504996,0.015624203922781719)
(0.017897356123969463,0.015516274210304899)
(0.017969649782819102,0.015407969586294562)
(0.018041037859206268,0.015299295320590605)
(0.018111519845149984,0.015190256684086063)
(0.018181095267470877,0.015080858948513269)
(0.018249763687718048,0.014971107386258516)
(0.018317524702133128,0.0148610072701681)
(0.01838437794155538,0.014750563873351157)
(0.01845032307136965,0.014639782468986262)
(0.018515359791436436,0.014528668330127874)
(0.01857948783601965,0.014417226729512816)
(0.01864270697372389,0.01430546293937024)
(0.0187050170074182,0.014193382231228777)
(0.018766417774158328,0.014080989875715174)
(0.01882690914513255,0.01396829114238365)
(0.018886491025571675,0.013855291299506514)
(0.01894516335467487,0.013741995613886945)
(0.01900292610554784,0.013628409350684765)
(0.01905977928511066,0.01351453777320417)
(0.019115722934024554,0.013400386142720103)
(0.019170757126615357,0.013285959718283651)
(0.019224881970803295,0.013171263756544847)
(0.019278097607994645,0.013056303511543035)
(0.019330404213032608,0.012941084234547585)
(0.01938180199409423,0.012825611173851894)
(0.019432291192611948,0.012709889574592651)
(0.019481872083192426,0.012593924678570186)
(0.019530544973526458,0.012477721724056944)
(0.019578310204302153,0.01236128594561531)
(0.019625168149130356,0.012244622573920342)
(0.019671119214436938,0.0121277368355639)
(0.01971616383938543,0.012010633952885194)
(0.01976030249578518,0.011893319143782008)
(0.019803535687999335,0.011775797621526958)
(0.019845863952856504,0.01165807459459724)
(0.01988728785954388,0.011540155266478724)
(0.01992780800954298,0.011422044835505284)
(0.01996742503649991,0.011303748494664236)
(0.020006139606153127,0.011185271431421362)
(0.020043952416232066,0.011066618827551312)
(0.020080864196353382,0.010947795858948886)
(0.020116875707932105,0.010828807695461701)
(0.020151987744073424,0.010709659500706766)
(0.020186201129479324,0.010590356431901097)
(0.020219516720348593,0.010470903639684236)
(0.020251935404268492,0.010351306267942487)
(0.020283458100116954,0.010231569453639896)
(0.020314085757958667,0.010111698326639756)
(0.020343819358941535,0.009991698009537565)
(0.020372659915188593,0.009871573617485838)
(0.020400608469693195,0.009751330258023836)
(0.020427666096216483,0.00963097303090821)
(0.020453833899174805,0.009510507027944481)
(0.020479113013536047,0.009389937332815986)
(0.020503504604698915,0.009269269020911628)
(0.020527009868399802,0.009148507159168711)
(0.020549630030591338,0.009027656805895814)
(0.020571366347329503,0.00890672301061079)
(0.020592220104667304,0.008785710813875053)
(0.020612192618543,0.00866462524713105)
(0.02063128523465288,0.008543471332528474)
(0.02064949932835608,0.008422254082775759)
(0.020666836304538787,0.008300978500961504)
(0.020683297597513525,0.008179649580403405)
(0.020698884670893435,0.008058272304481794)
(0.020713599017480298,0.007936851646480416)
(0.020727442159136866,0.007815392569424262)
(0.020740415646680815,0.007693900025924656)
(0.020752521059751967,0.0075723789580158535)
(0.020763760006699935,0.007450834297000284)
(0.02077413412445289,0.007329270963287492)
(0.020783645078412228,0.007207693866244862)
(0.020792294562308716,0.007086107904033712)
(0.020800084298095132,0.006964517963460246)
(0.020807016035810463,0.006842928919816615)
(0.020813091553467552,0.00672134563673393)
(0.020818312656910594,0.006599772966021244)
(0.020822681179702755,0.006478215747520419)
(0.020826198982994003,0.0063566788089527825)
(0.020828867955386975,0.0062351669657660065)
(0.020830690012823522,0.006113685020989278)
(0.020831667098436264,0.005992237765079998)
(0.02083180118243553,0.005870829975778408)
(0.02083109426196726,0.005749466417958623)
(0.020829548360985183,0.005628151843482609)
(0.020827165530127045,0.005506890991056719)
(0.0208239478465637,0.005385688586080013)
(0.02081989741388443,0.005264549340508288)
(0.020815016361952633,0.005143477952705167)
(0.020809306846773745,0.005022479107300942)
(0.020802771050363763,0.004901557475052375)
(0.020795411180604587,0.004780717712697743)
(0.02078722947111573,0.004659964462820545)
(0.020778228181116663,0.004539302353708592)
(0.02076840959528488,0.004418735999214952)
(0.0207577760236227,0.004298269998621163)
(0.020746329801313395,0.00417790893649863)
(0.020734073288583798,0.004057657382573493)
(0.020721008870567416,0.003937519891592387)
(0.0207071389571594,0.0038175010031854715)
(0.020692465982881884,0.0036976052417359304)
(0.020676992406731952,0.003577837116243415)
(0.02066072071205082,0.00345820112019545)
(0.020643653406373398,0.0033387017314339944)
(0.020625793021286174,0.0032193434120255647)
(0.020607142112287462,0.0031001306081332404)
(0.020587703258638776,0.0029810677498857577)
(0.020567479063219308,0.0028621592512511483)
(0.020546472152388202,0.002743409509910055)
(0.02052468517582828,0.002624822907128773)
(0.020502120806403963,0.002506403807633741)
(0.02047878174001697,0.0023881565594885907)
(0.02045467069545986,0.002270085493970534)
(0.02042979041425623,0.002152194925444972)
(0.020404143660530623,0.002034489151248189)
(0.020377733220842374,0.0019169724515625648)
(0.020350561904044894,0.0017996490892983397)
(0.020322632541142725,0.0016825233099752026)
(0.020293947985119035,0.0015655993416015554)
(0.020264511110816324,0.001448881394560414)
(0.020234324814750213,0.001332373661489182)
(0.0202033920149901,0.0012160803171679248)
(0.02017171565098548,0.0011000055184013906)
(0.020139298683419467,0.0009841534039067058)
(0.020106144094060276,0.000868528094200454)
(0.020072254885603172,0.000753133691486381)
(0.020037634081519054,0.0006379742795439671)
(0.020002284725896283,0.0005230539236185005)
(0.01996620988329073,0.00040837667031182347)
(0.019929412638565683,0.00029394654747302656)
(0.01989189609674656,0.00017976756409218765)
(0.019853663382852382,0.00006584371019289698)
(0.019814717641747942,-0.000047821043274017306)
(0.0197750620379834,-0.00016122274453379232)
(0.019734699755637353,-0.00027435746109325904)
(0.019693633998166836,-0.0003872212798425703)
(0.01965186798823548,-0.0004998103071582975)
(0.019609404967569948,-0.0006121206690045078)
(0.019566248196794044,-0.0007241485110320021)
(0.019522400955267128,-0.0008358899986789167)
(0.019477866540939817,-0.0009473413172688762)
(0.019432648270172707,-0.0010584986721078606)
(0.01938674947759382,-0.0011693582885812957)
(0.01934017351593239,-0.0012799164122501065)
(0.019292923755860628,-0.0013901693089445988)
(0.019245003585829392,-0.0015001132648591144)
(0.01919641641191175,-0.0016097445866442004)
(0.019147165657637702,-0.0017190596014987766)
(0.019097254763834705,-0.0018280546572613202)
(0.019046687188471675,-0.0019367261225004847)
(0.01899546640648453,-0.002045070386603081)
(0.018943595909619967,-0.002153083859862093)
(0.018891079206280918,-0.002260762973566408)
(0.018837919821349976,-0.002368104180084518)
(0.0187841212960372,-0.0024751039529509328)
(0.01872968718770929,-0.002581758786950524)
(0.018674621069728795,-0.0026880651982024097)
(0.01861892653129624,-0.002794019724242419)
(0.018562607177276997,-0.0028996189241040035)
(0.018505666628034337,-0.0030048593783991956)
(0.01844810851928487,-0.003109737689399919)
(0.018389936501911733,-0.0032142504811147688)
(0.018331154241809113,-0.003318394399366977)
(0.01827176541971918,-0.0034221661118731274)
(0.01821177373106123,-0.003525562308316519)
(0.01815118288577608,-0.003628579700425785)
(0.018089996608144313,-0.0037312150220443294)
(0.0180282186366352,-0.0038334650292065585)
(0.017965852723740412,-0.003935326500211052)
(0.01790290263579128,-0.004036796235687013)
(0.017839372152815804,-0.004137871058670769)
(0.017775265068353346,-0.004238547814668523)
(0.01771058518929896,-0.004338823371730414)
(0.017645336335736037,-0.004438694620515278)
(0.0175795223407585,-0.004538158474355648)
(0.017513147050322357,-0.00463721186932657)
(0.017446214323063335,-0.00473585176430863)
(0.017378728030132722,-0.004834075141048853)
(0.0173106920550374,-0.004931879004228476)
(0.01724211029346481,-0.005029260381520691)
(0.01717298665311819,-0.005126216323652482)
(0.01710332505354744,-0.005222743904464304)
(0.01703312942598887,-0.005318840220970293)
(0.016962403713183805,-0.0054145023934121)
(0.016891151869226146,-0.00550972756532203)
(0.01681937785937927,-0.005604512903571854)
(0.01674708565992202,-0.005698855598432682)
(0.01667427925797275,-0.0057927528636282375)
(0.016600962651321036,-0.005886201936386028)
(0.016527139848265936,-0.005979200077490745)
(0.016452814867439203,-0.006071744571336187)
(0.016377991737644218,-0.006163832725972656)
(0.016302674497683668,-0.006255461873158412)
(0.016226867196195698,-0.006346629368409063)
(0.016150573891480818,-0.00643733259104121)
(0.016073798651333897,-0.006527568944221012)
(0.015996545552881502,-0.006617335855009595)
(0.015918818682413197,-0.006706630774409206)
(0.01584062213519877,-0.006795451177399837)
(0.015761960015342,-0.006883794562990937)
(0.01568283643559988,-0.006971658454256256)
(0.015603255517210852,-0.0070590403983760526)
(0.015523221389744483,-0.007145937966681272)
(0.01544273819090634,-0.007232348754683002)
(0.015361810066399808,-0.007318270382121068)
(0.015280441169732224,-0.007403700492988743)
(0.015198635662065252,-0.007488636755581883)
(0.01511639771203122,-0.0075730768625192155)
(0.015033731495584629,-0.007657018530793459)
(0.014950641195817377,-0.007740459501786269)
(0.01486713100280067,-0.007823397541314121)
(0.014783205113406786,-0.007905830439649684)
(0.014698867731160787,-0.007987756011561474)
(0.014614123066056252,-0.00806917209633567)
(0.014528975334387873,-0.008150076557802593)
(0.014443428758598038,-0.008230467284374843)
(0.014357487567094266,-0.008310342189060125)
(0.014271155994095423,-0.00838969920949842)
(0.014184438279453109,-0.008468536307977687)
(0.014097338668496683,-0.008546851471462781)
(0.01400986141185326,-0.008624642711613317)
(0.013922010765298065,-0.008701908064813147)
(0.013833790989567548,-0.00877864559218047)
(0.013745206350216845,-0.008854853379596617)
(0.013656261117427945,-0.00893052953771824)
(0.013566959565866633,-0.009005672202001908)
(0.013477305974504057,-0.009080279532711668)
(0.01338730462645816,-0.009154349714949087)
(0.013296959808817396,-0.009227880958650053)
(0.013206275812491371,-0.009300871498616862)
(0.013115256932027995,-0.009373319594516255)
(0.01302390746546943,-0.009445223530906544)
(0.012932231714167975,-0.009516581617234086)
(0.012840233982630516,-0.009587392187853695)
(0.012747918578355584,-0.009657653602033595)
(0.012655289811671716,-0.009727364243969184)
(0.012562351995561698,-0.009796522522782816)
(0.012469109445513334,-0.009865126872537424)
(0.012375566479345984,-0.009933175752237886)
(0.012281727417052931,-0.01000066764583701)
(0.01218759658063635,-0.010067601062242006)
(0.01209317829394636,-0.010133974535316113)
(0.011998476882515485,-0.010199786623876396)
(0.011903496673404016,-0.010265035911703793)
(0.01180824199502467,-0.010329721007533087)
(0.011712717176999354,-0.01039384054506536)
(0.011616926549980124,-0.010457393182950438)
(0.01152087444549564,-0.010520377604797428)
(0.011424565195796344,-0.01058279251916579)
(0.011328003133684551,-0.010644636659560875)
(0.011231192592362169,-0.010705908784435112)
(0.011134137905259602,-0.010766607677169464)
(0.01103684340588939,-0.01082673214608119)
(0.010939313427680892,-0.010886281024404323)
(0.010841552303819172,-0.010945253170289467)
(0.010743564367089724,-0.011003647466784821)
(0.010645353949718146,-0.0110614628218396)
(0.010546925383213612,-0.011118698168272953)
(0.010448282998212873,-0.01117535246378849)
(0.010349431124317935,-0.011231424690931089)
(0.010250374089941833,-0.011286913857094384)
(0.010151116222153327,-0.011341818994501008)
(0.010051661846521247,-0.011396139160181343)
(0.009952015286953464,-0.011449873435963544)
(0.009852180865545077,-0.011503020928450403)
(0.00975216290242704,-0.011555580769007475)
(0.009651965715596213,-0.011607552113736026)
(0.009551593620785715,-0.011658934143460465)
(0.009451050931285723,-0.011709726063705407)
(0.009350341957804448,-0.011759927104664784)
(0.009249471008311468,-0.011809536521195459)
(0.009148442387885258,-0.011858553592780671)
(0.009047260398558828,-0.011906977623512498)
(0.00894592933917127,-0.011954807942068586)
(0.008844453505203942,-0.012002043901670454)
(0.00874283718864664,-0.012048684880075202)
(0.008641084677839521,-0.012094730279544982)
(0.008539200257320245,-0.012140179526807888)
(0.00843718820766729,-0.012185032073032809)
(0.008335052805369562,-0.012229287393808345)
(0.008232798322661931,-0.01227294498910178)
(0.008130429027376287,-0.012316004383229235)
(0.008027949182804242,-0.01235846512482305)
(0.007925363047535843,-0.012400326786800961)
(0.007822674875320559,-0.012441588966327426)
(0.007719888914919839,-0.012482251284783068)
(0.007617009409961693,-0.01252231338772795)
(0.007514040598783549,-0.01256177494485456)
(0.007410986714298119,-0.012600635649968354)
(0.007307851983853036,-0.012638895220941998)
(0.007204640629068372,-0.01267655339965696)
(0.007101356865703862,-0.012713609952002023)
(0.0069980049035196215,-0.012750064667795397)
(0.006894588946121775,-0.012785917360765993)
(0.0067911131908259224,-0.012821167868501182)
(0.006687581828511792,-0.012855816052407489)
(0.0065839990434902245,-0.012889861797666165)
(0.006480369013347284,-0.012923305013181868)
(0.006376695908816174,-0.012956145631547336)
(0.0062729838936350915,-0.012988383608997785)
(0.006169237124399374,-0.013020018925349501)
(0.00606545975042807,-0.0130510515839618)
(0.005961655913630085,-0.013081481611688876)
(0.0058578297483549945,-0.013111309058838833)
(0.005753985381263832,-0.013140533999097806)
(0.005650126931189882,-0.013169156529503874)
(0.005546258509004878,-0.013197176770388643)
(0.00544238421747685,-0.013224594865316621)
(0.005338508151131729,-0.013251410981044482)
(0.005234634396141351,-0.013277625307457663)
(0.005130767030152566,-0.013303238057514136)
(0.00502691012218941,-0.013328249467202914)
(0.0049230677324924,-0.013352659795479841)
(0.004819243912404257,-0.013376469324194186)
(0.004715442704226901,-0.013399678358065825)
(0.0046116681410988585,-0.013422287224600095)
(0.004507924246851736,-0.01344429627403145)
(0.004404215035893067,-0.013465705879272871)
(0.004300544513070334,-0.013486516435860067)
(0.004196916673541829,-0.013506728361866532)
(0.004093335502648001,-0.01352634209786271)
(0.003989804975783385,-0.013545358106854593)
(0.00388632905826862,-0.013563776874201582)
(0.00378291170523286,-0.013581598907574462)
(0.003679556861467138,-0.013598824736867052)
(0.0035762684613267585,-0.013615454914165128)
(0.0034730504285733293,-0.013631490013640127)
(0.0033699066762787975,-0.013646930631510568)
(0.003266841106690836,-0.013661777385966311)
(0.0031638576111089754,-0.013676030917098993)
(0.003060960069753016,-0.013689691886832108)
(0.0029581523516666653,-0.01370276097885624)
(0.002855438314571377,-0.013715238898559795)
(0.002752821804754659,-0.013727126372945252)
(0.0026503066569521653,-0.013738424150581656)
(0.00254789669422554,-0.01374913300150614)
(0.002445595727847185,-0.013759253717174005)
(0.0023434075571747586,-0.013768787110364332)
(0.0022413359695475656,-0.013777734015127711)
(0.0021393847401480455,-0.013786095286687264)
(0.0020375576319086,-0.0137938718013907)
(0.001935858395384204,-0.013801064456614946)
(0.0018342907686344767,-0.013807674170694036)
(0.0017328584771219803,-0.013813701882843086)
(0.0016315652335904495,-0.013819148553083619)
(0.0015304147379385095,-0.013824015162159798)
(0.0014294106771446985,-0.013828302711459765)
(0.001328556725120704,-0.013832012222943689)
(0.0012278565426117897,-0.013835144739055867)
(0.001127313777088026,-0.013837701322642932)
(0.0010269320626459268,-0.01383968305688456)
(0.0009267150198745559,-0.013841091045187725)
(0.0008266662557683818,-0.013841926411136669)
(0.0007267893636131353,-0.013842190298379381)
(0.0006270879228809119,-0.013841883870561315)
(0.0005275654991174172,-0.01384100831123756)
(0.00042822564384789954,-0.013839564823781726)
(0.00032907189445761166,-0.013837554631312834)
(0.000230107774107855,-0.013834978976601133)
(0.0001313367916170769,-0.013831839121979066)
(0.000032762441358656405,-0.013828136349257803)
(-0.00006561179683015022,-0.013823871959641824)
(-0.00016378245775515283,-0.013819047273643359)
(-0.0002617460909689377,-0.013813663630976601)
(-0.00035949926086573575,-0.013807722390487614)
(-0.00045703854678601696,-0.013801224930064217)
(-0.0005543605431028862,-0.013794172646526142)
(-0.0006514618593275882,-0.013786566955555267)
(-0.0007483391202189189,-0.013778409291595305)
(-0.0008449889658440272,-0.013769701107760896)
(-0.0009414080517142441,-0.013760443875739136)
(-0.001037593048854169,-0.013750639085710933)
(-0.001133540643897637,-0.013740288246242714)
(-0.0012292475391931848,-0.013729392884200322)
(-0.0013247104528783498,-0.013717954544659586)
(-0.0014199261189991354,-0.013705974790795777)
(-0.001514891287561373,-0.013693455203800352)
(-0.001609602724656597,-0.01368039738279151)
(-0.0017040572125313974,-0.013666802944693817)
(-0.0017982515496885198,-0.013652673524165783)
(-0.0018921825509563086,-0.013638010773485323)
(-0.0019858470475989584,-0.0136228163624733)
(-0.002079241887383399,-0.013607091978367087)
(-0.0021723639346724953,-0.013590839325745358)
(-0.0022652100705235047,-0.013574060126411772)
(-0.0023577771927399166,-0.013556756119319575)
(-0.0024500622159851727,-0.013538929060438474)
(-0.0025420620718485244,-0.01352058072267836)
(-0.0026337737089392856,-0.01350171289578598)
(-0.002725194092949042,-0.013482327386229358)
(-0.0028163202067500396,-0.013462426017113971)
(-0.002907149050469733,-0.013442010628069458)
(-0.002997677641560341,-0.013421083075153023)
(-0.0030879030148941314,-0.013399645230740309)
(-0.0031778222228181162,-0.013377698983426018)
(-0.0032674323352559305,-0.013355246237916762)
(-0.003356730439755785,-0.013332288914936125)
(-0.0034457136415944256,-0.013308828951105797)
(-0.003534379063827405,-0.013284868298852812)
(-0.00362272384736855,-0.013260408926298504)
(-0.0037107451510766075,-0.013235452817155071)
(-0.003798440151808659,-0.013210001970618059)
(-0.0038858060444931113,-0.01318405840125159)
(-0.003972840042216267,-0.013157624138902854)
(-0.0040595393762743156,-0.013130701228577062)
(-0.004145901296239339,-0.013103291730329912)
