0.040792374506755824
0.08895163452244871
0.11878868374133411
0.10576359012636946
0.057669135576361046
0.08895155366083562
0.19620036624558176
0.264976933832997
0.23854767022173848
0.1314953024933471
0.11878888989642362
0.2649776274932027
0.3619125726381062
0.32949659369465634
0.18367727588758048
0.10576420903432227
0.238549266433951
0.3294979291218703
0.3034280588287336
0.17111640194469904
0.05766986124617978
0.13149707043638217
0.1836792676202937
0.1711175732232842
0.09766662778082268