(-8.719485463668095,2.714374820276129e-13)
(-8.716734266883572,0.06784280561112413)
(-8.708486531156497,0.13558779024331613)
(-8.694759791892073,0.20313747440217964)
(-8.67558318010495,0.2703950592140535)
(-8.650997281310518,0.3372647608963613)
(-8.621053939724554,0.40365213829436236)
(-8.585816009493302,0.46946441129737626)
(-8.545357055126532,0.5346107680507308)
(-8.499761003726302,0.5990026590056214)
(-8.449121751988946,0.6625540759953777)
(-8.393542731302192,0.7251818146908678)
(-8.333136434559936,0.7868057189672435)
(-8.268023908569955,0.8473489059060616)
(-8.19833421613388,0.906737970358002)
(-8.124203872031384,0.964903168198837)
(-8.045776257242437,1.021778577621993)
(-7.963201015792515,1.0773022380218573)
(-7.876633438607154,1.1314162662301723)
(-7.786233838716555,1.184066950070564)
(-7.692166920076481,1.2352048193569583)
(-7.594601158009867,1.2847846949193165)
(-7.49370815355866,1.3327657154571555)
(-7.389662034923308,1.3791113440908147)
(-7.2826388400708915,1.4237893542358606)
(-7.172815925428603,1.4667717964638047)
(-7.06037138708174,1.5080349465640703)
(-6.94548351523961,1.5475592395218496)
(-6.8283302440939995,1.5853291820540507)
(-6.709088652823367,1.6213332561095055)
(-6.5879344793243355,1.6555638065682894)
(-6.465041664172459,1.6880169176321598)
(-6.340581923317772,1.7186922787646122)
(-6.214724350391962,1.747593041542179)
(-6.087635049225097,1.7747256687621822)
(-5.95947679690515,1.8000997771238816)
(-5.830408737465342,1.8237279747610882)
(-5.700586106053665,1.8456256948562266)
(-5.570159981777825,1.8658110271258765)
(-5.439277076757449,1.8843045444189215)
(-5.308079542007789,1.9011291355483984)
(-5.176704812118186,1.91630983140145)
(-5.045285472105282,1.9298736360035897)
(-4.913949150986179,1.9418493589254675)
(-4.782818444934539,1.9522674514122378)
(-4.652010839661661,1.9611598419482719)
(-4.521638702289963,1.968559783413222)
(-4.391809247460637,1.9745016979921175)
(-4.262624545435607,1.9790210302646916)
(-4.134181543648207,1.9821541051577065)
(-4.006572104728386,1.9839379916343471)
(-3.879883059609248,1.9844103723657813)
(-3.7541962743437267,1.9836094195697742)
(-3.6295887292943347,1.9815736771518662)
(-3.506132609393767,1.978341949225621)
(-3.383895404223723,1.9739531950506652)
(-3.262940016707363,1.9684464303802738)
(-3.143324879266287,1.9618606351739867)
(-3.0251040763509525,1.9542346675967535)
(-2.9083274723132795,1.945607184196214)
(-2.793040843652305,1.936016566123611)
(-2.679286014726083,1.9255008512413787)
(-2.5671009960857014,1.9140976719412894)
(-2.4565201246496198,1.9018441984811623)
(-2.3475742049978088,1.8887770876351664)
(-2.24029065112522,1.874932436442562)
(-2.1346936280524167,1.8603457408320276)
(-2.030804192747561,1.845051858893363)
(-1.9286404338680467,1.8290849785650165)
(-1.828217609881773,1.8124785895045328)
(-1.7295482851772561,1.795265458909172)
(-1.6326424638182322,1.7774776110557557)
(-1.537507720642284,1.7591463103317377)
(-1.4441493294440522,1.740302047533674)
(-1.3525703880274917,1.7209745292167087)
(-1.2627719399091961,1.7011926698683963)
(-1.1747530926006218,1.6809845867338908)
(-1.08851113224186,1.6603775970503865)
(-1.0040416345707082,1.6393982175302337)
(-0.9213385721278167,1.6180721658968837)
(-0.840394417657564,1.5964243642998874)
(-0.7612002436802616,1.5744789444413965)
(-0.6837458182301732,1.552259254255006)
(-0.6080196967707603,1.5297878659859867)
(-0.534009310313655,1.507086585530258)
(-0.4617010497811015,1.484176462897595)
(-0.3910803466634222,1.461077803672542)
(-0.32213175003313593,1.4378101813543511)
(-0.25483899998622606,1.4143924504648737)
(-0.18918509758852642,1.3908427603207194)
(-0.1251523714114984,1.3671785693730933)
(-0.06272254074692554,1.3434166600256339)
(-0.0018767755942594364,1.319573153847123)
(0.057404246482285606,1.295663527102232)
(0.1151402865272945,1.2717026265294888)
(0.1713514932969828,1.2477046853013511)
(0.22605835518877926,1.2236833391067046)
(0.2792816548946309,1.1996516423012054)
(0.3310424266749605,1.175622084075766)
(0.3813619161506964,1.1516066045980238)
(0.43026154251163484,1.1276166110859214)
(0.47776286304062127,1.1036629937765812)
(0.5238875398545529,1.0797561417573773)
(0.5686573087650498,1.0559059586296948)
(0.6120939501635604,1.0321218779790662)
(0.6542192618379766,1.0084128786285216)
(0.6950550336301257,0.9847874996547548)
(0.7346230238460255,0.961253855149372)
(0.7729449373333729,0.9378196487099161)
(0.8100424051433793,0.9144921876476066)
(0.8459369656967962,0.8912783969007991)
(0.8806500473767425,0.8681848326450727)
(0.9142029524736551,0.8452176955925975)
(0.9466168424105137,0.8223828439750357)
(0.9779127241792218,0.7996858062056638)
(1.0081114379217502,0.7771317932177684)
(1.0372336455923648,0.7547257104775252)
(1.0652998206399467,0.7324721696707038)
(1.092330238651956,0.7103755000634887)
(1.1183449689042388,0.6884397595386199)
(1.1433638667633013,0.666668745308821)
(1.1674065668901459,0.6450660043102192)
(1.1904924771971335,0.6236348432790675)
(1.21264077351161,0.6023783385156397)
(1.233870394902287,0.5812993453396641)
(1.2542000396264845,0.5604005072420791)
(1.2736481616584838,0.5396842647382674)
(1.2922329677611395,0.5191528639282442)
(1.3099724150649528,0.49880836476952256)
(1.3268842091205617,0.478652649068648)
(1.3429858023924246,0.45868742819751745)
(1.3582943931632134,0.43891425054080807)
(1.3728269248200122,0.41933450868089756)
(1.3866000854950338,0.3999494463267897)
(1.3996303080350427,0.38076016499357695)
(1.4119337702751267,0.3617676304390269)
(1.423526395593812,0.3429726788638678)
(1.4344238537278362,0.32437602288236905)
(1.4446415618261244,0.3059782572697307)
(1.4541946857237222,0.28777986449280424)
(1.4630981414175466,0.2697812200305772)
(1.4713665967268956,0.2519825974907852)
(1.4790144731226815,0.2343841735289355)
(1.4860559477103117,0.21698603257594898)
(1.492504955352081,0.19978817138049718)
(1.4983751909157699,0.18279050337203612)
(1.5036801116370286,0.16599286285040396)
(1.508432939583853,0.14939500900775143)
(1.5126466642118928,0.1329966297886951)
(1.5163340450025236,0.11679734559270759)
(1.519507614168738,0.10079671282773824)
(1.5221796794271152,0.08499422731569124)
(1.5243623268221886,0.06938932755821864)
(1.5260674235975904,0.053981397866532256)
(1.5273066211063893,0.03876977136028294)
(1.5280913577539066,0.023753732840240568)
(1.528432861966747,0.008932521539339669)
(1.5283421551822496,-0.005694666243446918)
(1.5278300548529549,-0.020128674622099975)
(1.5269071774611245,-0.034370385711218504)
(1.5255839415386223,-0.04842071731828775)
(1.5238705706879525,-0.0622806207366359)
(1.5217770966004378,-0.075951078635235)
(1.5193133620679367,-0.08943310304167232)
(1.5164890239847104,-0.10272773341470041)
(1.5133135563363858,-0.11583603480290842)
(1.5097962531731794,-0.12875909608614766)
(1.5059462315648044,-0.14149802829648614)
(1.5017724345347208,-0.1540539630155459)
(1.4972836339715803,-0.16642805084520854)
(1.4924884335159567,-0.17862145994876638)
(1.4873952714206005,-0.1906353746597047)
(1.482012423382661,-0.20247099415541225)
(1.4763480053464562,-0.21412953119320216)
(1.4704099762755625,-0.2256122109061364)
(1.4642061408930667,-0.2369202696562267)
(1.4577441523890253,-0.2480549539426903)
(1.451031515094234,-0.25901751936299766)
(1.4440755871195528,-0.26980922962457277)
(1.4368835829601236,-0.2804313556050275)
(1.4294625760639077,-0.2908851744589368)
(1.4218195013640846,-0.30117196876919744)
(1.4139611577748883,-0.31129302574109524)
(1.4058942106506196,-0.32124963643727533)
(1.397625194207562,-0.33104309505185986)
(1.3891605139086753,-0.340674698222044)
(1.380506448810964,-0.3501457443755422)
(1.3716691538755124,-0.35945753311234246)
(1.3626546622402127,-0.36861136461928073)
(1.3534688874552796,-0.37760853911600956)
(1.3441176256816985,-0.3864503563309931)
(1.334606557852766,-0.39513811500624507)
(1.3249412517989476,-0.4036731124295351)
(1.3151271643362896,-0.41205664399289843)
(1.3051696433186402,-0.42029000277628986)
(1.2950739296539833,-0.4283744791552806)
(1.2848451592851404,-0.43631136043174296)
(1.2744883651352499,-0.44410193048651436)
(1.2640084790182562,-0.4517474694530202)
(1.253410333514834,-0.45924925341094386)
(1.242698663814095,-0.4666085540989764)
(1.2318781095214797,-0.47382663864578745)
(1.2209532164153922,-0.4809047692750745)
(1.2099284382756033,-0.4878442032418602)
(1.1988081384395646,-0.4946461923634474)
(1.1875965915935358,-0.5013119829725633)
(1.1762979853875346,-0.5078428156903128)
(1.1649164220499015,-0.5142399252495977)
(1.1534559199712806,-0.5205045403315349)
(1.1419204152584863,-0.5266378834142351)
(1.1303137632587343,-0.5326411706333509)
(1.1186397400547319,-0.5385156116538187)
(1.1069020439310824,-0.5442624095522437)
(1.0951042968125133,-0.549882760709408)
(1.083250045674399,-0.5553778547123884)
(1.071342763926057,-0.5607488742658124)
(1.0593858527673035,-0.5659969951117815)
(1.0473826425187425,-0.5711233859580187)
(1.035336393926259,-0.5761292084138376)
(1.0232502994402015,-0.5810156169334842)
(1.0111274844697038,-0.5857837587665222)
(0.9989710086126184,-0.5904347739148347)
(0.9867838668615291,-0.5949697950959288)
(0.9745689907862828,-0.5993899477121821)
(0.9623292496935019,-0.6036963498257112)
(0.9500674517635157,-0.6078901121385631)
(0.9377863451651482,-0.6119723379779088)
(0.9254886191488163,-0.6159441232859897)
(0.9131769051183309,-0.6198065566145091)
(0.9008537776818627,-0.623560719123243)
(0.8885217556824498,-0.6272076845826026)
(0.8761833032085022,-0.6307485193799207)
(0.8638408305846575,-0.6341842825292355)
(0.8514966953434266,-0.6375160256843567)
(0.839153203178003,-0.640744793155012)
(0.8268126088766145,-0.6438716219258742)
(0.8144771172388149,-0.6468975416782781)
(0.8021488839740641,-0.6498235748144693)
(0.7898300165829926,-0.6526507364841865)
(0.7775225752216695,-0.6553800346134414)
(0.7652285735492694,-0.6580124699353256)
(0.7529499795594554,-0.6605490360227021)
(0.740688716395827,-0.6629907193226555)
(0.7284466631517666,-0.6653384991925415)
(0.7162256556550186,-0.6675933479375277)
(0.7040274872373049,-0.6697562308495135)
(0.6918539094893146,-0.6718281062472815)
(0.6797066330013509,-0.6738099255178179)
(0.6675873280899616,-0.67570263315865)
(0.6554976255108358,-0.6775071668211481)
(0.6434391171582563,-0.6792244573546649)
(0.6314133567514013,-0.6808554288514364)
(0.6194218605077684,-0.6824009986921733)
(0.6074661078039931,-0.6838620775922376)
(0.5955475418243272,-0.6852395696483544)
(0.5836675701970493,-0.6865343723857676)
(0.5718275656190488,-0.6877473768057887)
(0.5600288664688459,-0.6888794674336643)
(0.5482727774082812,-0.6899315223667064)
(0.5365605699731322,-0.6909044133226281)
(0.5248934831528675,-0.6917990056880334)
(0.5132727239597962,-0.6926161585669995)
(0.5016994679878055,-0.6933567248297281)
(0.49017485996094246,-0.6940215511611859)
(0.4787000142720175,-0.6946114781097297)
(0.46727601551147224,-0.6951273401356474)
(0.4559039189866922,-0.6955699656595882)
(0.44458475123198804,-0.6959401771108541)
(0.4333195105094174,-0.6962387909755109)
(0.4221091673006638,-0.6964666178442854)
(0.4109546647901741,-0.6966244624602419)
(0.3998569193395488,-0.6967131237661469)
(0.3888168209538691,-0.6967333949516253)
(0.3778352337394563,-0.6966860634999383)
(0.3669129963537412,-0.6965719112344575)
(0.35605092244721764,-0.6963917143647836)
(0.345249801097665,-0.6961462435324896)
(0.33451039723681264,-0.6958362638564907)
(0.32383345206958514,-0.6954625349779954)
(0.3132196834861106,-0.6950258111050575)
(0.30266978646660087,-0.694526841056694)
(0.2921844334792855,-0.6939663683065612)
(0.2817642748715197,-0.6933451310261874)
(0.27140993925421947,-0.6926638621277429)
(0.2611220338797445,-0.6919232893063442)
(0.2509011450133738,-0.6911241350818845)
(0.24074783829850338,-0.6902671168403843)
(0.23066265911568018,-0.6893529468748495)
(0.22064613293561328,-0.6883823324256522)
(0.21069876566626913,-0.6873559757203931)
(0.2008210439941787,-0.6862745740132868)
(0.19101343572006352,-0.68513881962403)
(0.18127639008890536,-0.6839493999761788)
(0.17161033811455675,-0.682706997635001)
(0.16201569289901002,-0.6814122903448455)
(0.15249284994642526,-0.680065951065984)
(0.14304218747202863,-0.67866864801096)
(0.133664066705963,-0.6772210446804262)
(0.12435883219221842,-0.6757237998984813)
(0.11512681208270546,-0.6741775678475024)
(0.10596831842659674,-0.6725829981024843)
(0.09688364745499989,-0.6709407356648712)
(0.08787307986107598,-0.6692514209959144)
(0.07893688107566849,-0.6675156900495224)
(0.07007530153855997,-0.6657341743046366)
(0.06128857696538433,-0.663907500797131)
(0.05257692861033493,-0.6620362921512274)
(0.04394056352471831,-0.660121166610444)
(0.03537967481142608,-0.6581627380680809)
(0.02689444187541581,-0.6561616160972417)
(0.01848503067026114,-0.6541184059803975)
(0.010151593940856862,-0.6520337087385106)
(0.0018942714623312673,-0.6499081211596982)
(-0.006286809724744454,-0.6477422358274618)
(-0.014391535082802016,-0.6455366411484886)
(-0.022419802349288833,-0.6432919213800111)
(-0.030371521312212282,-0.6410086566567451)
(-0.03824661358911619,-0.6386874230174113)
(-0.046045012409461204,-0.6363287924308407)
(-0.05376666240031841,-0.6339333328216681)
(-0.061411519375341124,-0.6315016080956329)
(-0.06897955012693462,-0.6290341781644677)
(-0.07647073222158443,-0.626531598970414)
(-0.08388505379827078,-0.6239944225103455)
(-0.0912225133699298,-0.6214231968595169)
(-0.09848311962789491,-0.6188184661949483)
(-0.1056668912492751,-0.6161807708184421)
(-0.11277385670721371,-0.6135106471792547)
(-0.1198040540839902,-0.6108086278964199)
(-0.12675753088689204,-0.608075241780733)
(-0.13363434386684725,-0.6053110138564104)
(-0.14043455883973763,-0.6025164653824259)
(-0.14715825051037112,-0.599692113873532)
(-0.1538055022990602,-0.596838473120977)
(-0.16037640617077423,-0.5939560532129216)
(-0.16687106246681246,-0.5910453605545604)
(-0.17328957973896827,-0.5881068978879582)
(-0.17963207458614122,-0.5851411643116019)
(-0.1858986714933557,-0.5821486552996779)
(-0.19208950267315825,-0.5791298627210739)
(-0.19820470790933642,-0.5760852748581173)
(-0.20424443440294332,-0.5730153764250415)
(-0.21020883662056777,-0.5699206485862021)
(-0.21609807614483498,-0.5668015689740272)
(-0.22191232152707968,-0.563658611706722)
(-0.22765174814217018,-0.5604922474057261)
(-0.2333165379989994,-0.5573029432127666)
(-0.2389068797898979,-0.5540911628205848)
(-0.24442296846219197,-0.5508573664495597)
(-0.249865005274468,-0.5476020109030252)
(-0.25523319761366675,-0.5443255495712858)
(-0.26052775886206286,-0.5410284324477675)
(-0.26574890826610115,-0.5377111061448929)
(-0.2708968707724495,-0.5343740138434883)
(-0.2759718770260455,-0.5310175955765312)
(-0.2809741630796832,-0.5276422878431634)
(-0.28590397036422316,-0.5242485238878509)
(-0.29076154554708006,-0.5208367336508554)
(-0.29554714041162644,-0.517407343783019)
(-0.3002610118092832,-0.5139607776571182)
(-0.30490342125261477,-0.5104974553754597)
(-0.30947463524508095,-0.5070177938262692)
(-0.3139749248683076,-0.5035222066503667)
(-0.31840456574516274,-0.5000111042715437)
(-0.3227638379296496,-0.4964848939105405)
(-0.3270530258417299,-0.49294397970178744)
(-0.33127241801013746,-0.4893887622972449)
(-0.3354223071547608,-0.4858196394856072)
(-0.3395029899828743,-0.48223700581236534)
(-0.3435147671058951,-0.47864125268832786)
(-0.3474579429385928,-0.4750327684028713)
(-0.35133282559973134,-0.4714119381370485)
(-0.35513972671450994,-0.46777914399047027)
(-0.358878961736499,-0.46413476497155254)
(-0.36255084920171116,-0.46047917699389396)
(-0.3661557110781012,-0.456812752931596)
(-0.3696938725611988,-0.4531358626141128)
(-0.3731656619304951,-0.4494488726879167)
(-0.37657141063335314,-0.44575214722334755)
(-0.3799114529941479,-0.44204604685877447)
(-0.3831861262234053,-0.4383309293702895)
(-0.38639577031657374,-0.4346071495506063)
(-0.38954072796920525,-0.43087505922116875)
(-0.3926213444933949,-0.4271350072442272)
(-0.3956379677354694,-0.4233873395349002)
(-0.39859094799492417,-0.419632399073211)
(-0.40148063803625694,-0.415870525828586)
(-0.40430739259712106,-0.41210205707428876)
(-0.407071568994632,-0.4083273270229018)
(-0.4097735266218683,-0.404546667247635)
(-0.4124136268028434,-0.400760405836382)
(-0.4149922329303163,-0.396968868587277)
(-0.41750971030898115,-0.393172378269562)
(-0.4199664260917085,-0.38937125481247836)
(-0.4223627492090373,-0.38556581531685924)
(-0.4246990502997013,-0.38175637406661833)
(-0.4269757016421551,-0.3779432425401291)
(-0.4291930770870807,-0.37412672942151204)
(-0.43135155199082853,-0.37030714061181075)
(-0.43345150307239494,-0.3664847793961248)
(-0.4354933087344114,-0.3626599458972144)
(-0.43747734823169915,-0.3588329375329664)
(-0.43940400236957494,-0.35500404969464955)
(-0.44127365330106155,-0.35117357465387006)
(-0.44308668366447473,-0.3473418011591639)
(-0.44484347772319327,-0.34350901625684377)
(-0.44654442058758526,-0.3396755039787704)
(-0.4481898983167904,-0.33584154567396723)
(-0.44978029786163654,-0.33200742001972616)
(-0.4513160070084534,-0.3281734030327035)
(-0.45279741432376436,-0.3243397680800035)
(-0.45422490909984514,-0.32050678589024023)
(-0.4555988813011416,-0.31667472456459783)
(-0.4569197215115365,-0.31284384958787037)
(-0.45818782088245075,-0.3090144238394967)
(-0.45940357108177043,-0.30518670760458394)
(-0.46056736424359673,-0.30136095858492756)
(-0.4616795929187951,-0.29753743191001514)
(-0.46274065002634956,-0.29371638014803453)
(-0.4637509288054955,-0.2898980533168686)
(-0.4647108227686411,-0.2860826988950919)
(-0.465620725655046,-0.28227056183295585)
(-0.4664810313852693,-0.2784618845633769)
(-0.4672921340163584,-0.27465690701292117)
(-0.46805442769779043,-0.27085586661278827)
(-0.4687683066281343,-0.26705899830978846)
(-0.46943416501244184,-0.26326653457732735)
(-0.47005239702035434,-0.25947870542638257)
(-0.47062339674491327,-0.25569573841649257)
(-0.4711475581620699,-0.2519178586667304)
(-0.47162527509088,-0.24814528886669188)
(-0.47205694115438734,-0.24437824928748159)
(-0.47244294974117096,-0.24061695779270043)
(-0.47278369396756564,-0.23686162984943648)
(-0.47307956664053,-0.2331124785392572)
(-0.4733309602211746,-0.229369714569209)
(-0.4735382667889186,-0.2256335462828168)
(-0.47370187800628827,-0.22190417967108447)
(-0.47382218508433904,-0.21818181838351017)
(-0.47389957874869687,-0.21446666373909407)
(-0.4739344492062043,-0.21075891473735373)
(-0.4739271861121811,-0.20705876806935117)
(-0.47387817853826564,-0.20336641812871062)
(-0.47378781494086364,-0.19968205702265668)
(-0.4736564831301606,-0.19600587458304222)
(-0.4734845702397243,-0.19233805837739545)
(-0.47327246269666057,-0.18867879371995722)
(-0.47302054619234646,-0.185028263682736)
(-0.47272920565370286,-0.18138664910655808)
(-0.47239882521502347,-0.17775412861213127)
(-0.4720297881903404,-0.1741308786111023)
(-0.4716224770463184,-0.17051707331712063)
(-0.4711772733757296,-0.1669128847569538)
(-0.47069455787130826,-0.1633184827814749)
(-0.47017471030031754,-0.1597340350768359)
(-0.46961810947946386,-0.15615970717550093)
(-0.4690251332504,-0.15259566246735332)
(-0.4683961584556855,-0.1490420622107842)
(-0.46773156091525664,-0.14549906554378747)
(-0.46703171540337635,-0.14196682949506845)
(-0.4662969956260544,-0.13844550899513314)
(-0.4655277741989492,-0.13493525688740476)
(-0.46472442262573666,-0.13143622393932944)
(-0.46388731127693217,-0.1279485588534855)
(-0.4630168093691762,-0.12447240827870022)
(-0.4621132849449622,-0.12100791682116137)
(-0.4611771048528157,-0.11755522705553803)
(-0.4602086347279043,-0.11411447953609437)
(-0.45920823897308755,-0.11068581280781087)
(-0.45817628074038824,-0.10726936341750408)
(-0.4571131219128919,-0.10386526592494481)
(-0.4560191230870591,-0.10047365291398126)
(-0.4548946435554482,-0.09709465500365487)
(-0.4537400412898517,-0.09372840085932212)
(-0.4525556729248229,-0.09037501720376961)
(-0.45134189374161127,-0.08703462882833345)
(-0.4500990576524778,-0.08370735860400999)
(-0.44882751718540387,-0.08039332749257207)
(-0.4475276234691793,-0.07709265455767624)
(-0.4461997262188637,-0.0738054569759698)
(-0.4448441737216267,-0.07053185004819407)
(-0.4434613128229446,-0.06727194721028427)
(-0.4420514889131715,-0.06402586004446542)
(-0.44061504591445333,-0.060793698290341126)
(-0.4391523262680114,-0.057575569855981015)
(-0.437663670921757,-0.054371580828999844)
(-0.4361494193182612,-0.05118183548763315)
(-0.43460990938306193,-0.04800643631180321)
(-0.4330454775132991,-0.044845483994182075)
(-0.4314564585666886,-0.041699077451245084)
(-0.42984318585081516,-0.038567313834316476)
(-0.4282059911127538,-0.0354502885406095)
(-0.42654520452899775,-0.03234809522425496)
(-0.42486115469571406,-0.029260825807322418)
(-0.42315416861929095,-0.026188570490832733)
(-0.42142457170720626,-0.02313141776575851)
(-0.4196726877591848,-0.020089454424016627)
(-0.4178988389586562,-0.01706276556944747)
(-0.41610334586450537,-0.014051434628786863)
(-0.41428652740311245,-0.011055543362622619)
(-0.4124487008606734,-0.008075171876340423)
(-0.41059018187580376,-0.005110398631057515)
(-0.40871128443241994,-0.00216130045454326)
(-0.40681232085289215,0.0007720474478735764)
(-0.40489360179146505,0.003689571482412856)
(-0.4029554362279444,0.006591199655963246)
(-0.40099813146164626,0.00947686156521728)
(-0.3990219931056079,0.012346488385824556)
(-0.3970273250810389,0.015200012861556637)
(-0.3950144296120423,0.01803736929349019)
(-0.3929836072205658,0.02085849352920774)
(-0.3909351567216089,0.023663322952010825)
(-0.3888693752186595,0.02645179647015823)
(-0.38678655809937673,0.029223854506112715)
(-0.38468699903149955,0.03197943898581421)
(-0.38257098995898675,0.034718493327966234)
(-0.38043882109839,0.03744096243334494)
(-0.3782907809354358,0.04014679267412485)
(-0.37612715622184273,0.04283593188322789)
(-0.3739482319723434,0.04550832934368891)
(-0.37175429146192557,0.048163935778044405)
(-0.36954561622328264,0.05080270333774322)
(-0.3673224860444675,0.053424585592576256)
(-0.36508517896675463,0.05602953752013103)
(-0.3628339712827007,0.05861751549526525)
(-0.36056913753440223,0.06118847727960827)
(-0.35829095051194904,0.06374238201108035)
(-0.3559996812520662,0.06627919019343916)
(-0.3536955990369504,0.0687988636858484)
(-0.3513789713932857,0.07130136569247336)
(-0.34905006409144385,0.07378666075209639)
(-0.34670914114486767,0.07625471472776552)
(-0.3443564648096267,0.07870549479645772)
(-0.3419922955841501,0.0811389694387801)
(-0.3396168922091267,0.08355510842868719)
(-0.3372305116675832,0.08595388282323306)
(-0.33483340918511356,0.08833526495234105)
(-0.33242583823028576,0.09069922840861289)
(-0.33000805051519794,0.09304574803715435)
(-0.3275802959962021,0.09537479992543678)
(-0.3251428228747722,0.09768636139318093)
(-0.3226958775985358,0.09998041098227495)
(-0.3202397048624484,0.10225692844671937)
(-0.317774547610114,0.10451589474259787)
(-0.31530064703526034,0.10675729201808631)
(-0.31281824258334484,0.10898110360348157)
(-0.31032757195330796,0.11118731400127023)
(-0.3078288710994608,0.11337590887622002)
(-0.30532237423351094,0.11554687504550913)
(-0.3028083138267168,0.11770020046887907)
(-0.3002869206121771,0.11983587423882999)
(-0.29775842358724297,0.1219538865708341)
(-0.2952230500160626,0.12405422879359634)
(-0.2926810254322417,0.1261368933393319)
(-0.29013257364163336,0.1282018737340918)
(-0.28757791672523997,0.1302491645881085)
(-0.28501727504223473,0.1322787615861837)
(-0.2824508672331012,0.13429066147810495)
(-0.27987891022287664,0.13628486206909776)
(-0.27730161922451685,0.13826136221031202)
(-0.2747192077423575,0.1402201617893414)
(-0.2721318875756953,0.14216126172077934)
(-0.2695398688224574,0.14408466393680672)
(-0.2669433598829876,0.14599037137781823)
(-0.26434256746392154,0.14787838798308167)
(-0.26173769658216833,0.14974871868143416)
(-0.2591289505689824,0.15160136938201074)
(-0.2565165310741307,0.15343634696501407)
(-0.2539006380701563,0.15525365927251686)
(-0.25128146985672767,0.15705331509930182)
(-0.2486592230650756,0.15883532418373517)
(-0.24603409266252083,0.16059969719868264)
(-0.24340627195708778,0.16234644574245818)
(-0.2407759526021921,0.16407558232981123)
(-0.23814332460141996,0.16578712038294932)
(-0.23550857631338107,0.1674810742226024)
(-0.2328718944566396,0.1691574590591213)
(-0.230233464114721,0.1708162909836125)
(-0.22759346874119815,0.1724575869591167)
(-0.22495209016484005,0.17408136481182163)
(-0.22230950859484258,0.17568764322231362)
(-0.21966590262611868,0.17727644171686624)
(-0.21702144924466382,0.17884778065877183)
(-0.21437632383298166,0.18040168123970668)
(-0.21173070017557935,0.18193816547114133)
(-0.20908475046451855,0.1834572561757811)
(-0.2064386453050344,0.18495897697905336)
(-0.20379255372121613,0.18644335230063494)
(-0.20114664316173145,0.18791040734600845)
(-0.198501079505628,0.1893601680980722)
(-0.1958560270681755,0.1907926613087783)
(-0.1932116486067655,0.19220791449081898)
(-0.1905681053268646,0.19360595590934387)
(-0.18792555688802,0.19498681457372805)
(-0.1852841614099105,0.19635052022936936)
(-0.18264407547845052,0.1976971033495347)
(-0.18000545415193397,0.19902659512724002)
(-0.17736845096723258,0.20033902746717425)
(-0.17473321794603183,0.20163443297766312)
(-0.1720999056011126,0.2029128449626742)
(-0.16946866294267113,0.20417429741385695)
(-0.16683963748468372,0.20541882500263484)
(-0.16421297525130676,0.2066464630723226)
(-0.16158882078331732,0.2078572476302999)
(-0.15896731714458764,0.20905121534021465)
(-0.1563486059285976,0.21022840351423383)
(-0.15373282726497628,0.2113888501053276)
(-0.1511201198260851,0.21253259369960398)
(-0.1485106208336243,0.2136596735086797)
(-0.1459044660652743,0.21477012936208761)
(-0.1433017898613654,0.21586400169973538)
(-0.1407027251315745,0.21694133156439244)
(-0.13810740336165467,0.21800216059423227)
(-0.13551595462018437,0.21904653101540564)
(-0.13292850756534183,0.22007448563465515)
(-0.13034518945171136,0.221086067831978)
(-0.12776612613710306,0.22208132155332277)
(-0.1251914420893987,0.22306029130333133)
(-0.12262126039342343,0.22402302213812264)
(-0.12005570275782515,0.22496955965811055)
(-0.11749488952198697,0.2258999500008745)
(-0.11493893966294873,0.22681423983406052)
(-0.11238797080234532,0.22771247634832878)
(-0.10984209921336707,0.2285947072503446)
(-0.10730143982773395,0.22946098075580132)
(-0.10476610624267499,0.23031134558249614)
(-0.10223621072793417,0.23114585094343773)
(-0.09971186423278221,0.2319645465400008)
(-0.09719317639304041,0.23276748255511753)
(-0.09468025553811311,0.2335547096465118)
(-0.09217320869803482,0.23432627893997626)
(-0.08967214161052273,0.23508224202268793)
(-0.08717715872804409,0.23582265093656338)
(-0.08468836322487902,0.23654755817166073)
(-0.0822058570041975,0.23725701665961188)
(-0.07972974070514736,0.237951079767113)
(-0.07726011370993642,0.23862980128943154)
(-0.07479707415092604,0.23929323544397874)
(-0.07234071891772746,0.239941436863905)
(-0.06989114366429612,0.24057446059174198)
(-0.06744844281603499,0.24119236207309075)
(-0.0650127095769007,0.24179519715033976)
(-0.0625840359364956,0.2423830220564295)
(-0.06016251267718195,0.24295589340865809)
(-0.05774822938117299,0.24351386820252557)
(-0.0553412744376432,0.2440570038056146)
(-0.05294173504981996,0.24458535795151926)
(-0.05054969724208602,0.24509898873381067)
(-0.04816524586706505,0.24559795460003117)
(-0.045788464612717995,0.24608231434575392)
(-0.04341943600942379,0.24655212710865787)
(-0.041058241437060536,0.24700745236264982)
(-0.03870496113207784,0.24744834991203554)
(-0.036359674194566476,0.24787487988571494)
(-0.034022458595317766,0.24828710273143056)
(-0.03169339118287992,0.2486850792100476)
(-0.029372547690600208,0.2490688703898709)
(-0.02706000274366325,0.2494385376410133)
(-0.024755829866126025,0.2497941426297884)
(-0.022460101487921297,0.2501357473131487)
(-0.020172888951884165,0.2504634139331681)
(-0.01789426252073938,0.25077720501155376)
(-0.01562429138409488,0.2510771833442025)
(-0.013363043665408697,0.2513634119957888)
(-0.011110586428965482,0.25163595429440566)
(-0.008866985686815775,0.25189487382622494)
(-0.006632306405726069,0.252140234430213)
(-0.00440661251409425,0.2523721001928731)
(-0.002189966908869546,0.25259053544302773)
(0.000017568537558547248,0.25279560474664686)
(0.002215932970465098,0.25298737290169954)
(0.004405066545936155,0.2531659049330589)
(0.006584910424005417,0.25333126608743467)
(0.008755406761823598,0.2534835218283414)
(0.010916498706832898,0.2536227378311127)
(0.013068130389968634,0.2537489799779496)
(0.015210246918867153,0.25386231435299705)
(0.017342794371099892,0.2539628072374722)
(0.019465719787415903,0.25405052510481607)
(0.021578971165015944,0.2541255346158932)
(0.02368249745083101,0.2541879026142149)
(0.025776248534823683,0.2542376961212147)
(0.02786017524331822,0.2542749823315431)
(0.02993422933232898,0.25429982860841427)
(0.031998363480933226,0.2543123024789759)
(0.03405253128464812,0.2543124716297232)
(0.03609668724882637,0.2543004039019418)
(0.03813078678208649,0.25427616728719643)
(0.04015478618974531,0.254239829922843)
(0.042168642667290396,0.25419146008758486)
(0.0441723142938617,0.2541311261970571)
(0.046165760025751096,0.2540588967994528)
(0.048148939689941474,0.2539748405711856)
(0.05012181397764882,0.2538790263125639)
(0.05208434443789629,0.2537715229435494)
(0.05403649347111057,0.25365239949948354)
(0.05597822432274227,0.25352172512690974)
(0.05790950107689773,0.2533795690793911)
(0.059830288650014586,0.2532260007133768)
(0.06174055278453826,0.25306108948410405)
(0.06364026004264042,0.25288490494151766)
(0.06552937779995154,0.2526975167262508)
(0.06740787423932049,0.2524989945656114)
(0.0692757183445931,0.2522894082696224)
(0.071132879894431,0.2520688277270766)
(0.07297932945612749,0.25183732290164285)
(0.07481503837947887,0.25159496382799296)
(0.07663997879065937,0.2513418206079655)
(0.07845412358612522,0.2510779634067572)
(0.08025744642655769,0.2508034624491602)
(0.0820499217308045,0.2505183880158131)
(0.08383152466987702,0.2502228104394954)
(0.08560223116094992,0.24991680010145112)
(0.08736201786140123,0.24960042742774824)
(0.08911086216286809,0.2492737628856606)
(0.09084874218533293,0.24893687698008612)
(0.09257563677124041,0.24858984024999975)
(0.09429152547962949,0.24823272326493773)
(0.09599638858030565,0.24786559662149701)
(0.09769020704802382,0.24748853093989256)
(0.09937296255671475,0.2471015968605165)
(0.10104463747372286,0.2467048650405526)
(0.10270521485408458,0.24629840615060128)
(0.10435467843481618,0.24588229087135177)
(0.10599301262925029,0.2454565898902722)
(0.10762020252137945,0.24502137389832823)
(0.10923623386024145,0.24457671358674757)
(0.11084109305431959,0.2441226796437915)
(0.11243476716598207,0.24365934275157716)
(0.1140172439059387,0.24318677358290655)
(0.115588511627727,0.24270504279815278)
(0.1171485593222373,0.24221422104214446)
(0.11869737661224575,0.2417143789411028)
(0.12023495374698254,0.24120558709959444)
(0.12176128159674565,0.24068791609752155)
(0.12327635164750944,0.2401614364871268)
(0.1247801559955815,0.23962621879004145)
(0.1262726873422915,0.2390823334943482)
(0.12775393898868767,0.23852985105168806)
(0.1292239048302815,0.23796884187437414)
(0.13068257935180952,0.2373993763325534)
(0.13212995762201843,0.23682152475137208)
(0.13356603528849073,0.23623535740820759)
(0.13499080857249035,0.23564094452986833)
(0.1364042742638349,0.23503835628988234)
(0.13780642971579818,0.23442766280577154)
(0.13919727284004327,0.23380893413636386)
(0.1405768021015736,0.2331822402791403)
(0.14194501651372543,0.23254765116759626)
(0.14330191563317357,0.23190523666863275)
(0.14464749955498124,0.23125506657997866)
(0.14598176890766212,0.23059721062763208)
(0.14730472484827298,0.22993173846332848)
(0.14861636905755046,0.22925871966203795)
(0.14991670373504676,0.22857822371948255)
(0.15120573159432332,0.22789032004968243)
(0.15248345585814313,0.22719507798253247)
(0.15374988025371986,0.2264925667613827)
(0.15500500900796604,0.22578285554067132)
(0.15624884684279436,0.22506601338356358)
(0.15748139897042127,0.22434210925962306)
(0.15870267108872574,0.22361121204249612)
(0.15991266937660936,0.22287339050763827)
(0.16111140048940145,0.22212871333005116)
(0.16229887155428233,0.2213772490820432)
(0.1634750901657376,0.22061906623102728)
(0.1646400643810392,0.21985423313731828)
(0.1657938027157522,0.21908281805198615)
(0.16693631413927348,0.2183048891146912)
(0.16806760807038804,0.21752051435158437)
(0.1691876943728622,0.21672976167320412)
(0.17029658335105613,0.2159326988723968)
(0.17139428574557053,0.21512939362227554)
(0.17248081272891286,0.21431991347418522)
(0.17355617590119615,0.21350432585569992)
(0.17462038728585902,0.21268269806863627)
(0.17567345932541995,0.21185509728709148)
(0.17671540487724804,0.21102159055550296)
(0.17774623720936858,0.2101822447867297)
(0.17876596999629069,0.20933712676015884)
(0.1797746173148627,0.20848630311982025)
(0.18077219364015876,0.20762984037254584)
(0.18175871384137735,0.20676780488612126)
(0.1827341931777806,0.20590026288748514)
(0.18369864729465635,0.20502728046093185)
(0.18465209221929577,0.20414892354634062)
(0.18559454435701517,0.2032652579374287)
(0.18652602048718084,0.20237634928001758)
(0.18744653775928627,0.20148226307032333)
(0.18835611368902896,0.20058306465327158)
(0.18925476615442957,0.19967881922082178)
(0.19014251339197186,0.19876959181031978)
(0.19101937399276514,0.19785544730287236)
(0.19188536689873553,0.1969364504217308)
(0.19274051139883763,0.1960126657307004)
(0.19358482712530323,0.19508415763257442)
(0.19441833404989461,0.19415099036757344)
(0.1952410524802028,0.19321322801181834)
(0.19605300305596238,0.1922709344758136)
(0.19685420674538215,0.19132417350295003)
(0.19764468484151967,0.19037300866802978)
(0.19842445895865982,0.1894175033758078)
(0.19919355102873712,0.18845772085955267)
(0.199951983297762,0.18749372417961713)
(0.2006997783222919,0.1865255762220468)
(0.20143695896590397,0.18555333969718169)
(0.20216354839572134,0.18457707713830046)
(0.20287957007892418,0.1835968509002554)
(0.2035850477793242,0.1826127231581541)
(0.2042800055539357,0.18162475590604027)
(0.20496446774958493,0.1806330109555903)
(0.20563845899952424,0.17963754993483605)
(0.20630200422010064,0.17863843428690446)
(0.20695512860741247,0.17763572526876778)
(0.20759785763401503,0.17662948395001535)
(0.20823021704564257,0.1756197712116396)
(0.20885223285793572,0.17460664774484017)
(0.2094639313532262,0.17359017404984603)
(0.2100653390773045,0.1725704104347497)
(0.2106564828362496,0.17154741701436108)
(0.21123738969324413,0.17052125370907642)
(0.21180808696544057,0.16949198024376552)
(0.21236860222083187,0.16845965614666908)
(0.21291896327515242,0.16742434074831591)
(0.21345919818880077,0.16638609318046002)
(0.21398933526377747,0.16534497237502407)
(0.21450940304065577,0.1643010370630623)
(0.21501943029556175,0.16325434577374293)
(0.21551944603718504,0.16220495683334013)
(0.21600947950380758,0.1611529283642412)
(0.21648956016035278,0.1600983182839761)
(0.21695971769545513,0.15904118430424946)
(0.21741998201855484,0.1579815839300003)
(0.21787038325701516,0.1569195744584658)
(0.21831095175324092,0.15585521297826727)
(0.21874171806185289,0.15478855636850616)
(0.2191627129468486,0.15371966129787595)
(0.21957396737880727,0.15264858422378905)
(0.21997551253209363,0.1515753813915118)
(0.22036737978210788,0.15050010883332682)
(0.22074960070253027,0.14942282236769322)
(0.2211222070626081,0.1483435775984339)
(0.22148523082444144,0.14726242991392613)
(0.22183870414029994,0.14617943448631282)
(0.22218265934996695,0.1450946462707253)
(0.22251712897808568,0.1440081200045194)
(0.2228421457315345,0.1429199102065216)
(0.22315774249682163,0.14183007117629404)
(0.22346395233750274,0.1407386569934097)
(0.22376080849159755,0.13964572151673948)
(0.22404834436905677,0.13855131838375206)
(0.22432659354922188,0.13745550100983298)
(0.22459558977831542,0.13635832258760508)
(0.2248553669669481,0.13525983608627115)
(0.2251059591876393,0.13416009425096292)
(0.2253474006723652,0.13305914960211118)
(0.22557972581012056,0.1319570544348125)
(0.22580296914449083,0.13085386081822598)
(0.22601716537125924,0.12974962059497183)
(0.2262223493360122,0.128644385380539)
(0.22641855603178224,0.1275382065627179)
(0.22660582059668777,0.12643113530103073)
(0.22678417831160966,0.12532322252618136)
(0.226953664597875,0.12421451893951521)
(0.2271143150149503,0.12310507501249043)
(0.22726616525818175,0.12199494098615966)
(0.22740925115650656,0.12088416687066736)
(0.22754360867022838,0.11977280244474961)
(0.22766927388877573,0.11866089725525791)
(0.22778628302849221,0.11754850061667999)
(0.2278946724304407,0.11643566161068314)
(0.22799447855822458,0.11532242908565886)
(0.22808573799582063,0.1142088516562902)
(0.22816848744543905,0.1130949777031197)
(0.2282427637253821,0.1119808553721278)
(0.22830860376794257,0.11086653257433211)
(0.22836604461729015,0.10975205698538427)
(0.22841512342739761,0.10863747604518946)
(0.22845587745997037,0.10752283695752168)
(0.2284883440824011,0.10640818668967114)
(0.22851256076571408,0.10529357197207168)
(0.22852856508256778,0.10417903929797111)
(0.22853639470523374,0.10306463492308597)
(0.22853608740360878,0.10195040486527539)
(0.2285276810432446,0.10083639490423497)
(0.228511213583376,0.09972265058117913)
(0.22848672307498827,0.09860921719855459)
(0.22845424765887526,0.09749613981974345)
(0.22841382556372725,0.09638346326879897)
(0.22836549510422643,0.09527123213016758)
(0.22830929467916103,0.09415949074843351)
(0.2282452627695566,0.09304828322807472)
(0.228173437936796,0.091937653433213)
(0.22809385882080677,0.09082764498740015)
(0.22800656413819892,0.0897183012733775)
(0.2279115926804679,0.08860966543287829)
(0.2278089833121789,0.08750178036641944)
(0.22769877496918453,0.08639468873310899)
(0.22758100665683761,0.08528843295045338)
(0.22745571744824467,0.08418305519419238)
(0.22732294648250342,0.08307859739812566)
(0.22718273296296249,0.08197510125394773)
(0.22703511615551522,0.08087260821110949)
(0.22688013538687124,0.07977115947666545)
(0.22671783004287585,0.07867079601514837)
(0.2265482395668049,0.07757155854843405)
(0.22637140345771545,0.07647348755563417)
(0.22618736126876368,0.07537662327298036)
(0.22599615260558836,0.07428100569372809)
(0.2257978171246431,0.07318667456806013)
(0.2255923945315974,0.0720936694030066)
(0.22537992457971945,0.07100202946236442)
(0.2251604470682785,0.0699117937666302)
(0.22493400184096032,0.06882300109293975)
(0.22470062878429772,0.06773568997501507)
(0.22446036782610462,0.06664989870311878)
(0.22421325893392408,0.06556566532401517)
(0.22395934211350085,0.06448302764094312)
(0.22369865740724537,0.06340202321359192)
(0.2234312448927233,0.06232268935808659)
(0.2231571446811487,0.061245063146978536)
(0.22287639691589928,0.060169181409250434)
(0.22258904177103064,0.05909508073031802)
(0.22229511944980582,0.05802279745204756)
(0.22199467018323998,0.056952367672775374)
(0.22168773422865498,0.055883827247339285)
(0.22137435186823176,0.054817211787113525)
(0.2210545634076038,0.053752556660050556)
(0.2207284091744225,0.052689896990730345)
(0.220395929516967,0.05162926766042063)
(0.22005716480274304,0.05057070330713748)
(0.21971215541710606,0.04951423832571689)
(0.21936094176187773,0.04845990686789098)
(0.21900356425399703,0.04740774284237431)
(0.21864006332415814,0.0463577799149529)
(0.2182704794154736,0.045310051508581896)
(0.21789485298213518,0.04426459080348665)
(0.21751322448810362,0.04322143073727833)
(0.2171256344057901,0.04218060400506858)
(0.21673212321474428,0.04114214305958896)
(0.21633273140038464,0.040106080111324174)
(0.21592749945269452,0.03907244712864751)
(0.21551646786495893,0.03804127583796362)
(0.2150996771324955,0.03701259772385374)
(0.2146771677514099,0.035986444029232754)
(0.2142489802173394,0.03496284575550908)
(0.21381515502422424,0.03394183366275038)
(0.21337573266308013,0.03292343826985792)
(0.2129307536207806,0.03190768985474351)
(0.21248025837884607,0.030894618454514085)
(0.21202428741225118,0.029884253865663308)
(0.21156288118822744,0.028876625644265644)
(0.21109608016508527,0.02787176310618103)
(0.21062392479104336,0.02686969532726016)
(0.21014645550306207,0.025870451143559684)
(0.2096637127256857,0.024874059151558915)
(0.20917573686990548,0.023880547708388395)
(0.20868256833200657,0.02288994493205517)
(0.20818424749245484,0.021902278701682452)
(0.20768081471476316,0.02091757665774949)
(0.20717231034437908,0.01993586620233669)
(0.2066587747075918,0.018957174499381092)
(0.20614024811042123,0.017981528474930147)
(0.20561677083753668,0.017008954817406743)
(0.20508838315117578,0.01603947997787651)
(0.2045551252900726,0.015073130170320482)
(0.20401703746838784,0.014109931371913725)
(0.20347415987466036,0.013149909323309632)
(0.2029265326707526,0.012193089528928289)
(0.20237419599080933,0.011239497257248675)
(0.20181718994022574,0.010289157541109309)
(0.2012555545946219,0.009342095178011177)
(0.2006893299988235,0.008398334730426454)
(0.20011855616585383,0.007457900526112305)
(0.19954327307591926,0.006520816658428294)
(0.19896352067542855,0.0055871069866615525)
(0.1983793388759953,0.0046567951363527885)
(0.19779076755345487,0.003729904499631639)
(0.19719784654689707,0.002806458235551636)
(0.19660061565769035,0.0018864792704339688)
(0.19599911464852915,0.0009699902982142235)
(0.1953933832424748,0.000057013780794359395)
(0.19478346112201392,-0.0008524280516020547)
(0.19416938792811633,-0.0017583132000690486)
(0.19355120325930594,-0.002660619896652056)
(0.19292894667072852,-0.0035593266039791816)
(0.19230265767324056,-0.004454412014886624)
(0.19167237573249182,-0.005345855052040499)
(0.19103814026802235,-0.006233634867553178)
(0.19039999065236304,-0.007117730842596623)
(0.18975796621014168,-0.007998122587011101)
(0.18911210621720323,-0.008874789938908653)
(0.18846244989971928,-0.00974771296427285)
(0.18780903643332675,-0.010616871956555607)
(0.18715190494225548,-0.011482247436267247)
(0.18649109449846424,-0.012343820150565024)
(0.18582664412079897,-0.013201571072835577)
(0.18515859277413055,-0.014055481402274566)
(0.18448697936852235,-0.014905532563461554)
(0.18381184275839074,-0.015751706205930954)
(0.1831332217416795,-0.016593984203739823)
(0.18245115505902845,-0.017432348655029867)
(0.18176568139297086,-0.01826678188158783)
(0.181076839367103,-0.01909726642839945)
(0.1803846675452936,-0.019923785063202696)
(0.17968920443087494,-0.020746320776032955)
(0.1789904884658571,-0.021564856778769147)
(0.17828855803013044,-0.022379376504672744)
(0.1775834514406895,-0.02318986360792304)
(0.1768752069508574,-0.02399630196315165)
(0.1761638627495107,-0.024798675664970266)
(0.1754494569603145,-0.025596969027495153)
(0.1747320276409646,-0.02639116658387047)
(0.1740116127824307,-0.02718125308578356)
(0.17328825030820943,-0.02796721350298231)
(0.17256197807358187,-0.028749033022783567)
(0.17183283386487136,-0.02952669704958168)
(0.17110085539871797,-0.030300191204351897)
(0.17036608032134123,-0.03106950132415036)
(0.16962854620782827,-0.031834613461611844)
(0.16888829056140997,-0.03259551388444104)
(0.16814535081275578,-0.03335218907490543)
(0.16739976431925996,-0.034104625729320284)
(0.16665156836434655,-0.034852810757532555)
(0.1659008001567711,-0.03559673128239921)
(0.16514749682992866,-0.036336374639267116)
(0.16439169544117288,-0.037071728375444084)
(0.16363343297112867,-0.03780278024966976)
(0.1628727463230239,-0.03852951823158352)
(0.16210967232200518,-0.03925193050118522)
(0.16134424771449138,-0.03997000544830075)
(0.16057650916749677,-0.04068373167203497)
(0.15980649326798338,-0.041393097980229845)
(0.15903423652220672,-0.04209809338891359)
(0.15825977535506563,-0.04279870712174768)
(0.15748314610947062,-0.04349492860947658)
(0.1567043850456976,-0.04418674748936566)
(0.15592352834075904,-0.04487415360464209)
(0.15514061208778132,-0.04555713700393331)
(0.15435567229537014,-0.0462356879406942)
(0.15356874488700792,-0.04690979687264596)
(0.1527798657004237,-0.04757945446119544)
(0.1519890704870007,-0.0482446515708675)
(0.15119639491115566,-0.048905379268718664)
(0.15040187454975448,-0.04956162882376381)
(0.14960554489150482,-0.05021339170638756)
(0.1488074413363714,-0.050860659587759816)
(0.14800759919498954,-0.051503424339245166)
(0.1472060536880797,-0.05214167803181151)
(0.14640283994587644,-0.05277541293543674)
(0.1455979930075436,-0.05340462151850683)
(0.14479154782061965,-0.054029296447221986)
(0.14398353924044344,-0.05464943058498789)
(0.1431740020296003,-0.05526501699181614)
(0.1423629708573578,-0.055876048923709905)
(0.1415504802991241,-0.056482519832058695)
(0.1407365648358944,-0.057084423363023544)
(0.13992125885370954,-0.05768175335691978)
(0.1391045966431163,-0.058274503847601314)
(0.1382866123986321,-0.05886266906183651)
(0.1374673402182212,-0.05944624341869209)
(0.13664681410275764,-0.06002522152889923)
(0.13582506795551208,-0.06059959819423106)
(0.13500213558162488,-0.0611693684068693)
(0.13417805068760255,-0.06173452734877436)
(0.13335284688079801,-0.06229507039104731)
(0.1325265576689105,-0.06285099309329499)
(0.13169921645948104,-0.06340229120298717)
(0.13087085655939604,-0.06394896065481792)
(0.13004151117439522,-0.06449099757006102)
(0.12921121340857236,-0.06502839825591761)
(0.12837999626390248,-0.06556115920487539)
(0.12754789263975203,-0.06608927709405345)
(0.12671493533239842,-0.06661274878454673)
(0.12588115703456335,-0.06713157132077673)
(0.12504659033493987,-0.06764574192982838)
(0.12421126771771597,-0.06815525802079189)
(0.12337522156213211,-0.06866011718410146)
(0.12253848414200164,-0.06916031719087293)
(0.12170108762527077,-0.06965585599223302)
(0.1208630640735578,-0.07014673171865594)
(0.12002444544171352,-0.0706329426792917)
(0.11918526357737089,-0.07111448736129124)
(0.11834555022051223,-0.07159136442913748)
(0.11750533700302011,-0.07206357272396358)
(0.11666465544826614,-0.07253111126287948)
(0.11582353697066229,-0.07299397923828917)
(0.11498201287524752,-0.07345217601721077)
(0.11414011435726149,-0.07390570114058641)
(0.1132978725017295,-0.07435455432260794)
(0.11245531828304835,-0.07479873545001714)
(0.11161248256457466,-0.07523824458142452)
(0.1107693960982245,-0.07567308194661573)
(0.1099260895240587,-0.07610324794585517)
(0.10908259336989702,-0.07652874314919654)
(0.10823893805090959,-0.07694956829578004)
(0.10739515386923874,-0.077365724293141)
(0.10655127101359915,-0.07777721221650226)
(0.10570731955889717,-0.07818403330807777)
(0.10486332946585364,-0.07858618897636813)
(0.10401933058061796,-0.07898368079545266)
(0.1031753526344,-0.07937651050428265)
(0.1023314252430997,-0.07976468000597703)
(0.10148757790693214,-0.08014819136710688)
(0.10064384001007898,-0.08052704681698723)
(0.09980024082031344,-0.08090124874696267)
(0.09895680948865267,-0.08127079970968999)
(0.09811357504899726,-0.08163570241842658)
(0.09727056641779641,-0.08199595974630594)
(0.09642781239367983,-0.08235157472562475)
(0.09558534165713524,-0.08270255054711763)
(0.09474318277015899,-0.08304889055923481)
(0.09390136417592122,-0.08339059826741946)
(0.0930599141984405,-0.0837276773333801)
(0.09221886104224039,-0.08406013157436702)
(0.09137823279204252,-0.08438796496244172)
(0.09053805741242875,-0.08471118162374697)
(0.08969836274753393,-0.08502978583777729)
(0.0888591765207231,-0.08534378203664292)
(0.08802052633428373,-0.08565317480434308)
(0.08718243966911443,-0.08595796887602028)
(0.08634494388442857,-0.0862581691372379)
(0.08550806621743788,-0.0865537806232268)
(0.08467183378306532,-0.08684480851815914)
(0.08383627357365268,-0.0871312581544043)
(0.08300141245865397,-0.08741313501178169)
(0.08216727718436641,-0.08769044471682588)
(0.08133389437363044,-0.08796319304203973)
(0.0805012905255556,-0.08823138590514712)
(0.07966949201524148,-0.08849502936835375)
(0.07883852509350209,-0.08875412963758994)
(0.0780084158865981,-0.08900869306177034)
(0.07717919039595594,-0.08925872613203957)
(0.07635087449792316,-0.0895042354810236)
(0.07552349394348809,-0.08974522788207889)
(0.07469707435803498,-0.08998171024853875)
(0.07387164124107955,-0.09021368963295653)
(0.07304721996602291,-0.09044117322635577)
(0.0722238357799034,-0.09066416835747082)
(0.07140151380314617,-0.09088268249199047)
(0.0705802790293287,-0.09109672323180526)
(0.06976015632493475,-0.09130629831423445)
(0.06894117042912604,-0.09151141561128906)
(0.06812334595350478,-0.09171208312888551)
(0.06730670738189015,-0.09190830900610758)
(0.06649127907008479,-0.0921001015144231)
(0.06567708524566372,-0.09228746905694213)
(0.06486415000774473,-0.09247042016762988)
(0.06405249732677924,-0.09264896351056036)
(0.06324215104433714,-0.09282310787914322)
(0.062433134872898095,-0.09299286219535123)
(0.06162547239564339,-0.09315823550896685)
(0.06081918706625943,-0.0933192369968015)
(0.06001430220872838,-0.09347587596193406)
(0.05921084101714619,-0.09362816183293969)
(0.0584088265555088,-0.09377610416310889)
(0.057608281757543574,-0.09391971262969799)
(0.05680922942650642,-0.09405899703313884)
(0.05601169223500907,-0.09419396729627523)
(0.055215692724833024,-0.09432463346358405)
(0.054421253306752834,-0.09445100570040992)
(0.053628396260362816,-0.09457309429217862)
(0.05283714373391015,-0.09469090964364171)
(0.05204751774412083,-0.09480446227807642)
(0.05125954017603636,-0.09491376283652704)
(0.050473232782861165,-0.09501882207702533)
(0.0496886171857902,-0.09511965087380791)
(0.04890571487386755,-0.09521626021654463)
(0.04812454720382549,-0.09530866120955564)
(0.047345135399943755,-0.09539686507103587)
(0.046567500553897787,-0.09548088313227689)
(0.045791663624619984,-0.09556072683688357)
(0.04501764543815732,-0.09563640773999653)
(0.0442454666875407,-0.09570793750751144)
(0.04347514793264923,-0.095775327915296)
(0.04270670960008197,-0.09583859084841666)
(0.04194017198302938,-0.09589773830034495)
(0.04117555524115227,-0.09595278237218662)
(0.04041287940046028,-0.09600373527189093)
(0.039652164353200285,-0.09605060931347739)
(0.03889342985773503,-0.09609341691624243)
(0.03813669553843463,-0.09613217060398231)
(0.037381980885572604,-0.09616688300421046)
(0.03662930525521979,-0.09619756684737338)
(0.03587868786914359,-0.0962242349660628)
(0.03513014781470647,-0.0962469002942382)
(0.034383704044776975,-0.09626557586643425)
(0.033639375377633875,-0.09628027481698657)
(0.032897180496881326,-0.09629101037923864)
(0.03215713795135255,-0.09629779588475733)
(0.031419266155045235,-0.09630064476255663)
(0.030683583387029232,-0.09629957053830351)
(0.0299501077913737,-0.09629458683353881)
(0.02921885737707165,-0.09628570736488196)
(0.028489850017979424,-0.09627294594326138)
(0.02776310345273672,-0.09625631647311877)
(0.02703863528471681,-0.09623583295162653)
(0.02631646298194774,-0.09621150946789894)
(0.025596603877080397,-0.09618336020221215)
(0.024879075167308844,-0.09615139942521635)
(0.02416389391433214,-0.09611564149714937)
(0.023451077044307267,-0.09607610086705591)
(0.022740641347799108,-0.09603279207199623)
(0.02203260347973946,-0.09598572973626657)
(0.021326979959388,-0.0959349285706068)
(0.020623787170303835,-0.09588040337142856)
(0.019923041360297804,-0.09582216902001324)
(0.01922475864141909,-0.09576024048174277)
(0.018528954989913353,-0.09569463280530809)
(0.01783564624621952,-0.09562536112192199)
(0.01714484811492477,-0.09555244064454603)
(0.016456576164766402,-0.09547588666709057)
(0.015770845828607518,-0.0953957145636468)
(0.015087672403435223,-0.0953119397876941)
(0.014407071050339856,-0.09522457787132162)
(0.013729056794521917,-0.09513364442443938)
(0.013053644525278867,-0.0950391551340015)
(0.01238084899602394,-0.0949411257632251)
(0.011710684824266186,-0.09483957215080445)
(0.011043166491637356,-0.09473451021012669)
(0.010378308343894279,-0.09462595592849733)
(0.009716124590935241,-0.0945139253663563)
(0.009056629306809283,-0.09439843465649951)
(0.008399836429747452,-0.09427950000329431)
(0.007745759762173861,-0.09415713768190322)
(0.007094412970735157,-0.09403136403750531)
(0.006445809586335833,-0.09390219548451624)
(0.005799963004159949,-0.0937696485058105)
(0.005156886483709664,-0.09363373965194285)
(0.004516593148842651,-0.0934944855403721)
(0.003879095987818191,-0.09335190285468288)
(0.003244407853329763,-0.09320600834381233)
(0.0026125414625610883,-0.09305681882127248)
(0.0019835093972304153,-0.09290435116437355)
(0.001357324103650292,-0.09274862231345324)
(0.000733997892775457,-0.09258964927110275)
(0.00011354294026271098,-0.09242744910138412)
(-0.000504028713461785,-0.09226203892907718)
(-0.0011187051631430735,-0.09209343593888529)
(-0.0017304746386255323,-0.09192165737467951)
(-0.002339325504785491,-0.09174672053872136)
(-0.0029452462614582443,-0.09156864279089615)
(-0.0035482255433559994,-0.09138744154793914)
(-0.004148252119993867,-0.09120313428267109)
(-0.004745314895603303,-0.09101573852323006)
(-0.00533940290905105,-0.09082527185230599)
(-0.0059305053337433715,-0.09063175190636583)
(-0.0065186114775392144,-0.0904351963748998)
(-0.007103710782657168,-0.09023562299964887)
(-0.007685792825575232,-0.09003304957384543)
(-0.008264847316928982,-0.08982749394144736)
(-0.008840864101411657,-0.08961897399637606)
(-0.009413833157664208,-0.08940750768175831)
(-0.009983744598171225,-0.08919311298915998)
(-0.010550588669142595,-0.0889758079578346)
(-0.011114355750399913,-0.08875561067395889)
(-0.011675036355263065,-0.08853253926987593)
(-0.012232621130424923,-0.08830661192333954)
(-0.012787100855824914,-0.08807784685675817)
(-0.013338466444529103,-0.08784626233644166)
(-0.013886708942593692,-0.08761187667184303)
(-0.014431819528938275,-0.08737470821481509)
(-0.014973789515204363,-0.08713477535884301)
(-0.015512610345624081,-0.08689209653831387)
(-0.01604827359686631,-0.086646690227747)
(-0.01658077097791008,-0.08639857494106085)
(-0.01711009432988195,-0.08614776923081541)
(-0.017636235625914896,-0.0858942916874718)
(-0.01815918697099202,-0.0856381609386451)
(-0.018678940601787347,-0.08537939564836249)
(-0.019195488886518664,-0.0851180145163113)
(-0.019708824324771515,-0.08485403627710703)
(-0.020218939547345997,-0.08458747969955295)
(-0.020725827316084692,-0.08431836358589254)
(-0.021229480523700852,-0.0840467067710795)
(-0.021729892193614504,-0.08377252812203333)
(-0.022227055479761344,-0.08349584653690835)
(-0.022720963666432004,-0.08321668094436134)
(-0.02321161016807465,-0.08293505030280852)
(-0.023698988529124748,-0.0826509735997057)
(-0.024183092423805282,-0.0823644698508075)
(-0.02466391565595058,-0.0820755580994481)
(-0.025141452158801904,-0.08178425741580106)
(-0.0256156959948156,-0.0814905868961604)
(-0.026086641355467614,-0.08119456566221674)
(-0.026554282561055,-0.08089621286032583)
(-0.027018614060483764,-0.08059554766079369)
(-0.027479630431066496,-0.08029258925714643)
(-0.027937326378319728,-0.07998735686542537)
(-0.028391696735740685,-0.0796798697234505)
(-0.028842736464602472,-0.07937014709011199)
(-0.029290440653726362,-0.07905820824466173)
(-0.029734804519275685,-0.07874407248598721)
(-0.030175823404518107,-0.07842775913190544)
(-0.030613492779609515,-0.07810928751844759)
(-0.03104780824136651,-0.07778867699915593)
(-0.03147876551302568,-0.07746594694436991)
(-0.03190636044402235,-0.07714111674052432)
(-0.03233058900974626,-0.07681420578944023)
(-0.03275144731130546,-0.07648523350762217)
(-0.03316893157527965,-0.07615421932555665)
(-0.03358303815348598,-0.07582118268701786)
(-0.033993763522723146,-0.07548614304835985)
(-0.03440110428452391,-0.07514911987782417)
(-0.03480505716490521,-0.07481013265484351)
(-0.03520561901411078,-0.07446920086935079)
(-0.03560278680635601,-0.07412634402108183)
(-0.035996557639562665,-0.07378158161889227)
(-0.03638692873510225,-0.07343493318005867)
(-0.036773897437527854,-0.07308641822960103)
(-0.03715746121430589,-0.07273605629959824)
(-0.037537617655543344,-0.07238386692849172)
(-0.037914364473721505,-0.07202986966041872)
(-0.038287699503413396,-0.0716740840445236)
(-0.03865762070100855,-0.07131652963428516)
(-0.03902412614443021,-0.07095722598683094)
(-0.03938721403285564,-0.07059619266227599)
(-0.03974688268642531,-0.07023344922303745)
(-0.04010313054596063,-0.06986901523317253)
(-0.04045595617266325,-0.06950291025770275)
(-0.04080535824783532,-0.06913515386195075)
(-0.04115133557256934,-0.06876576561087663)
(-0.04149388706746261,-0.06839476506840957)
(-0.04183301177230154,-0.06802217179678595)
(-0.04216870884577341,-0.06764800535589334)
(-0.042500977565151615,-0.0672722853026135)
(-0.042829817325989235,-0.06689503119015985)
(-0.04315522764180678,-0.06651626256743336)
(-0.04347720814378448,-0.06613599897836189)
(-0.04379575858043693,-0.06575425996125094)
(-0.044110878817306506,-0.06537106504814363)
(-0.044422568836630046,-0.06498643376416072)
(-0.04473082873703288,-0.06460038562687577)
(-0.04503565873318495,-0.06421294014565222)
(-0.045337059155484596,-0.06382411682101859)
(-0.04563503044972758,-0.06343393514402543)
(-0.04592957317677076,-0.06304241459560514)
(-0.04622068801219886,-0.06264957464594642)
(-0.046508375745990746,-0.0622554347538563)
(-0.04679263728217563,-0.06186001436613321)
(-0.04707347363849215,-0.06146333291693829)
(-0.047350885946046896,-0.06106540982717083)
(-0.047624875448965015,-0.06066626450384325)
(-0.047895443504045454,-0.060265916339461836)
(-0.04816259158040229,-0.059864384711409285)
(-0.048426321259121136,-0.05946168898132153)
(-0.04868663423290017,-0.059057848494482285)
(-0.04894353230568581,-0.05865288257919707)
(-0.04919701739232644,-0.058246810546202704)
(-0.04944709151819476,-0.05783965168803506)
(-0.049693756818837115,-0.05743142527844628)
(-0.04993701553959967,-0.057022150571787354)
(-0.050176870035256074,-0.05661184680240626)
(-0.05041332276964914,-0.05620053318405866)
(-0.050646376315304616,-0.05578822890929958)
(-0.05087603335306401,-0.05537495314890029)
(-0.051102296671703074,-0.054960725051244906)
(-0.05132516916755337,-0.054545563741747204)
(-0.0515446538441228,-0.054129488322259466)
(-0.05176075381170886,-0.053712517870492374)
(-0.051973472287014114,-0.053294671439426046)
(-0.05218281259275795,-0.0528759680567317)
(-0.05238877815728797,-0.052456426724193865)
(-0.0525913725141834,-0.05203606641713347)
(-0.052790599301867774,-0.05161490608383493)
(-0.05298646226320815,-0.051192964644974574)
(-0.05317896524511433,-0.05077026099304943)
(-0.053368112198146946,-0.050346813991817084)
(-0.05355390717610878,-0.049922642475726114)
(-0.05373635433563923,-0.04949776524935417)
(-0.05391545793581618,-0.04907220108685488)
(-0.054091222337737686,-0.04864596873139236)
(-0.05426365200411947,-0.04821908689459591)
(-0.05443275149888052,-0.047791574256000675)
(-0.05459852548672609,-0.04736344946250274)
(-0.054760978732736505,-0.04693473112781505)
(-0.05492011610194631,-0.04650543783191204)
(-0.05507594255892312,-0.04607558812049892)
(-0.0552284631673538,-0.0456452005044712)
(-0.05537768308961057,-0.04521429345937052)
(-0.05552360758632745,-0.04478288542485385)
(-0.05566624201598576,-0.04435099480417102)
(-0.05580559183446734,-0.043918639963620734)
(-0.05594166259463421,-0.04348583923203239)
(-0.05607445994589263,-0.043052610900240935)
(-0.05620398963376101,-0.042618973220564155)
(-0.056330257499430963,-0.042184944406287124)
(-0.05645326947932935,-0.041750542631138934)
(-0.05657303160468112,-0.041315786028786904)
(-0.0566895500010665,-0.040880692692322154)
(-0.056802830887977905,-0.04044528067375212)
(-0.05691288057837419,-0.04000956798349123)
(-0.05701970547823126,-0.039573572589859815)
(-0.05712331208610254,-0.03913731241858732)
(-0.05722370699266141,-0.038700805352311136)
(-0.05732089688024886,-0.03826406923007781)
(-0.05741488852242758,-0.037827121846858984)
(-0.057505688783521886,-0.037389980953056776)
(-0.057593304618158286,-0.03695266425401355)
(-0.05767774307081503,-0.03651518940953432)
(-0.05775901127535212,-0.03607757403339656)
(-0.05783711645456486,-0.035639835692882954)
(-0.05791206591970662,-0.03520199190829471)
(-0.05798386707003104,-0.03476406015248151)
(-0.05805252739232365,-0.034326057850370253)
(-0.05811805446044067,-0.033888002378500856)
(-0.05818045593482953,-0.03344991106455369)
(-0.058239739562069306,-0.033011801186894625)
(-0.05829591317438825,-0.03257368997410773)
(-0.058348984689202466,-0.03213559460454692)
(-0.05839896210862719,-0.03169753220587179)
(-0.05844585351901371,-0.031259519854605164)
(-0.058489667090463666,-0.03082157457568044)
(-0.05853041107634809,-0.030383713341991844)
(-0.058568093812838375,-0.02994595307396095)
(-0.05860272371841,-0.02950831063908699)
(-0.05863430929337134,-0.029070802851516295)
(-0.058662859119369255,-0.028633446471601213)
(-0.05868838185891151,-0.02819625820547599)
(-0.05871088625487307,-0.027759254704620772)
(-0.05873038113001192,-0.027322452565440167)
(-0.0587468753864773,-0.026885868328838172)
(-0.05876037800531991,-0.02644951847979942)
(-0.05877089804599643,-0.026013419446967053)
(-0.05877844464588048,-0.025577587602235715)
(-0.05878302701976229,-0.025142039260332247)
(-0.058784654459360625,-0.024706790678413477)
(-0.058783336332814906,-0.0242718580556535)
(-0.05877908208419723,-0.023837257532846986)
(-0.05877190123300756,-0.023403005192006172)
(-0.05876180337367064,-0.022969117055961344)
(-0.05874879817503842,-0.0225356090879706)
(-0.05873289537988764,-0.022102497191327137)
(-0.05871410480441027,-0.021669797208968215)
(-0.058692436337714204,-0.021237524923093644)
(-0.05866789994131514,-0.020805696054781365)
(-0.05864050564862539,-0.020374326263605476)
(-0.058610263564450905,-0.019943431147263335)
(-0.05857718386448013,-0.01951302624119969)
(-0.058541276794768754,-0.019083127018234686)
(-0.05850255267123953,-0.018653748888200365)
(-0.05846102187915641,-0.018224907197569615)
(-0.058416694872622195,-0.0177966172291)
(-0.058369582174054524,-0.017368894201469278)
(-0.05831969437367925,-0.016941753268925306)
(-0.058267042129010155,-0.016515209520927304)
(-0.05821163616433208,-0.016089277981800945)
(-0.05815348727017959,-0.015663973610386323)
(-0.0580926063028255,-0.015239311299696814)
(-0.05802900418375557,-0.014815305876579147)
(-0.057962691899147566,-0.014391972101370422)
(-0.05789368049935461,-0.013969324667570325)
(-0.0578219810983773,-0.013547378201501214)
(-0.05774760487334277,-0.013126147261984147)
(-0.05767056306398262,-0.012705646340012387)
(-0.05759086697210787,-0.012285889858426054)
(-0.057508527961079726,-0.011866892171593622)
(-0.057423557455286586,-0.011448667565094512)
(-0.05733596693961943,-0.011031230255406978)
(-0.05724576795893624,-0.010614594389592917)
(-0.057152972117548224,-0.01019877404499505)
(-0.057057591078670186,-0.009783783228926481)
(-0.05695963656391307,-0.009369635878376015)
(-0.05685912035273735,-0.008956345859701115)
(-0.05675605428192945,-0.008543926968338033)
(-0.05665045024506921,-0.008132392928508167)
(-0.056542320191996065,-0.007721757392926148)
(-0.05643167612828124,-0.007312033942515183)
(-0.05631853011468618,-0.006903236086121003)
(-0.05620289426664047,-0.006495377260237369)
(-0.05608478075369222,-0.0060884708287203635)
(-0.05596420179898946,-0.005682530082519286)
(-0.05584116967873395,-0.005277568239404817)
(-0.055715696721648174,-0.004873598443699724)
(-0.055587795308441025,-0.004470633766013501)
(-0.055457477871269464,-0.004068687202980345)
(-0.05532475689320043,-0.0036677716770009824)
(-0.055189644907676326,-0.0032679000359858127)
(-0.055052154497973335,-0.002869085053101956)
(-0.05491229829666554,-0.002471339426523535)
(-0.05477008898508681,-0.0020746757791850505)
(-0.05462553929278769,-0.0016791066585371318)
(-0.054478661996999425,-0.0012846445363067186)
(-0.054329469922097494,-0.0008913018082579478)
(-0.05417797593905231,-0.0004990907939588204)
(-0.0540241929648953,-0.00010802373655087463)
(-0.05386813396217942,0.0002818871974820789)
(-0.05370981193843373,0.0006706299185372835)
(-0.05354923994562436,0.0010581924141148866)
(-0.05338643107961423,0.001444562749039412)
(-0.05322139847961874,0.0018297290656721817)
(-0.05305415532766972,0.002213679584129526)
(-0.052884714848063216,0.002596402602484933)
(-0.05271309030682769,0.002977886496985151)
(-0.052539295011178266,0.0033581197222465114)
(-0.05236334230897131,0.0037370908114591826)
(-0.052185245588163974,0.004114788376583876)
(-0.052005018276272526,0.004491201108545918)
(-0.05182267383983138,0.004866317777428699)
(-0.05163822578384303,0.005240127232658312)
(-0.05145168765124434,0.005612618403192963)
(-0.05126307302235681,0.005983780297701899)
(-0.05107239551434699,0.006353602004747247)
(-0.050879668780681876,0.006722072692956739)
(-0.05068490651058996,0.007089181611201386)
(-0.0504881224285105,0.007454918088760021)
(-0.050289330293560364,0.007819271535491688)
(-0.05008854389898222,0.00818223144199361)
(-0.04988577707160921,0.00854378737976675)
(-0.049681043671315435,0.00890392900137042)
(-0.0494743575904814,0.009262646040579131)
(-0.049265732753444036,0.009619928312532335)
(-0.04905518311595883,0.009975765713883245)
(-0.04884272266465762,0.01033014822294565)
(-0.0486283654165042,0.010683065899833774)
(-0.048412125418254306,0.01103450888660331)
(-0.048194016745913774,0.011384467407386946)
(-0.0479740535041967,0.011732931768528347)
(-0.04775224982598884,0.012079892358713342)
(-0.04752861987179353,0.012425339649089633)
(-0.0473031778292109,0.012769264193404012)
(-0.04707593791238136,0.013111656628111314)
(-0.0468469143614508,0.013452507672498176)
(-0.046616121442032296,0.013791808128795413)
(-0.04638357344466574,0.014129548882293265)
(-0.04614928468427992,0.014465720901447595)
(-0.04591326949964818,0.014800315237984479)
(-0.045675542252860905,0.015133323027008193)
(-0.04543611732877456,0.015464735487093527)
(-0.04519500913448462,0.015794543920389183)
(-0.044952232098784545,0.01612273971270873)
(-0.04470780067162727,0.016449314333620207)
(-0.044461729323591805,0.01677425933653602)
(-0.044214032545346796,0.017097566358796737)
(-0.043964724847111135,0.017419227121750328)
(-0.04371382075813076,0.017739233430838268)
(-0.043461334826127046,0.01805757717566026)
(-0.043207281616777456,0.018374250330055672)
(-0.04295167571317765,0.018689244952171172)
(-0.04269453171530602,0.01900255318452505)
(-0.04243586423949645,0.019314167254074092)
(-0.0421756879178998,0.019624079472270153)
(-0.04191401739796383,0.01993228223512395)
(-0.04165086734189096,0.020238768023254125)
(-0.04138625242611554,0.02054352940194168)
(-0.04112018734077312,0.020846559021178802)
(-0.04085268678917549,0.021147849615716457)
(-0.04058376548727611,0.021447394005104106)
(-0.04031343816314432,0.0217451850937284)
(-0.04004171955644853,0.022041215870858586)
(-0.03976862441791962,0.022335479410672453)
(-0.039494167508827706,0.022627968872288816)
(-0.03921836360046365,0.022918677499799513)
(-0.03894122747361009,0.023207598622291072)
(-0.03866277391802616,0.023494725653872808)
(-0.03838301773191057,0.02378005209368344)
(-0.03810197372140276,0.024063571525926915)
(-0.037819656700039124,0.0243452776198662)
(-0.03753608148825401,0.024625164129850833)
(-0.03725126291285,0.024903224895317034)
(-0.03696521580647955,0.025179453840786795)
(-0.036677955007136304,0.025453844975886365)
(-0.036389495357628934,0.025726392395327525)
(-0.0360998517050801,0.02599709027891946)
(-0.03580903890039344,0.026265932891549066)
(-0.035517071797761035,0.026532914583184165)
(-0.035223965254134605,0.026798029788850278)
(-0.03492973412872503,0.027061273028622625)
(-0.03463439328248673,0.027322638907608374)
(-0.03433795757761068,0.027582122115920406)
(-0.03404044187701547,0.0278397174286607)
(-0.033741861043839964,0.028095419705887192)
(-0.0334422299409393,0.02834922389259429)
(-0.03314156343037667,0.028601125018668624)
(-0.032839876372919775,0.02885111819886567)
(-0.03253718362754146,0.029099198632763924)
(-0.03223350005091483,0.029345361604732226)
(-0.03192884049691149,0.02958960248387969)
(-0.031623219816103755,0.029831916724013523)
(-0.03131665285526897,0.030072299863592635)
(-0.03100915445688529,0.030310747525668046)
(-0.030700739458640526,0.030547255417841167)
(-0.030391422692940595,0.03078181933219731)
(-0.030081218986402057,0.031014435145246908)
(-0.029770143159376046,0.031245098817867873)
(-0.029458210025445148,0.031473806395239674)
(-0.029145434390942065,0.03170055400677039)
(-0.028831831054452004,0.031925337866036)
(-0.028517414806328634,0.032148154270693334)
(-0.02820220042821271,0.03236899960242146)
(-0.027886202692538976,0.032587870326827355)
(-0.027569436362055527,0.03280476299337458)
(-0.027251916189341342,0.03301967423529662)
(-0.026933656916327164,0.03323260076950964)
(-0.02661467327381415,0.03344353939652711)
(-0.026294979980992145,0.03365248700036011)
(-0.025974591744961976,0.03385944054842958)
(-0.0256535232602722,0.03406439709147313)
(-0.025331789208426027,0.034267353763430555)
(-0.025009404257424817,0.03446830778135948)
(-0.024686383061279512,0.03466725644531795)
(-0.02436274025956101,0.03486419713826369)
(-0.02403849047691371,0.035059127325940374)
(-0.023713648322594753,0.03525204455676605)
(-0.02338822839000937,0.03544294646171905)
(-0.023062245256245912,0.03563183075422084)
(-0.022735713481610676,0.03581869523001265)
(-0.022408647609167647,0.0360035377670335)
(-0.022081062164280827,0.036186356325304994)
(-0.021752971654150962,0.03636714894678203)
(-0.021424390567363498,0.03654591375524399)
(-0.021095333373431266,0.03672264895615458)
(-0.020765814522335987,0.0368973528365136)
(-0.020435848444088207,0.03707002376474394)
(-0.020105449548260657,0.03724066019053088)
(-0.019774632223552482,0.0374092606446916)
(-0.019443410837336816,0.03757582373901631)
(-0.019111799735211637,0.03774034816614244)
(-0.018779813240558513,0.03790283269937837)
(-0.018447465654100038,0.03806327619257041)
(-0.01811477125346393,0.038221677579945684)
(-0.01778174429273072,0.03837803587594407)
(-0.017448399002008307,0.03853235017506808)
(-0.017114749586986805,0.03868461965171969)
(-0.016780810228515183,0.03883484356002948)
(-0.01644659508216255,0.038983021233703376)
(-0.01611211827777694,0.039129152085835055)
(-0.015777393919072184,0.03927323560874793)
(-0.015442436083198674,0.039415271373823016)
(-0.015107258820307223,0.03955525903130859)
(-0.014771876153129958,0.03969319831015994)
(-0.014436302076567471,0.03982908901784027)
(-0.014100550557248058,0.039962931040148995)
(-0.013764635533132286,0.04009472434104163)
(-0.013428570913080178,0.040224468962424716)
(-0.013092370576438658,0.040352165023981985)
(-0.012756048372633503,0.040477812722971886)
(-0.012419618120754225,0.04060141233404281)
(-0.012083093609143733,0.04072296420902653)
(-0.011746488594995054,0.040842468776745695)
(-0.0114098168039411,0.04095992654281397)
(-0.0110730919296485,0.04107533808942407)
(-0.010736327633423744,0.0411887040751552)
(-0.010399537543806679,0.04130002523475546)
(-0.010062735256170293,0.04140930237893356)
(-0.009725934332329631,0.041516536394154445)
(-0.009389148300148097,0.04162172824241639)
(-0.009052390653134144,0.04172487896103564)
(-0.008715674850065165,0.04182598966243301)
(-0.008379014314588375,0.041925061533917445)
(-0.008042422434834152,0.042022095837445664)
(-0.007705912563041948,0.042117093909418764)
(-0.007369498015162387,0.04221005716044378)
(-0.007033192070484996,0.04230098707510753)
(-0.006697007971261835,0.042389885211741286)
(-0.006360958922323499,0.04247675320220411)
(-0.006025058090704507,0.04256159275162175)
(-0.005689318605277386,0.04264440563817837)
(-0.005353753556375365,0.04272519371285624)
(-0.005018375995423476,0.04280395889920537)
(-0.004683198934578642,0.042880703193098876)
(-0.004348235346355385,0.042955428662489185)
(-0.004013498163269289,0.043028137447155855)
(-0.003679000277473874,0.043098831758463865)
(-0.0033447545404071094,0.04316751387911082)
(-0.0030107737624198733,0.04323418616287521)
(-0.0026770707124441602,0.04329885103435576)
(-0.0023436581176199556,0.04336151098872538)
(-0.0020105486629555173,0.04342216859146482)
(-0.0016777549909806253,0.04348082647811122)
(-0.0013452897013948991,0.04353748735398314)
(-0.0010131653507231594,0.04359215399393214)
(-0.0006813944519843405,0.04364482924206708)
(-0.00034998947433359414,0.04369551601148536)
(-0.000018962842741618202,0.04374421728401553)
(0.00031167306234316405,0.04379093610993346)
(0.000641905905343414,0.04383567560769538)
(0.000971723395857539,0.043878438963667256)
(0.0013011132890159845,0.04391922943183937)
(0.0016300633857919528,0.04395805033355595)
(0.0019585615333205303,0.043994905057229)
(0.0022865956252394793,0.044029797058070065)
(0.0026141536019963075,0.0440627298577858)
(0.0029412234511675787,0.04409370704431289)
(0.0032677932077775636,0.04412273227152242)
(0.003593850954607597,0.044149809258928925)
(0.003919384822513114,0.044174941791411765)
(0.004244382990732153,0.04419813371890865)
(0.004568833687178805,0.044219388956137896)
(0.004892725188769197,0.04423871148228905)
(0.005216045821705212,0.04425610534073806)
(0.005538783961788548,0.04427157463874349)
(0.005860928034705085,0.044285123547153075)
(0.006182466516332111,0.04429675630009202)
(0.00650338793302658,0.04430647719466984)
(0.006823680861908732,0.04431429059067087)
(0.007143333931166447,0.04432020091025441)
(0.007462335820327593,0.04432421263763911)
(0.007780675260549751,0.0443263303188028)
(0.008098341034906482,0.04432655856116807)
(0.008415321978654357,0.04432490203328851)
(0.00873160697952219,0.04432136546454096)
(0.009047184977975237,0.044315953644812264)
(0.009362044967501886,0.044308671424169)
(0.009676175994864195,0.04429952371255954)
(0.00998956716038911,0.04428851547948331)
(0.010302207618211707,0.04427565175367425)
(0.010614086576545667,0.044260937622775186)
(0.0109251932979573,0.04424437823302456)
(0.011235517099602797,0.04422597878891831)
(0.011545047353496554,0.04420574455290111)
(0.011853773486766214,0.044183680845025344)
(0.01216168498189569,0.04415979304262087)
(0.01246877137697888,0.044134086579990885)
(0.012775022265966409,0.04410656694803893)
(0.01308042729891076,0.04407723969398487)
(0.013384976182201209,0.044046110420988695)
(0.013688658678812209,0.04401318478784147)
(0.0139914646085397,0.043978468508626474)
(0.014293383848226046,0.04394196735237169)
(0.014594406331999559,0.04390368714272213)
(0.014894522051507503,0.043863633757593515)
(0.01519372105613565,0.04382181312883802)
(0.015491993453233505,0.04377823124189939)
(0.015789329408351812,0.043732894135469935)
(0.016085719145439076,0.04368580790114025)
(0.016381152947073156,0.043636978683070406)
(0.016675621154682865,0.04358641267762372)
(0.01696911416874238,0.043534116133037336)
(0.017261622449002124,0.043480095349064635)
(0.017553136514673044,0.04342435667662035)
(0.017843646944658825,0.04336690651744655)
(0.01813314437774084,0.04330775132374435)
(0.018421619512780655,0.043246897597829695)
(0.018709063108929128,0.043184351891783934)
(0.018995465985804302,0.04312012080708022)
(0.0192808190237042,0.04305421099425627)
(0.019565113163783645,0.04298662915253677)
(0.01984833940825208,0.04291738202948186)
(0.02013048882054794,0.042846476420628436)
(0.020411552525538806,0.042773919169131605)
(0.020691521709688073,0.04269971716540663)
(0.020970387621235858,0.04262387734676454)
(0.021248141570386115,0.04254640669705101)
(0.021524774929460564,0.042467312246279004)
(0.021800279133095575,0.042386601070274525)
(0.022074645678386996,0.04230428029031202)
(0.02234786612507178,0.042220357072731335)
(0.022619932095684348,0.042134838628592734)
(0.02289083527571777,0.04204773221329865)
(0.02316056741379208,0.041959045126230214)
(0.023429120321801222,0.04186878471037773)
(0.02369648587506464,0.041776958351965376)
(0.023962656012487576,0.04168357348008973)
(0.024227622736714312,0.041588637566352366)
(0.02449137811425138,0.04149215812446875)
(0.024753914275641012,0.0413941427099175)
(0.025015223415578505,0.041294598919557175)
(0.02527529779306593,0.041193534391253145)
(0.0255341297315489,0.04109095680350839)
(0.025791711619040748,0.04098687387507585)
(0.026048035908261505,0.04088129336460369)
(0.026303095116769454,0.04077422307024252)
(0.026556881827077296,0.04066567082926697)
(0.026809388686787526,0.04055564451771727)
(0.02706060840871122,0.0404441520499986)
(0.027310533770979285,0.04033120137852096)
(0.027559157617174063,0.04021680049330772)
(0.02780647285643418,0.040100957421620606)
(0.02805247246356096,0.03998368022758367)
(0.02829714947914978,0.03986497701179472)
(0.028540497009660933,0.03974485591094797)
(0.028782508227570027,0.03962332509746032)
(0.029023176371424302,0.03950039277907273)
(0.029262494745977124,0.03937606719848404)
(0.02950045672226064,0.03925035663295565)
(0.029737055737698692,0.039123269393940945)
(0.029972285296189057,0.03899481382668548)
(0.03020613896819539,0.03886499830986095)
(0.030438610390831827,0.03873383125516265)
(0.030669693267952495,0.038601321106942005)
(0.030899381370234468,0.03846747634180898)
(0.031127668535245026,0.03833230546824881)
(0.031354548667538805,0.03819581702624245)
(0.031580015738718596,0.038058019586872195)
(0.03180406378750586,0.03791892175193996)
(0.03202668691982672,0.03777853215358203)
(0.032247879308864774,0.03763685945387801)
(0.03246763519512601,0.037493912344462435)
(0.03268594888651198,0.03734969954614309)
(0.032902814758371354,0.037204229808510327)
(0.0331182272535584,0.03705751190954901)
(0.03333218088249896,0.036909554655245)
(0.03354467022321883,0.03676036687921227)
(0.033755689921421514,0.03660995744228499)
(0.033965234690526466,0.03645833523214467)
(0.03417329931170023,0.03630550916292322)
(0.03437987863392529,0.03615148817480952)
(0.03458496757401527,0.03599628123367816)
(0.034788561116672626,0.035839897330674615)
(0.03499065431452121,0.035682345481856184)
(0.035191242288122565,0.03552363472777098)
(0.035390320226029566,0.03536377413309954)
(0.03558788338479684,0.035202772786232614)
(0.0357839270890298,0.03504063979891471)
(0.03597844673137973,0.034877384305828284)
(0.03617143777258474,0.03471301546422464)
(0.036362895741483166,0.03454754245351291)
(0.03655281623503013,0.03438097447488805)
(0.036741194918312334,0.03421332075094103)
(0.036928027524556074,0.03404459052525396)
(0.03711330985514428,0.033874793062030076)
(0.0372970377796131,0.03370393764568618)
(0.03747920723566648,0.03353203358048024)
(0.03765981422917647,0.0333590901901094)
(0.037838854834175,0.03318511681733087)
(0.038016325192862285,0.03301012282355986)
(0.03819222151558976,0.03283411758849827)
(0.038366540080872084,0.03265711050973061)
(0.03853927723535509,0.03247911100234754)
(0.038710429393811495,0.0323001284985454)
(0.03887999303914498,0.03212017244725329)
(0.03904796472234087,0.03193925231372473)
(0.03921434106247536,0.0317573775791752)
(0.03937911874667709,0.03157455774037135)
(0.039542294530114104,0.031390802309261744)
(0.039703865235955656,0.03120612081257293)
(0.039863827755361916,0.03102052279144029)
(0.04002217904743413,0.03083401780101048)
(0.04017891613919613,0.030646615410059294)
(0.04033403612555232,0.03045832520060006)
(0.04048753616924861,0.030269156767508233)
(0.04063941350083966,0.03007911971812787)
(0.04078966541863913,0.029888223671891746)
(0.040938289288684815,0.029696478259935287)
(0.041085282544680385,0.029503893124710277)
(0.04123064268795001,0.02931047791960268)
(0.04137436728739851,0.029116242308554148)
(0.04151645397944319,0.02892119596566868)
(0.04165690046796292,0.028725348574842744)
(0.0417957045242414,0.028528709829368254)
(0.04193286398690948,0.028331289431568176)
(0.04206837676187639,0.02813309709240247)
(0.042202240822271066,0.02793414253109197)
(0.042334454208377066,0.027734435474739416)
(0.04246501502754802,0.027533985657942635)
(0.04259392145415931,0.027332802822429267)
(0.04272117172951215,0.0271308967166629)
(0.042846764161779516,0.02692827709547446)
(0.042970697125907724,0.026724953719680183)
(0.04309296906355667,0.026520936355710404)
(0.043213578482990254,0.026316234775221704)
(0.04333252395903064,0.02611085875473761)
(0.04344980413292476,0.02590481807525154)
(0.04356541771230223,0.025698122521876223)
(0.043679363471051995,0.02549078188345258)
(0.043791640249237235,0.02528280595217997)
(0.04390224695301164,0.02507420452324753)
(0.04401118255450436,0.024864987394456372)
(0.04411844609173499,0.024655164365854285)
(0.04422403666850383,0.024444745239357725)
(0.04432795345428827,0.02423373981838943)
(0.0444301956841459,0.024022157907501125)
(0.04453076265859012,0.02381000931200901)
(0.04462965374350172,0.023597303837629122)
(0.04472686836999563,0.023384051290101314)
(0.04482240603432211,0.023170261474831016)
(0.04491626629774154,0.022955944196516195)
(0.04500844878640512,0.022741109258784684)
(0.04509895319124641,0.022525766463839327)
(0.04518777926784898,0.022309925612080776)
(0.04527492683631801,0.02209359650174646)
(0.04536039578116892,0.021876788928558405)
(0.04544418605118257,0.02165951268535677)
(0.04552629765928569,0.021441777561733995)
(0.045606730682412035,0.021223593343682304)
(0.04568548526136988,0.021004969813234603)
(0.04576256160071223,0.02078591674810479)
(0.045837959968583974,0.020566443921331844)
(0.045911680696594216,0.020346561100924407)
(0.04598372417966782,0.02012627804950261)
(0.04605409087590129,0.019905604523946803)
(0.046122781306423465,0.019684550275048316)
(0.04618979605523069,0.019463125047147842)
(0.04625513576905039,0.019241338577787558)
(0.04631880115719909,0.01901920059737061)
(0.046380792991389995,0.018796720828794078)
(0.04644111210562519,0.0185739089871151)
(0.0464997593960003,0.018350774779196503)
(0.04655673582056397,0.018127327903361898)
(0.04661204239914922,0.017903578049050396)
(0.046665680213210735,0.017679534896470516)
(0.04671765040566537,0.01745520811626152)
(0.04676795418071728,0.017230607369145633)
(0.046816592803684935,0.0170057423055854)
(0.04686356760084477,0.016780622565450855)
(0.04690887995925037,0.016555257777677034)
(0.046952531326558924,0.01632965755992276)
(0.04699452321083885,0.016103831518232383)
(0.047034857180424654,0.01587778924670938)
(0.04707353486371166,0.01565154032717136)
(0.04711055794897873,0.015425094328819281)
(0.047145928184212565,0.015198460807908225)
(0.04717964737690844,0.014971649307410791)
(0.0472117173939003,0.014744669356689034)
(0.047242140161162634,0.014517530471169316)
(0.04727091766361644,0.014290242152004334)
(0.04729805194493413,0.014062813885753742)
(0.04732354510737446,0.013835255144061202)
(0.04734739931154041,0.013607575383318716)
(0.04736961677621602,0.013379784044351833)
(0.04739019977816318,0.01315189055209923)
(0.04740915065190903,0.012923904315284944)
(0.04742647178954164,0.012695834726099357)
(0.04744216564052725,0.012467691159887622)
(0.047456234711487424,0.012239482974827192)
(0.04746868156598466,0.012011219511609566)
(0.04747950882433736,0.01178291009313266)
(0.04748871916338584,0.011554564024179469)
(0.04749631531630067,0.011326190591114149)
(0.04750230007234051,0.011097799061560278)
(0.04750667627666846,0.010869398684104492)
(0.047509446830115695,0.010640998687977618)
(0.04751061468896701,0.010412608282751683)
(0.04751018286474068,0.010184236658033875)
(0.04750815442396862,0.009955892983164733)
(0.04750453248797305,0.009727586406910231)
(0.04749932023263434,0.009499326057162248)
(0.047492520888181365,0.009271121040642052)
(0.04748413773893847,0.009042980442593912)
(0.04747417412312439,0.008814913326494509)
(0.04746263343259475,0.008586928733751883)
(0.04744951911263707,0.00835903568341483)
(0.047434834661709106,0.008131243171874152)
(0.047418583631229486,0.007903560172578183)
(0.04740076962531793,0.007675995635733114)
(0.0473813963005723,0.00744855848802046)
(0.04736046736582311,0.00722125763230765)
(0.04733798658189873,0.006994101947360941)
(0.047313957761372476,0.0067671002875597155)
(0.04728838476832635,0.006540261482616854)
(0.04726127151811041,0.00631359433729203)
(0.047232621977081966,0.006087107631112983)
(0.0472024401623682,0.005860810118097751)
(0.04717073014161828,0.005634710526476624)
(0.047137496032741914,0.0054088175584126414)
(0.047102742003677645,0.005183139889733635)
(0.047066472272112574,0.004957686169652233)
(0.04702869110525025,0.004732465020498642)
(0.046989402819548116,0.004507485037448731)
(0.04694861178045254,0.004282754788256158)
(0.04690632240215732,0.004058282812984899)
(0.04686253914732248,0.003834077623744385)
(0.04681726652683022,0.003610147704423276)
(0.04677050909951778,0.003386501510430152)
(0.04672227147191525,0.003163147468431359)
(0.04667255829797776,0.002940093976090758)
(0.04662137427881704,0.0027173494018118897)
(0.04656872416244959,0.0024949220844841863)
(0.04651461274351275,0.002272820333225983)
(0.04645904486299397,0.002051052427131783)
(0.0464020254079794,0.0018296266150214142)
(0.04634355931136262,0.001608551115189446)
(0.04628365155158002,0.0013878341151588977)
(0.046222307152336335,0.0011674837714303024)
(0.046159531182334526,0.0009475082092421396)
(0.046095328754987445,0.000727915522323498)
(0.04602970502815451,0.0005087137726525863)
(0.045962665203855155,0.00028991099021891305)
(0.04589421452798704,0.0000715151727814676)
(0.045824358290056405,-0.0001464657143642038)
(0.04575310182289012,-0.00036402373862590875)
(0.045680450502344504,-0.0005811510003445055)
(0.04560640974704334,-0.0007978396330283025)
(0.04553098501807418,-0.0010140818035812534)
(0.0454541818187155,-0.001229869712534328)
(0.04537600569413226,-0.0014451955942697003)
(0.04529646223111379,-0.0016600517172479996)
(0.04521555705776553,-0.0018744303842312617)
(0.045133295843233646,-0.0020883239325033944)
(0.04504968429739072,-0.002301724734093441)
(0.044964728170581614,-0.00251462519599149)
(0.044878433253301576,-0.0027270177603670393)
(0.044790805375910216,-0.0029388949047822717)
(0.044701850408348315,-0.0031502491424082327)
(0.044611574259828674,-0.0033610730222345046)
(0.044519982878549066,-0.003571359129278734)
(0.044427082251390144,-0.003781100084796915)
(0.044332878403624515,-0.003990288546487802)
(0.04423737739861512,-0.004198917208700059)
(0.044140585337518586,-0.004406978802632418)
(0.04404250835897602,-0.004614466096537794)
(0.043943152638827775,-0.004821371895920614)
(0.04384252438979941,-0.005027689043736009)
(0.04374062986120323,-0.005233410420586072)
(0.043637475338637544,-0.005438528944911931)
(0.04353306714367931,-0.0056430375731888706)
(0.043427411633589916,-0.005846929300117563)
(0.04332051520099094,-0.006050197158809219)
(0.04321238427357328,-0.006252834220975862)
(0.043103025313789095,-0.006454833597117463)
