(-7.042310543670938e-13,-8.346611332724954)
(-0.17601912219936877,-8.344432532536775)
(-0.3518065532608566,-8.337900818502787)
(-0.5271313870125569,-8.327030227038735)
(-0.7017642818914558,-8.31184407512644)
(-0.8754782300108831,-8.292374845473237)
(-1.0480493105107473,-8.268664027176582)
(-1.2192574222311983,-8.240761913310797)
(-1.3888869909824295,-8.208727357222944)
(-1.5567276469667612,-8.17262748967041)
(-1.7225748682384228,-8.132537399248465)
(-1.8862305864561915,-8.088539778838815)
(-2.0475037515881382,-8.040724541056091)
(-2.2062108526597877,-7.989188405876232)
(-2.362176392090211,-7.934034463796626)
(-2.5152333116281063,-7.875371718002038)
(-2.6652233683748254,-7.813314609091969)
(-2.8119974598568733,-7.747982525965031)
(-2.955415897580125,-7.679499306454878)
(-3.0953486289557914,-7.607992731272213)
(-3.2316754079282934,-7.533594014730301)
(-3.3642859150528515,-7.456437295620559)
(-3.493079828160987,-7.376659131462609)
(-3.617966845111875,-7.294397999183889)
(-3.738866660453301,-7.209793805090632)
(-3.8557088981056498,-7.122987406779073)
(-3.9684330024342684,-7.034120149406697)
(-4.076988090288844,-6.943333418502459)
(-4.181332766762776,-6.8507682112457005)
(-4.281434907561397,-6.756564727889995)
(-4.377271410966149,-6.660861984753494)
(-4.468827922443989,-6.563797449945158)
(-4.55609853497906,-6.465506702749042)
(-4.639085468199519,-6.366123117349689)
(-4.717798729338556,-6.265777571352488)
(-4.792255759008093,-6.164598179335931)
(-4.862481064679065,-6.062710051469365)
(-4.928505844656669,-5.9602350770415615)
(-4.990367605215442,-5.857291732573021)
(-5.048109773420528,-5.7539949140290885)
(-5.1017813080107794,-5.650455792512015)
(-5.151436310559432,-5.546781692688075)
(-5.197133638961296,-5.443075993100678)
(-5.238936525124554,-5.339438047431582)
(-5.276912198572331,-5.235963125699373)
(-5.311131517486355,-5.1327423743266305)
(-5.3416686085542215,-5.02986279396363)
(-5.36860051681442,-4.927407233926374)
(-5.392006866833087,-4.825454409601212)
(-5.411969535460145,-4.724078896950701)
(-5.428572335563903,-4.623351213616471)
(-5.441900716851424,-4.523337839561117)
(-5.452041477373227,-4.424101284203174)
(-5.459082489819848,-4.325700156294547)
(-5.463112442037741,-4.228189242476238)
(-5.464220591866904,-4.131619593488289)
(-5.462496536317494,-4.036038617048595)
(-5.4580299950122875,-3.9414901764634886)
(-5.450910607745224,-3.848014694081638)
(-5.441227745937663,-3.7556492587536336)
(-5.429070337713686,-3.6644277365115463)
(-5.414526706263818,-3.5743808837350866)
(-5.3976844211219674,-3.4855364621233944)
(-5.3786301619431045,-3.397919354843378)
(-5.357449594338578,-3.311551683276524)
(-5.334227257301526,-3.226452923835906)
(-5.3090464617361155,-3.1426400243734016)
(-5.281989199590806,-3.0601275197437094)
(-5.253136063087038,-2.9789276461363263)
(-5.222566173530217,-2.8990504538292576)
(-5.190357119189106,-2.8205039180585647)
(-5.156584901732382,-2.7432940477359895)
(-5.121323890716696,-2.667424991782712)
(-5.084646785628762,-2.5928991428808428)
(-5.046624584994327,-2.5197172384754407)
(-5.007326562079217,-2.447878458888825)
(-4.966820246721371,-2.37738052243568)
(-4.925171412847952,-2.308219777452008)
(-4.882444071247721,-2.2403912911734887)
(-4.838700467185755,-2.1738889354192708)
(-4.794001082465069,-2.108705469055781)
(-4.748404641557596,-2.044832617231855)
(-4.701968121453433,-1.9822611474039795)
(-4.654746764838508,-1.9209809420972277)
(-4.606794096393544,-1.8609810686168982)
(-4.558161941760493,-1.8022498455107892)
(-4.508900448995324,-1.7447749060126283)
(-4.45905811219575,-1.6885432584546205)
(-4.4086817970566825,-1.6335413437264135)
(-4.357816768116053,-1.5797550898517514)
(-4.306506717469438,-1.5271699637588108)
(-4.254793794747148,-1.4757710203240206)
(-4.202718638162081,-1.4255429487721931)
(-4.150320406450695,-1.3764701165181044)
(-4.09763681154283,-1.3285366105362812)
(-4.0447041518088716,-1.2817262763468567)
(-3.9915573457449516,-1.2360227547058162)
(-3.9382299659682554,-1.191409516088106)
(-3.884754273405525,-1.147869893051656)
(-3.8311612515680205,-1.1053871105696942)
(-3.777480640815929,-1.063944314417697)
(-3.7237409725242645,-1.0235245977000071)
(-3.6699696030708235,-0.9841110255996165)
(-3.6161927475748192,-0.9456866584328499)
(-3.5624355133221193,-0.9082345730888217)
(-3.508721932820131,-0.8717378829314385)
(-3.4550749964317156,-0.8361797562395863)
(-3.4015166845435987,-0.8015434332588846)
(-3.348067999230285,-0.7678122419360643)
(-3.294748995379634,-0.73496961240469)
(-3.2415788112510318,-0.7029990902885044)
(-3.188575698441465,-0.6718843488863004)
(-3.1357570512388504,-0.6416092002998063)
(-3.0831394353456663,-0.6121576055636369)
(-3.0307386159593332,-0.5835136838340231)
(-2.9785695851988785,-0.5556617206906397)
(-2.926646588870258,-0.5285861756035498)
(-2.874983152565268,-0.5022716886150046)
(-2.8235921070913106,-0.4767030862836134)
(-2.7724856132313773,-0.45186538693620737)
(-2.72167518583552,-0.4277438052706253)
(-2.67117171724678,-0.4043237563505718)
(-2.6209855000660616,-0.38159085903171547)
(-2.5711262492618214,-0.35953093885624765)
(-2.5216031236315968,-0.3381300304512679)
(-2.4724247466235307,-0.3173743794645446)
(-2.423599226526922,-0.2972504440694897)
(-2.375134176041667,-0.2777448960694744)
(-2.327036731237165,-0.25884462163005156)
(-2.279313569911849,-0.24053672166607365)
(-2.23197092936501,-0.22280851190924475)
(-2.1850146235930024,-0.20564752268021042)
(-2.1384500599222878,-0.18904149838795642)
(-2.0922822550919986,-0.17297839677797075)
(-2.046515850798956,-0.1574463879494159)
(-2.001155128718207,-0.1424338531603554)
(-1.9562040250122437,-0.12792938343897053)
(-1.91166614434212,-0.11392177801763811)
(-1.8675447733936699,-0.10040004260570777)
(-1.8238428939320512,-0.08735338751586252)
(-1.7805631953976984,-0.07477122565803021)
(-1.7377080870567172,-0.06264317041393473)
(-1.6952797097186505,-0.05095903340454689)
(-1.653279947034323,-0.03970882216193163)
(-1.6117104363863899,-0.02888273771621923)
(-1.570572579384967,-0.01847117210774379)
(-1.5298675519805638,-0.008464705833732761)
(-1.4895963142062778,0.001145894761722994)
(-1.4497596195610494,0.010369680146247543)
(-1.4103580240454654,0.019215520298730693)
(-1.3713918948614245,0.02769210744278023)
(-1.3328614187866945,0.03580795880752313)
(-1.2947666102351247,0.04357141940965673)
(-1.2571073190130542,0.050990664851130935)
(-1.2198832377821582,0.05807370412720918)
(-1.1830939092387414,0.06482838244011097)
(-1.1467387330197394,0.07126238401335669)
(-1.110816972341662,0.07738323490515744)
(-1.0753277603896136,0.08319830581096799)
(-1.0402701064549669,0.08871481485986492)
(-1.0056429018379711,0.09393983039547785)
(-0.9714449255207431,0.0988802737409965)
(-0.9376748496193067,0.10354292194518339)
(-0.9043312446225914,0.10793441050697386)
(-0.8714125844260974,0.11206123607646055)
(-0.8389172511676556,0.11592975913026647)
(-0.8068435398725083,0.11954620661951744)
(-0.7751896629146952,0.12291667458878494)
(-0.7439537543014817,0.12604713076456486)
(-0.7131338737876483,0.12894341711118107)
(-0.6827280108243197,0.1316112523587519)
(-0.6527340883532172,0.1340562344849072)
(-0.6231499664443435,0.1362838431782636)
(-0.5939734457906709,0.13829944225404764)
(-0.5652022710605992,0.14010828203855927)
(-0.5368341341150812,0.14171550171618041)
(-0.508866677094291,0.1431261316393226)
(-0.481297495378776,0.14434509560097727)
(-0.4541241404298678,0.14537721306960666)
(-0.42734412251392495,0.14622720138619053)
(-0.4009549133148646,0.1468996779233126)
(-0.3749539484392425,0.14739916220623173)
(-0.3493386298180279,0.14773007799594165)
(-0.3241063280090369,0.14789675533427823)
(-0.2992543844038846,0.1479034325511817)
(-0.2747801133431499,0.14775425823426563)
(-0.2506808041433259,0.14745329316089825)
(-0.22695372303899103,0.14700451219302782)
(-0.20359611504352226,0.1464118061350357)
(-0.18060520573150893,0.14567898355492054)
(-0.15797820294595397,0.1448097725691675)
(-0.13571229843318705,0.14380782259165947)
(-0.11380466940831407,0.14267670604703722)
(-0.09225248005393195,0.14141992004891552)
(-0.07105288295469893,0.1400408880433967)
(-0.05020302047029582,0.13854296141832403)
(-0.0297000260491621,0.13692942107874104)
(-0.009541025485372945,0.1352034789890271)
(0.010276861879144108,0.13336827968218715)
(0.029756522004849448,0.13142690173678823)
(0.04890084505522684,0.12938235922202523)
(0.06771272434580945,0.12723760311143306)
(0.08619505531758874,0.12499552265291743)
(0.10435073466147993,0.12265894677205885)
(0.12218265928322034,0.12023064532070422)
(0.13969372549814707,0.11771333041712854)
(0.15688682817871594,0.1151096576996673)
(0.1737648599556213,0.11242222756301766)
(0.19033071045527858,0.10965358636680317)
(0.20658726557219811,0.10680622761692397)
(0.22253740677485562,0.10388259312020746)
(0.23818401044370605,0.10088507411287735)
(0.2535299472400553,0.09781601236334915)
(0.26857808150453594,0.09467770124986684)
(0.28333127068400404,0.09147238681347546)
(0.29779236478568977,0.08820226878684077)
(0.31196420585752804,0.08486950159939867)
(0.3258496274935743,0.08147619535933567)
(0.3394514543635205,0.07802441681287364)
(0.35277250176531044,0.0745161902813462)
(0.3658155751999201,0.07095349857652926)
(0.3785834699674404,0.06733828389471656)
(0.3910789707834707,0.06367244868993704)
(0.403304851415198,0.059957856526865895)
(0.41526387433615947,0.056196332913781274)
(0.4269587903990344,0.0523896661160585)
(0.4383923385257061,0.04853960795061883)
(0.4495672454138695,0.04464787456176261)
(0.46048622525952176,0.04071614717879906)
(0.4711519794946787,0.036746072855891335)
(0.48156719653968605,0.03273926519451387)
(0.4917345515695305,0.028697305048926737)
(0.501656706293566,0.02462174121504936)
(0.5113363087481153,0.020514091103120562)
(0.5207759931013889,0.016375841394521275)
(0.5299783794702431,0.012208448683123912)
(0.5389460737482508,0.008013340101534393)
(0.547681667444434,0.0037919139325426165)
(0.556187737533496,-0.0004544597936623211)
(0.5644668463140012,-0.004724438716638236)
(0.5725215412773564,-0.009016707576449873)
(0.5803543549868518,-0.013329977657587788)
(0.5879678049636544,-0.017662986246344936)
(0.5953643935822996,-0.02201449610081078)
(0.6025466079738141,-0.0263832949331719)
(0.6095169199365937,-0.030768194904553754)
(0.6162777858556202,-0.03516803213148639)
(0.6228316466267957,-0.039581666203837754)
(0.6291809275898287,-0.04400797971434434)
(0.6353280384668313,-0.0484458777990046)
(0.6412753733072558,-0.05289428768826584)
(0.6470253104387992,-0.05735215826871473)
(0.6525802124239855,-0.061818459655005355)
(0.6579424260222184,-0.0662921827717834)
(0.6631142821570413,-0.0707723389453523)
(0.6680980958883983,-0.07525795950484933)
(0.6728961663896729,-0.07974809539268835)
(0.6775107769292974,-0.08424181678405018)
(0.6819441948567471,-0.08873821271518939)
(0.6861986715927111,-0.09323639072034105)
(0.6902764426232781,-0.09773547647701737)
(0.6941797274979111,-0.10223461345947733)
(0.6979107298311675,-0.10673296260018098)
(0.7014716373078285,-0.11122970195901077)
(0.7048646216914438,-0.11572402640008218)
(0.7080918388360115,-0.12021514727594171)
(0.7111554287007739,-0.1247022921189791)
(0.7140575153679031,-0.1291847043398641)
(0.7168002070629855,-0.13366164293283703)
(0.719385596178166,-0.13813238218767745)
(0.7218157592978441,-0.14259621140818732)
(0.7240927572267974,-0.14705243463702258)
(0.7262186350206288,-0.15150037038671438)
(0.7281954220184225,-0.1559393513767229)
(0.7300251318775226,-0.16036872427637577)
(0.7317097626103232,-0.16478784945353767)
(0.7332512966229825,-0.16919610072887112)
(0.7346517007559417,-0.17359286513553415)
(0.7359129263263466,-0.1779775426842458)
(0.7370369091718347,-0.1823495461334163)
(0.7380255696962056,-0.1867083007644369)
(0.7388808129164854,-0.19105324416184125)
(0.7396045285113508,-0.19538382599822654)
(0.740198590871143,-0.1996995078239472)
(0.740664859148967,-0.2039997628612626)
(0.7410051773131358,-0.2082840758029798)
(0.7412213742007913,-0.21255194261541277)
(0.7413152635726294,-0.2168028703455618)
(0.7412886441686994,-0.22103637693240505)
(0.7411432997652128,-0.22525199102220184)
(0.7408809992323144,-0.22944925178769843)
(0.74050349659276,-0.23362770875114802)
(0.7400125310814651,-0.23778692161104156)
(0.7394098272058622,-0.24192646007245433)
(0.7386970948070412,-0.24604590368092477)
(0.7378760291216161,-0.2501448416597698)
(0.7369483108442955,-0.2542228727507506)
(0.7359156061911757,-0.25827960505806125)
(0.7347795669631797,-0.26231465589518066)
(0.7335418306112931,-0.2663276516356329)
(0.732204020300726,-0.27031822756570295)
(0.7307677449768154,-0.27428602774090727)
(0.7292345994309294,-0.27823070484502177)
(0.7276061643669139,-0.2821519200519671)
(0.7258840064679657,-0.28604934289042855)
(0.7240696784639193,-0.28992265111114573)
(0.7221647191989039,-0.2937715305568009)
(0.7201706536993624,-0.297595675034442)
(0.7180889932423942,-0.30139478619038085)
(0.7159212354244058,-0.30516857338749975)
(0.7136688642300483,-0.3089167535849112)
(0.7113333501014196,-0.3126390512199081)
(0.7089161500074966,-0.3163351980921513)
(0.7064187075138066,-0.3200049332500333)
(0.7038424528522896,-0.32364800287917206)
(0.7011888029913476,-0.3272641601929733)
(0.6984591617060601,-0.3308531653252156)
(0.6956549196485756,-0.33441478522460527)
(0.6927774544185826,-0.337948793551257)
(0.6898281306339528,-0.34145497057503876)
(0.6868083000014754,-0.3449331030757592)
(0.6837193013876747,-0.3483829842451271)
(0.6805624608897197,-0.351804413590456)
(0.6773390919063994,-0.3551971968400643)
(0.6740504952091534,-0.358561145850334)
(0.6706979590131555,-0.3618960785143857)
(0.6672827590484319,-0.36520181867233076)
(0.6638061586310053,-0.3684781960230665)
(0.6602694087340608,-0.3717250460375776)
(0.6566737480591214,-0.37494220987370147)
(0.6530204031072164,-0.3781295342923367)
(0.6493105882500514,-0.38128687157504737)
(0.6455455058011501,-0.38441407944304035)
(0.6417263460869785,-0.38751102097747897)
(0.637854287518019,-0.390577564541101)
(0.633930496659814,-0.3936135837011156)
(0.6299561283039443,-0.39661895715334367)
(0.6259323255389467,-0.3995935686475714)
(0.6218602198211602,-0.4025373069140956)
(0.6177409310454902,-0.40545006559142294)
(0.6135755676160832,-0.4083317431550983)
(0.609365226516907,-0.4111822428476386)
(0.6051109933910216,-0.41400147259190634)
(0.6008139425856375,-0.41678934499983006)
(0.5964751372452006,-0.41954577718268943)
(0.59209562937594,-0.4222706907709778)
(0.5876764598717122,-0.42496401181354154)
(0.5832186587533079,-0.4276256707595405)
(0.5787232449937633,-0.43025560234092114)
(0.5741912267431618,-0.43285374553730455)
(0.5696236013614894,-0.43542004351012104)
(0.5650213554880169,-0.43795444354223984)
(0.5603854651105535,-0.44045689697850343)
(0.5557168956346002,-0.44292735916685977)
(0.5510166019443422,-0.4453657894410555)
(0.5462855284862769,-0.44777215089328126)
(0.5415246093417111,-0.45014641058400506)
(0.5367347682766591,-0.45248853930446736)
(0.5319169188184376,-0.45479851156817414)
(0.5270719644047067,-0.4570763055865064)
(0.5222007981330855,-0.4593219031144535)
(0.517304303293563,-0.4615352895225439)
(0.5123833531385427,-0.46371645367999503)
(0.507438811021251,-0.4658653879156792)
(0.5024715304631399,-0.46798208796768437)
(0.4974823552213602,-0.47006655293406446)
(0.49247211935781243,-0.4721187851409217)
(0.48744164732527706,-0.47413879043569146)
(0.48239175396159584,-0.4761265776137999)
(0.4773232446308815,-0.47808215872594645)
(0.4722369152651915,-0.4800055489425358)
(0.4671335524305415,-0.48189676650752966)
(0.46201393324745144,-0.4837558326293315)
(0.45687882603527974,-0.4855827716596495)
(0.4517289895230454,-0.4873776107619499)
(0.44656517346902763,-0.4891403800262922)
(0.4413881185917905,-0.4908711123937091)
(0.4361985566349335,-0.4925698436131701)
(0.4309972104431295,-0.49423661235406335)
(0.4257847939314494,-0.495871459527593)
(0.42056201236454493,-0.4974744292141579)
(0.415329562233912,-0.49904556797523014)
(0.4100881313776221,-0.5005849249735479)
(0.4048383990438405,-0.5020925519331483)
(0.39958103595412936,-0.5035685030998548)
(0.3943167046153209,-0.505012835336547)
(0.38904605837870543,-0.5064256075980503)
(0.3837697430033248,-0.507806881538594)
(0.37848839573319787,-0.5091567211013147)
(0.37320264560016814,-0.5104751925606433)
(0.36791311344587013,-0.511762364210147)
(0.3626204122242449,-0.5130183074476043)
(0.35732514658422937,-0.5142430950472305)
(0.3520279133197516,-0.515436802244914)
(0.3467293013188443,-0.5165995064268146)
(0.3414298916244558,-0.5177312870944262)
(0.33613025749503594,-0.5188322258300079)
(0.33083096446488336,-0.5199024062623933)
(0.32553257040425765,-0.5209419140331651)
(0.32023562521642346,-0.5219508364100217)
(0.31494067241441026,-0.5229292636041258)
(0.30964824683240627,-0.5238772868279875)
(0.30435887636739395,-0.5247949999137653)
(0.2990730811450803,-0.5256824971235439)
(0.2937913745055891,-0.5265398759394432)
(0.2885142623341291,-0.5273672351748153)
(0.28324224332423337,-0.5281646753977143)
(0.2779758090356863,-0.5289322989001514)
(0.272715443952242,-0.5296702096676532)
(0.26746162553908814,-0.5303785133491385)
(0.26221482430007303,-0.5310573172271127)
(0.2569755038346792,-0.531706730188158)
(0.2517441208947578,-0.5323268626937355)
(0.24652112544100546,-0.5329178267512806)
(0.24130696069920307,-0.5334797358855985)
(0.23610206321620011,-0.5340127051105426)
(0.23090686291565032,-0.5345168509009965)
(0.22572178315350105,-0.5349922911651248)
(0.2205472407732194,-0.5354391452169159)
(0.2153836461607893,-0.5358575337490008)
(0.21023140329943266,-0.5362475788057477)
(0.20509090982409828,-0.5366094037566258)
(0.1999625570756805,-0.5369431332698406)
(0.1948467301549998,-0.537248893286239)
(0.18974380797652174,-0.5375268109934719)
(0.18465416332181794,-0.5377770148004201)
(0.17957816289278328,-0.537999634311878)
(0.1745161673645874,-0.538194800303495)
(0.16946853143837742,-0.5383626446969643)
(0.16443560389371967,-0.538503300535468)
(0.1594177276407919,-0.5386169019593638)
(0.1544152397723064,-0.5387035841821188)
(0.14942847161519654,-0.5387634834664901)
(0.14445774878201853,-0.5387967371009413)
(0.13950339122212563,-0.5388034833762939)
(0.13456571327255445,-0.5387838615626244)
(0.1296450237086808,-0.5387380118863859)
(0.12474162579459308,-0.5386660755077647)
(0.11985581733322646,-0.5385681944982661)
(0.11498789071622381,-0.5384445118185284)
(0.11013813297354336,-0.5382951712963547)
(0.10530682582280794,-0.5381203176049835)
(0.10049424571839675,-0.5379200962415612)
(0.09570066390026324,-0.5376946535058489)
(0.09092634644251602,-0.5374441364791371)
(0.08617155430171755,-0.5371686930033839)
(0.08143654336493954,-0.5368684716605555)
(0.07672156449754676,-0.5365436217521925)
(0.07202686359072548,-0.5361942932791737)
(0.06735268160875364,-0.5358206369216966)
(0.06269925463600313,-0.5354228040194583)
(0.058066813923690605,-0.535000946552048)
(0.0534555859363616,-0.5345552171195335)
(0.048865792398116205,-0.5340857689232575)
(0.04429765033857215,-0.5335927557468321)
(0.03975137213857297,-0.5330763319373275)
(0.035227165575628966,-0.5325366523866643)
(0.030725233869102014,-0.5319738725131886)
(0.0262457757251297,-0.5313881482434615)
(0.02178898538128648,-0.530779635994218)
(0.017355052650988214,-0.5301484926545327)
(0.012944162967634698,-0.529494875568165)
(0.008556497428492418,-0.528818942516104)
(0.004192232838319326,-0.5281208516992849)
(-0.00014845824727448162,-0.5274007617214994)
(-0.00446540747871744,-0.5266588315724899)
(-0.008758450669637298,-0.5258952206112244)
(-0.013027427754269764,-0.5251100885493482)
(-0.017272182745133768,-0.5243035954348236)
(-0.021492563690964934,-0.5234759016357421)
(-0.025688422634895652,-0.5226271678243115)
(-0.02985961557291726,-0.5217575549610269)
(-0.034006002412572435,-0.5208672242790083)
(-0.03812744693192788,-0.5199563372685144)
(-0.042223816738782886,-0.519025055661628)
(-0.04629498323016024,-0.5180735414171127)
(-0.05034082155202819,-0.5171019567054378)
(-0.05436121055929975,-0.516110463893971)
(-0.05835603277606781,-0.5150992255323443)
(-0.062325174356117626,-0.5140684043379707)
(-0.06626852504367291,-0.5130181631817469)
(-0.07018597813441628,-0.5119486650738936)
(-0.07407743043674657,-0.5108600731499894)
(-0.0779427822333027,-0.5097525506571329)
(-0.0817819372427373,-0.5086262609402917)
(-0.08559480258174007,-0.5074813674287931)
(-0.089381288727316,-0.5063180336229781)
(-0.0931413094793166,-0.5051364230810185)
(-0.0968747819232257,-0.5039366994058786)
(-0.10058162639318638,-0.5027190262324348)
(-0.10426176643529184,-0.5014835672147537)
(-0.10791512877111292,-0.5002304860135182)
(-0.11154164326148855,-0.4989599462836005)
(-0.1151412428705515,-0.49767211166179776)
(-0.11871386363002044,-0.49636714575470087)
(-0.12225944460371643,-0.49504521212672253)
(-0.12577792785234895,-0.4937064742882701)
(-0.12926925839853579,-0.49235109568406143)
(-0.13273338419207636,-0.49097923968158574)
(-0.13617025607546068,-0.48959106955971304)
(-0.13957982774963773,-0.4881867484974393)
(-0.14296205574001436,-0.48676643956277865)
(-0.14631689936270897,-0.48533030570179425)
(-0.1496443206910378,-0.4838785097277709)
(-0.1529442845222514,-0.4824112143105218)
(-0.1562167583445138,-0.48092858196583604)
(-0.15946171230411796,-0.4794307750450643)
(-0.16267911917293815,-0.47791795572484125)
(-0.16586895431613197,-0.47639028599693123)
(-0.16903119566008204,-0.47484792765822653)
(-0.1721658236605576,-0.47329104230086017)
(-0.17527282127113897,-0.4717197913024664)
(-0.17835217391185693,-0.47013433581655706)
(-0.18140386943808795,-0.46853483676303936)
(-0.1844278981096646,-0.4669214548188614)
(-0.18742425256023962,-0.4652943504087697)
(-0.1903929277668667,-0.4636536836962264)
(-0.19333392101983082,-0.46199961457441424)
(-0.19624723189269752,-0.460332302657399)
(-0.19913286221259743,-0.4586519072713912)
(-0.2019908160307497,-0.45695858744615153)
(-0.20482109959320086,-0.4552525019065057)
(-0.20762372131180795,-0.4535338090639823)
(-0.21039869173543443,-0.45180266700857596)
(-0.21314602352138953,-0.45005923350062704)
(-0.21586573140707907,-0.44830366596282073)
(-0.21855783218189523,-0.4465361214723027)
(-0.2212223446593212,-0.44475675675291054)
(-0.22385928964926283,-0.4429657281675256)
(-0.22646868993061117,-0.44116319171053964)
(-0.22905057022401568,-0.43934930300042646)
(-0.23160495716488091,-0.4375242172724394)
(-0.2341318792765938,-0.4356880893714125)
(-0.23663136694396092,-0.43384107374467884)
(-0.23910345238686373,-0.43198332443509063)
(-0.24154816963413953,-0.430114995074166)
(-0.24396555449767385,-0.42823623887532003)
(-0.24635564454670913,-0.4263472086272294)
(-0.24871847908236974,-0.42444805668728514)
(-0.2510540991124016,-0.42253893497516065)
(-0.2533625473261248,-0.4206199949664837)
(-0.2556438680695964,-0.41869138768661235)
(-0.25789810732098983,-0.4167532637045149)
(-0.26012531266617656,-0.4148057731267476)
(-0.26232553327452873,-0.4128490655915492)
(-0.2644988198749161,-0.4108832902630152)
(-0.26664522473192603,-0.40890859582539163)
(-0.2687648016222759,-0.406925130477454)
(-0.27085760581144463,-0.40493304192700114)
(-0.27292369403049377,-0.40293247738542165)
(-0.2749631244531089,-0.4009235835623897)
(-0.2769759566728284,-0.39890650666062316)
(-0.27896225168049116,-0.3968813923707697)
(-0.28092207184186,-0.3948483858663544)
(-0.28285548087547524,-0.39280763179885453)
(-0.2847625438306836,-0.3907592742928374)
(-0.2866433270658772,-0.38870345694121167)
(-0.28849789822691807,-0.38664032280055644)
(-0.2903263262257768,-0.38457001438655014)
(-0.2921286812193498,-0.382492673669481)
(-0.2939050345884718,-0.3804084420698528)
(-0.29565545891713346,-0.37831746045407827)
(-0.2973800279718763,-0.3762198691302519)
(-0.2990788166813879,-0.3741158078440189)
(-0.30075190111628086,-0.37200541577452473)
(-0.3023993584690644,-0.36988883153045155)
(-0.30402126703430576,-0.3677661931461393)
(-0.3056177061889701,-0.36563763807778327)
(-0.3071887563729549,-0.3635033031997277)
(-0.30873449906980416,-0.36136332480082906)
(-0.31025501678760553,-0.3592178385809035)
(-0.31175039304007723,-0.3570669796472595)
(-0.3132207123278246,-0.35491088251130454)
(-0.31466606011978965,-0.35274968108523336)
(-0.31608652283487093,-0.3505835086787921)
(-0.3174821878237252,-0.34841249799612434)
(-0.3188531433507508,-0.3462367811326885)
(-0.3201994785762396,-0.3440564895722513)
(-0.321521283538709,-0.34187175418396176)
(-0.32281864913740915,-0.33968270521949573)
(-0.3240916671149983,-0.3374894723102742)
(-0.3253404300403985,-0.3352921844647523)
(-0.3265650312918129,-0.3330909700657865)
(-0.3277655650399226,-0.33088595686806865)
(-0.328942126231246,-0.3286772719956341)
(-0.33009481057166956,-0.32646504193943415)
(-0.33122371451014804,-0.32424939255498436)
(-0.3323289352225586,-0.32203044906008105)
(-0.33341057059573836,-0.3198083360325777)
(-0.3344687192116719,-0.31758317740824227)
(-0.3355034803318437,-0.31535509647866644)
(-0.33651495388176195,-0.31312421588925604)
(-0.33750324043563107,-0.31089065763726925)
(-0.3384684412011894,-0.30865454306993784)
(-0.33941065800470827,-0.3064159928826365)
(-0.3403299932761435,-0.3041751271171287)
(-0.3412265500344481,-0.3019320651598625)
(-0.342100431873037,-0.2996869257403385)
(-0.3429517429454081,-0.2974398269295327)
(-0.3437805879509209,-0.29519088613838745)
(-0.34458707212071676,-0.292940220116349)
(-0.3453713012038058,-0.29068794494998135)
(-0.34613338145328937,-0.28843417606162186)
(-0.3468734196127447,-0.2861790282081114)
(-0.3475915229027476,-0.283922615479567)
(-0.348287799007551,-0.2816650512982217)
(-0.34896235606190423,-0.27940644841731527)
(-0.34961530263802004,-0.27714691892004173)
(-0.35024674773268694,-0.2748865742185543)
(-0.35085680075452175,-0.2726255250530179)
(-0.3514455715113682,-0.2703638814907261)
(-0.3520131701978358,-0.26810175292525695)
(-0.35255970738297554,-0.26583924807569637)
(-0.3530852939981011,-0.2635764749859022)
(-0.3535900413247421,-0.2613135410238229)
(-0.35407406098274224,-0.2590505528808723)
(-0.35453746491848137,-0.2567876165713419)
(-0.3549803653932526,-0.254524837431877)
(-0.3554028749717499,-0.2522623201209941)
(-0.35580510651070774,-0.2500001686186424)
(-0.35618717314766746,-0.2477384862258269)
(-0.3565491882898657,-0.24547737556426136)
(-0.35689126560327405,-0.2432169385760829)
(-0.35721351900174453,-0.24095727652360355)
(-0.35751606263629737,-0.23869848998911103)
(-0.3577990108845379,-0.23644067887471293)
(-0.35806247834019084,-0.23418394240222598)
(-0.35830657980276337,-0.23192837911311126)
(-0.35853143026733775,-0.2296740868684473)
(-0.35873714491447944,-0.22742116284895086)
(-0.3589238391002772,-0.22516970355503907)
(-0.35909162834649455,-0.22291980480693108)
(-0.35924062833084763,-0.22067156174479444)
(-0.3593709548774036,-0.21842506882892762)
(-0.35948272394709563,-0.21618041983998484)
(-0.3595760516283575,-0.21393770787924646)
(-0.3596510541278689,-0.2116970253689139)
(-0.35970784776142756,-0.20945846405245874)
(-0.3597465489449264,-0.20722211499500243)
(-0.3597672741854496,-0.20498806858372945)
(-0.35977014007248437,-0.20275641452835022)
(-0.3597552632692323,-0.2005272418615856)
(-0.3597227605040506,-0.1983006389397005)
(-0.3596727485619878,-0.19607669344306264)
(-0.3596053442764405,-0.19385549237674574)
(-0.3595206645209065,-0.19163712207115904)
(-0.3594188262008588,-0.18942166818271688)
(-0.3592999462457156,-0.1872092156945405)
(-0.3591641416009219,-0.18499984891718854)
(-0.35901152922013396,-0.18279365148943122)
(-0.35884222605750954,-0.18059070637904473)
(-0.35865634906009547,-0.17839109588364188)
(-0.3584540151603283,-0.17619490163154114)
(-0.3582353412686235,-0.1740022045826529)
(-0.3580004442660767,-0.1718130850294101)
(-0.3577494409972555,-0.16962762259772016)
(-0.35748244826309367,-0.16744589624794684)
(-0.3571995828138888,-0.16526798427593015)
(-0.35690096134238075,-0.16309396431402118)
(-0.35658670047694924,-0.16092391333215722)
(-0.35625691677488364,-0.158757907638958)
(-0.35591172671576443,-0.15659602288285412)
(-0.355551246694929,-0.1544383340532381)
(-0.355175593017032,-0.1522849154816432)
(-0.35478488188970053,-0.15013584084295295)
(-0.35437922941727773,-0.14799118315663057)
(-0.3539587515946548,-0.14585101478797652)
(-0.35352356430119697,-0.14371540744941175)
(-0.35307378329475475,-0.14158443220178488)
(-0.35260952420576547,-0.13945815945570303)
(-0.35213090253143375,-0.1373366589728865)
(-0.3516380336300155,-0.1352199998675508)
(-0.3511310327151675,-0.13310825060780607)
(-0.35061001485039184,-0.13100147901708067)
(-0.35007509494356437,-0.12889975227557146)
(-0.34952638774154604,-0.12680313692171347)
(-0.3489640078248668,-0.12471169885366525)
(-0.3483880696025092,-0.12262550333082815)
(-0.34779868730675073,-0.12054461497537393)
(-0.3471959749881078,-0.11846909777380196)
(-0.34658004651034013,-0.11639901507851004)
(-0.345951015545547,-0.11433442960939173)
(-0.34530899556933226,-0.11227540345544708)
(-0.3446540998560496,-0.11022199807641482)
(-0.34398644147412477,-0.10817427430442642)
(-0.34330613328145104,-0.10613229234567272)
(-0.3426132879208585,-0.10409611178209298)
(-0.34190801781566343,-0.10206579157308247)
(-0.34119043516528014,-0.10004139005721344)
(-0.3404606519409137,-0.09802296495397674)
(-0.33971877988132143,-0.09601057336553928)
(-0.3389649304886426,-0.09400427177851717)
(-0.3381992150243095,-0.09200411606576779)
(-0.337421744505002,-0.09001016148819255)
(-0.336632629698711,-0.08802246269656373)
(-0.3358319811208253,-0.08604107373335554)
(-0.3350199090303235,-0.08406604803460091)
(-0.3341965234260075,-0.08209743843175626)
(-0.33336193404281583,-0.08013529715358284)
(-0.33251625034819543,-0.07817967582804307)
(-0.331659581538536,-0.07623062548420706)
(-0.3307920365356819,-0.07428819655417897)
(-0.3299137239834891,-0.07235243887502996)
(-0.32902475224445876,-0.07042340169074965)
(-0.3281252293964229,-0.06850113365420604)
(-0.3272152632292955,-0.06658568282911916)
(-0.32629496124189056,-0.0646770966920499)
(-0.3253644306387861,-0.06277542213439632)
(-0.32442377832725733,-0.06088070546440267)
(-0.32347311091427206,-0.05899299240918313)
(-0.3225125347035294,-0.057112328116751994)
(-0.3215421556925719,-0.055238757158068114)
(-0.3205620795699404,-0.05337232352908702)
(-0.3195724117124018,-0.0515130706528271)
(-0.31857325718221213,-0.0496610413814418)
(-0.31756472072444886,-0.04781627799830485)
(-0.31654690676439795,-0.045978822220103424)
(-0.3155199194049855,-0.044148715198942146)
(-0.31448386242426446,-0.04232599752445278)
(-0.31343883927296556,-0.04051070922591829)
(-0.31238495307207964,-0.038702889774400305)
(-0.31132230661051385,-0.036902578084877735)
(-0.31025100234277825,-0.03510981251839339)
(-0.3091711423867378,-0.03332463088420815)
(-0.30808282852140767,-0.03154707044196392)
(-0.3069861621847916,-0.029777167903850328)
(-0.3058812444717847,-0.028014959436785457)
(-0.30476817613210505,-0.026260480664596412)
(-0.3036470575682897,-0.0245137666702132)
(-0.3025179888337205,-0.022774851997863166)
(-0.3013810696307159,-0.02104377065527817)
(-0.30023639930864987,-0.019320556115902388)
(-0.29908407686212785,-0.01760524132111051)
(-0.29792420092919975,-0.015897858682428812)
(-0.29675686978962984,-0.014198440083763976)
(-0.29558218136318654,-0.012507016883635421)
(-0.29440023320800357,-0.01082361991741518)
(-0.2932111225189576,-0.009148279499571385)
(-0.2920149461261128,-0.007481025425916042)
(-0.29081180049318267,-0.00582188697585999)
(-0.2896017817160542,-0.0041708929146702664)
(-0.28838498552132846,-0.0025280714957318182)
(-0.2871615072649379,-0.000893450462814306)
(-0.2859314419307548,0.0007329429476559513)
(-0.28469488412928257,0.0023510820043237462)
(-0.28345192809636227,0.0039609404786255225)
(-0.28220266769191843,0.005562492642507455)
(-0.28094719639875276,0.007155713266142538)
(-0.27968560732136516,0.008740577615641312)
(-0.27841799318481303,0.010317061450759198)
(-0.27714444633361324,0.0118851410226061)
(-0.275865058730671,0.013444793071347222)
(-0.2745799219562496,0.014995994823905031)
(-0.2732891272069726,0.016538723991656887)
(-0.27199276529486266,0.01807295876813322)
(-0.2706909266464084,0.019598677826709127)
(-0.26938370130167716,0.021115860318300164)
(-0.26807117891344184,0.02262448586904878)
(-0.26675344874636026,0.024124534578017075)
(-0.26543059967617255,0.02561598701487165)
(-0.26410272018893843,0.02709882421757212)
(-0.2627698983802967,0.028573027690052568)
(-0.2614322219547681,0.03003857939990837)
(-0.26008977822507934,0.03149546177607842)
(-0.2587426541115171,0.032943657706526415)
(-0.25739093614132225,0.034383150535923175)
(-0.2560347104480942,0.03581392406332618)
(-0.25467406277124977,0.037235962539862937)
(-0.2533090784554783,0.03864925066640629)
(-0.2519398424502605,0.04005377359125947)
(-0.2505664393093864,0.041449516907833134)
(-0.24918895319051357,0.0428364666523257)
(-0.2478074678547524,0.04421460930140425)
(-0.24642206666627212,0.04558393176988467)
(-0.24503283259194109,0.04694442140841256)
(-0.2436398482009856,0.04829606600114321)
(-0.2422431956646753,0.04963885376343137)
(-0.24084295675603795,0.05097277333949894)
(-0.2394392128495937,0.05229781380013306)
(-0.2380320449211222,0.05361396464036526)
(-0.2366215335474371,0.05492121577715595)
(-0.2352077589062074,0.05621955754708468)
(-0.23379080077577882,0.05750898070403442)
(-0.23237073853503684,0.05878947641688502)
(-0.2309476511632774,0.060061036267201856)
(-0.2295216172401138,0.06132365224692902)
(-0.2280927149453955,0.0625773167560843)
(-0.22666102205915079,0.0638220226004547)
(-0.22522661596155374,0.06505776298929361)
(-0.22378957363290936,0.0662845315330227)
(-0.22234997165366213,0.0675023222409319)
(-0.2209078862044191,0.06871112951888422)
(-0.2194633930660023,0.06991094816702205)
(-0.21801656761951227,0.0711017733774765)
(-0.21656748484641528,0.07228360073207614)
(-0.21511621932864958,0.07345642620006244)
(-0.21366284524874932,0.07462024613580473)
(-0.21220743638998665,0.07577505727651923)
(-0.2107500661365357,0.07692085673998969)
(-0.20929080747364787,0.07805764202229143)
(-0.207829732987853,0.0791854109955189)
(-0.20636691486717185,0.08030416190551554)
(-0.20490242490134955,0.08141389336960603)
(-0.20343633448209758,0.08251460437433122)
(-0.20196871460336718,0.08360629427318925)
(-0.20049963586162478,0.08468896278437531)
(-0.19902916845615515,0.08576260998853069)
(-0.19755738218936555,0.08682723632648623)
(-0.19608434646712275,0.08788284259701996)
(-0.19461013029909774,0.08892942995461062)
(-0.1931348022991154,0.0899669999071965)
(-0.1916584306855362,0.09099555431393709)
(-0.19018108328164318,0.09201509538298294)
(-0.18870282751604292,0.09302562566924255)
(-0.18722373042308396,0.09402714807215941)
(-0.18574385864328372,0.09501966583348746)
(-0.18426327842377813,0.09600318253507284)
(-0.18278205561877292,0.09697770209664164)
(-0.18130025569001887,0.09794322877358734)
(-0.17981794370728987,0.09889976715476587)
(-0.17833518434888385,0.09984732216029228)
(-0.17685204190212886,0.1007858990393451)
(-0.17536858026390226,0.10171550336796883)
(-0.17388486294116418,0.10263614104688672)
(-0.1724009530515025,0.10354781829931697)
(-0.170916913323688,0.10445054166878828)
(-0.16943280609823766,0.10534431801696523)
(-0.16794869332799947,0.1062291545214769)
(-0.16646463657873792,0.10710505867374814)
(-0.16498069702972926,0.10797203827683634)
(-0.163496935474381,0.10883010144327407)
(-0.16201341232084432,0.1096792565929142)
(-0.16053018759264986,0.11051951245078122)
(-0.15904732092934248,0.11135087804492691)
(-0.1575648715871393,0.11217336270428922)
(-0.1560828984395828,0.11298697605655893)
(-0.1546014599782123,0.11379172802604914)
(-0.15312061431324223,0.11458762883156949)
(-0.15164041917424967,0.11537468898430336)
(-0.1501609319108702,0.1161529192856976)
(-0.14868220949350244,0.116922330825347)
(-0.14720430851402078,0.11768293497889173)
(-0.14572728518649575,0.11843474340591459)
(-0.14425119534792735,0.11917776804784629)
(-0.14277609445897851,0.11991202112587433)
(-0.14130203760472246,0.1206375151388602)
(-0.1398290794953945,0.12135426286125502)
(-0.13835727446715362,0.1220622773410264)
(-0.1368866764828459,0.12276157189758959)
(-0.13541733913278825,0.12345216011974115)
(-0.13394931563553772,0.12413405586359863)
(-0.1324826588386939,0.12480727325055076)
(-0.13101742121968088,0.12547182666520218)
(-0.12955365488655707,0.1261277307533351)
(-0.1280914115788219,0.12677500041986706)
(-0.1266307426682314,0.1274136508268218)
(-0.1251716991596097,0.1280436973912983)
(-0.12371433169169004,0.12866515578345047)
(-0.12225869053793752,0.12927804192447193)
(-0.12080482560738523,0.12988237198457928)
(-0.11935278644548601,0.13047816238101384)
(-0.11790262223495512,0.13106542977603497)
(-0.11645438179662759,0.1316441910749297)
(-0.11500811359031111,0.13221446342401935)
(-0.11356386571566214,0.13277626420867913)
(-0.11212168591304002,0.1333296110513586)
(-0.11068162156439934,0.13387452180961018)
(-0.10924371969414828,0.134411014574119)
(-0.10780802697005135,0.13493910766674788)
(-0.10637458970410078,0.13545881963857304)
(-0.1049434538534208,0.1359701692679414)
(-0.10351466502115156,0.13647317555851943)
(-0.10208826845736345,0.13696785773735964)
(-0.10066430905995166,0.13745423525296888)
(-0.09924283137554521,0.137932327773371)
(-0.09782387960042241,0.13840215518419768)
(-0.09640749758142073,0.138863737586762)
(-0.09499372881686663,0.13931709529615577)
(-0.09358261645748084,0.13976224883933663)
(-0.0921742033073212,0.14019921895324175)
(-0.09076853182470153,0.14062802658287735)
(-0.08936564412312817,0.1410486928794483)
(-0.08796558197223342,0.1414612391984662)
(-0.08656838679870917,0.1418656870978741)
(-0.08517409968726183,0.1422620583361838)
(-0.08378276138153926,0.14265037487060092)
(-0.08239441228509047,0.14303065885517752)
(-0.0810090924623037,0.14340293263894816)
(-0.07962684163936909,0.14376721876409304)
(-0.07824769920522633,0.14412353996409108)
(-0.07687170421251743,0.14447191916188418)
(-0.07549889537855352,0.14481237946805572)
(-0.07412931108626837,0.1451449441789898)
(-0.07276298938519192,0.14546963677507974)
(-0.07139996799239834,0.14578648091888682)
(-0.0700402842934859,0.14609550045335837)
(-0.06868397534354452,0.1463967194000121)
(-0.06733107786812363,0.14669016195715434)
(-0.06598162826419958,0.14697585249807263)
(-0.06463566260115589,0.14725381556927555)
(-0.06329321662176002,0.1475240758887041)
(-0.06195432574313317,0.14778665834395308)
(-0.06061902505773309,0.148041587990526)
(-0.05928734933433345,0.1482888900500562)
(-0.057959333019006534,0.148528589908571)
(-0.05663501023609991,0.14876071311472458)
(-0.05531441478922187,0.1489852853780752)
(-0.05399758016223179,0.14920233256733348)
(-0.052684539520219356,0.14941188070865152)
(-0.05137532571048585,0.1496139559838725)
(-0.05006997126354845,0.1498085847288395)
(-0.048768508394110496,0.149995793431666)
(-0.047470969002062186,0.15017560873103522)
(-0.046177384673466285,0.15034805741449794)
(-0.04488778668154751,0.15051316641678006)
(-0.043602205987687444,0.15067096281809236)
(-0.04232067324241199,0.15082147384244357)
(-0.04104321878638647,0.15096472685597145)
(-0.039769872651408106,0.15110074936526516)
(-0.03850066456140076,0.15122956901570142)
(-0.03723562393340454,0.15135121358978243)
(-0.035974779878574364,0.15146571100548842)
(-0.03471816120317189,0.15157308931462596)
(-0.03346579640956211,0.15167337670118136)
(-0.032217713697202055,0.1517666014796911)
(-0.03097394096364932,0.15185279209361166)
(-0.029734505805540556,0.15193197711368595)
(-0.028499435519600276,0.15200418523633727)
(-0.027268757103626716,0.15206944528204303)
(-0.026042497257496612,0.15212778619373996)
(-0.024820682384153147,0.15217923703521424)
(-0.023603338590600632,0.1522238269895088)
(-0.022390491688908602,0.15226158535733267)
(-0.02118216719719614,0.15229254155547908)
(-0.019978390340634478,0.15231672511524386)
(-0.018779186052438872,0.15233416568085742)
(-0.017584578974861275,0.1523448930079124)
(-0.016394593460188546,0.15234893696180882)
(-0.015209253571735611,0.15234632751619623)
(-0.014028583084835126,0.15233709475142113)
(-0.012852605487836243,0.15232126885298938)
(-0.01168134398309143,0.15229888011002443)
(-0.010514821487957139,0.1522699589137371)
(-0.009353060635780138,0.15223453575589543)
(-0.00819608377688512,0.15219264122731144)
(-0.007043912979578312,0.15214430601631823)
(-0.005896570031123547,0.15208956090726536)
(-0.004754076438743808,0.15202843677901562)
(-0.003616453430606824,0.15196096460344546)
(-0.002483721956809823,0.1518871754439515)
(-0.0013559026903732071,0.15180710045396953)
(-0.00023301602822355628,0.15172077087548633)
(0.0008849179078113003,0.1516282180375717)
(0.001997879270027127,0.15152947335490524)
(0.003105848483847766,0.15142456832631446)
(0.004208806246848927,0.15131353453331228)
(0.00530673352776564,0.15119640363865583)
(0.006399611565515885,0.15107320738488256)
(0.007487421868214547,0.15094397759288675)
(0.008570146212190585,0.15080874616047377)
(0.009647766641011123,0.1506675450609277)
(0.010720265464494718,0.15052040634160033)
(0.011787625257737614,0.15036736212247945)
(0.012849828860131763,0.15020844459477883)
(0.013906859374386533,0.150043686019537)
(0.01495870016555957,0.1498731187262095)
(0.01600533486007305,0.1496967751112715)
(0.017046747344737923,0.14951468763683382)
(0.01808292176578523,0.14932688882925305)
(0.019113842527893877,0.14913341127774987)
(0.020139494293211668,0.14893428763303967)
(0.02115986198039248,0.14872955060596316)
(0.02217493076362016,0.14851923296612113)
(0.023184686071640287,0.1483033675405228)
(0.024189113586794903,0.14808198721222138)
(0.025188199244051523,0.14785512491898167)
(0.02618192923004438,0.14762281365193444)
(0.02717028998209532,0.14738508645423523)
(0.02815326818726567,0.14714197641974525)
(0.02913085078138151,0.14689351669169382)
(0.030103024948083562,0.1466397404613727)
(0.03106977811784636,0.14638068096681306)
(0.032031097967040595,0.14611637149148088)
(0.03298697241696227,0.14584684536297476)
(0.0339373896328778,0.14557213595173119)
(0.03488233802306307,0.1452922766697246)
(0.03582180623785383,0.14500730096918935)
(0.036755783168691034,0.14471724234133512)
(0.0376842579471602,0.14442213431507175)
(0.038607219944047054,0.14412201045574013)
(0.039524658768383555,0.14381690436384442)
(0.040436564266497596,0.1435068496738007)
(0.04134292652106032,0.14319188005267028)
(0.04224373585014589,0.1428720291989232)
(0.043138982806278044,0.14254733084118984)
(0.04402865817548714,0.1422178187370182)
(0.04491275297636641,0.141883526671654)
(0.045791258459124455,0.14154448845680065)
(0.046664166104648415,0.14120073792940419)
(0.04753146762355706,0.14085230895043394)
(0.04839315495526597,0.14049923540367493)
(0.049249220267046284,0.14014155119451524)
(0.05009965595308361,0.13977929024875826)
(0.05094445463354528,0.13941248651140895)
(0.051783609153645715,0.13904117394549909)
(0.05261711258270662,0.13866538653089408)
(0.05344495821322617,0.13828515826311977)
(0.05426713955995195,0.13790052315218154)
(0.05508365035893922,0.1375115152213973)
(0.05589448456662808,0.1371181685062398)
(0.05669963635891714,0.13672051705317026)
(0.057499100130223926,0.1363185949184878)
(0.05829287049257299,0.1359124361671815)
(0.059080942274655844,0.13550207487178695)
(0.05986331052092086,0.13508754511124985)
(0.06063997049063545,0.1346688809697934)
(0.0614109176569755,0.13424611653578813)
(0.062176147706095856,0.13381928590063655)
(0.06293565653621867,0.13338842315764496)
(0.06368944025670582,0.1329535624009254)
(0.06443749518714181,0.1325147377242762)
(0.0651798178564246,0.13207198322009123)
(0.06591640500184215,0.13162533297825574)
(0.06664725356816394,0.13117482108505996)
(0.06737236070671543,0.1307204816221086)
(0.06809172377448414,0.13026234866524478)
(0.06880534033319123,0.1298004562834741)
(0.0695132081483901,0.12933483853788813)
(0.07021532518855507,0.12886552948060775)
(0.07091168962416985,0.1283925631537096)
(0.07160229982682703,0.12791597358818718)
(0.07228715436831507,0.12743579480288653)
(0.07296625201971793,0.12695206080347135)
(0.07363959175050903,0.12646480558137524)
(0.07430717272764709,0.12597406311276788)
(0.07496899431467613,0.1254798673575301)
(0.07562505607082376,0.12498225225822361)
(0.07627535775010025,0.12448125173907192)
(0.07691989930040377,0.12397689970495228)
(0.07755868086261197,0.12346923004036993)
(0.07819170276969951,0.12295827660847439)
(0.07881896554583008,0.12244407325003795)
(0.07944046990547005,0.12192665378248178)
(0.08005621675248606,0.12140605199886559)
(0.0806662071792575,0.12088230166692135)
(0.08127044246578755,0.12035543652806106)
(0.081868924078805,0.11982549029640617)
(0.08246165367087756,0.11929249665781941)
(0.08304863307952078,0.1187564892689355)
(0.08362986432631733,0.11821750175620883)
(0.08420534961601796,0.11767556771494433)
(0.0847750913356675,0.11713072070836678)
(0.08533909205370685,0.1165829942666577)
(0.08589735451910327,0.11603242188603112)
(0.08644988166045209,0.11547903702778146)
(0.08699667658510703,0.11492287311736893)
(0.08753774257829006,0.11436396354348555)
(0.08807308310221373,0.11380234165713712)
(0.08860270179520346,0.11323804077072638)
(0.08912660247081323,0.11267109415714126)
(0.08964478911695592,0.1121015350488592)
(0.09015726589501702,0.11152939663703092)
(0.0906640371389862,0.11095471207059703)
(0.09116510735457786,0.11037751445538815)
(0.09166048121835785,0.10979783685324707)
(0.09215016357686982,0.1092157122811398)
(0.09263415944576328,0.10863117371028563)
(0.09311247400892037,0.10804425406527908)
(0.09358511261758673,0.10745498622322976)
(0.09405208078950245,0.10686340301289993)
(0.09451338420802707,0.10626953721383789)
(0.09496902872127916,0.1056734215555409)
(0.09541902034126357,0.10507508871659686)
(0.09586336524300411,0.1044745713238435)
(0.09630206976368483,0.10387190195153699)
(0.09673514040177275,0.10326711312051201)
(0.09716258381616956,0.10266023729735489)
(0.09758440682532846,0.10205130689358419)
(0.09800061640641504,0.101440354264831)
(0.09841121969442178,0.10082741171002144)
(0.09881622398132688,0.10021251147057313)
(0.09921563671522061,0.09959568572958895)
(0.09960946549945118,0.09897696661105608)
(0.0999977180917669,0.09835638617905659)
(0.10038040240345777,0.0977339764369687)
(0.10075752649849547,0.09710976932669439)
(0.10112909859268156,0.09648379672786865)
(0.101495127052791,0.09585609045709084)
(0.10185562039570871,0.09522668226714587)
(0.10221058728759451,0.09459560384625094)
(0.10256003654300735,0.09396288681728136)
(0.10290397712407053,0.09332856273702239)
(0.10324241813961231,0.09269266309541864)
(0.1035753688443125,0.09205521931481701)
(0.10390283863785942,0.0914162627492379)
(0.10422483706409354,0.09077582468362551)
(0.10454137381016335,0.09013393633312557)
(0.10485245870567225,0.08949062884234905)
(0.10515810172183802,0.08884593328465372)
(0.10545831297063987,0.08819988066142595)
(0.10575310270397818,0.08755250190136248)
(0.10604248131282099,0.08690382785976292)
(0.10632645932636799,0.08625388931782929)
(0.10660504741120488,0.08560271698195927)
(0.10687825637045326,0.08495034148305683)
(0.10714609714294,0.08429679337584023)
(0.10740858080234249,0.0836421031381531)
(0.10766571855636302,0.08298630117028788)
(0.10791752174586768,0.08232941779430507)
(0.10816400184407066,0.08167148325336529)
(0.10840517045567655,0.0810125277110604)
(0.10864103931605128,0.08035258125074922)
(0.10887162029038219,0.07969167387490256)
(0.10909692537283504,0.07902983550444793)
(0.10931696668573394,0.07836709597812187)
(0.10953175647870883,0.07770348505182703)
(0.10974130712786916,0.07703903239799029)
(0.10994563113496802,0.07637376760493074)
(0.11014474112656647,0.07570772017622535)
(0.11033864985320664,0.07504091953009052)
(0.11052737018857048,0.07437339499875206)
(0.11071091512865774,0.07370517582784)
(0.11088929779094665,0.07303629117576525)
(0.11106253141357128,0.07236677011312076)
(0.11123062935448659,0.07169664162207828)
(0.11139360509064121,0.07102593459578442)
(0.11155147221714709,0.07035467783777438)
(0.1117042444464577,0.06968290006137998)
(0.11185193560753444,0.06901062988914472)
(0.1119945596450269,0.0683378958522482)
(0.11213213061843946,0.06766472638992581)
(0.11226466270131243,0.06699114984890273)
(0.11239217018039785,0.06631719448282454)
(0.11251466745482822,0.06564288845169831)
(0.11263216903530536,0.06496825982133587)
(0.11274468954326941,0.0642933365628014)
(0.11285224371007817,0.06361814655186071)
(0.1129548463761896,0.062942717568443)
(0.11305251249033717,0.0622670772960994)
(0.11314525710871294,0.06159125332146814)
(0.1132330953941519,0.06091527313375028)
(0.11331604261529983,0.06023916412417358)
(0.11339411414581768,0.05956295358548787)
(0.11346732546354055,0.05888666871143299)
(0.11353569214968133,0.05821033659624084)
(0.11359922988799925,0.057533984234115786)
(0.11365795446400058,0.056857638518746714)
(0.11371188176410556,0.05618132624279355)
(0.11376102777485078,0.055505074097406)
(0.11380540858207033,0.054828908671729376)
(0.11384504037007628,0.05415285645241757)
(0.11387993942086172,0.05347694382315991)
(0.11391012211327632,0.05280119706420008)
(0.1139356049222244,0.0521256423518684)
(0.11395640441785072,0.05145030575811343)
(0.11397253726472666,0.05077521325003589)
(0.11398402022105641,0.05010039068944118)
(0.11399087013785716,0.04942586383237731)
(0.11399310395815489,0.04875165832868961)
(0.11399073871617621,0.04807779972157463)
(0.11398379153655186,0.04740431344714388)
(0.11397227963349567,0.04673122483398259)
(0.11395622031002114,0.04605855910272724)
(0.1139356309571162,0.0453863413656289)
(0.11391052905295503,0.04471459662613774)
(0.11388093216209115,0.04404334977848517)
(0.11384685793465614,0.04337262560726636)
(0.1138083241055589,0.042702448787036204)
(0.11376534849368602,0.0420328438819009)
(0.11371794900110044,0.04136383534512025)
(0.11366614361224797,0.04069544751871141)
(0.11360995039315376,0.04002770463305724)
(0.11354938749062916,0.03936063080651948)
(0.1134844731314727,0.03869425004505612)
(0.1134152256216735,0.03802858624184265)
(0.1133416633456239,0.03736366317690124)
(0.11326380476531475,0.03669950451672684)
(0.11318166841955048,0.03603613381392588)
(0.11309527292315022,0.03537357450685262)
(0.11300463696616221,0.03471184991925639)
(0.112909779313066,0.03405098325992543)
(0.11281071880198609,0.03339099762234184)
(0.11270747434390298,0.03273191598433816)
(0.1126000649218625,0.0320737612077582)
(0.11248850959018825,0.03141655603812135)
(0.11237282747369592,0.030760323104294114)
(0.11225303776690146,0.03010508491816174)
(0.11212915973324555,0.029450863874309507)
(0.11200121270429833,0.028797682249702982)
(0.11186921607897957,0.028145562203374743)
(0.11173318932277918,0.027494525776118273)
(0.11159315196696928,0.02684459489018112)
(0.11144912360782654,0.026195791348965894)
(0.11130112390584561,0.025548136836732026)
(0.11114917258496737,0.024901652918308034)
(0.1109932894317975,0.02425636103880198)
(0.11083349429482366,0.023612282523318172)
(0.11066980708364291,0.022969438576678606)
(0.11050224776818365,0.022327850283148726)
(0.11033083637793,0.021687538606167206)
(0.11015559300114769,0.021048524388079026)
(0.10997653778411186,0.020410828349875187)
(0.10979369093033127,0.019774471090933988)
(0.10960707269977683,0.0191394730887677)
(0.10941670340811133,0.018505854698773624)
(0.10922260342592217,0.017873636153989982)
(0.1090247931779435,0.01724283756485331)
(0.10882329314229922,0.016613478918964152)
(0.10861812384972883,0.01598558008085374)
(0.10840930588281844,0.015359160791755068)
(0.10819685987524606,0.014734240669381414)
(0.10798080651100224,0.014110839207703492)
(0.1077611665236399,0.013488975776736533)
(0.10753796069550514,0.012868669622327873)
(0.10731120985697741,0.012249939865949617)
(0.10708093488570562,0.011632805504495455)
(0.10684715670585299,0.011017285410082858)
(0.10660989628733906,0.010403398329856884)
(0.10636917464507772,0.009791162885801324)
(0.10612501283822205,0.009180597574550198)
(0.10587743196940926,0.008571720767206628)
(0.10562645318400858,0.007964550709164912)
(0.10537209766936541,0.007359105519935911)
(0.10511438665404782,0.006755403192976842)
(0.10485334140709696,0.006153461595525733)
(0.10458898323727686,0.005553298468440084)
(0.10432133349232559,0.004954931426038004)
(0.10405041355820513,0.00435837795594567)
(0.10377624485835683,0.0037636554189475094)
(0.10349884885295439,0.003170781048840584)
(0.10321824703815746,0.002579771952293061)
(0.10293446094537284,0.001990645108707232)
(0.10264751214050526,0.001403417370086107)
(0.1023574222232218,0.0008181054609040656)
(0.10206421282620864,0.0002347259779813782)
(0.10176790561443555,-0.00034670460963629016)
(0.1014685222844079,-0.0009261699607955264)
(0.10116608456344689,-0.0015036538623483208)
(0.10086061420893722,-0.0020791402292610374)
(0.10055213300760331,-0.0026526131047196863)
(0.10024066277477145,-0.0032240566602311357)
(0.0999262253536411,-0.003793455195720187)
(0.09960884261454972,-0.0043607931396224976)
(0.09928853645424761,-0.004926055048974484)
(0.09896532879516864,-0.005489225609497806)
(0.09863924158470291,-0.006050289635681437)
(0.09831029679446804,-0.006609232070857943)
(0.09797851641959149,-0.00716603798727855)
(0.09764392247798018,-0.007720692586180769)
(0.09730653700960477,-0.008273181197855311)
(0.09696638207577538,-0.00882348928170737)
(0.09662347975842303,-0.0093716024263138)
(0.0962778521593828,-0.00991750634947805)
(0.09592952139967453,-0.010461186898278714)
(0.09557850961879286,-0.011002630049116965)
(0.09522483897398927,-0.01154182190775798)
(0.09486853163955886,-0.012078748709369404)
(0.09450960980613131,-0.012613396818555367)
(0.09414809567996164,-0.013145752729388102)
(0.09378401148222042,-0.01367580306543399)
(0.09341737944828558,-0.014203534579776295)
(0.09304822182704256,-0.014728934155035529)
(0.09267656088017022,-0.015251988803382055)
(0.09230241888145042,-0.015772685666551226)
(0.09192581811605645,-0.016291012015847792)
(0.0915467808798579,-0.016806955252151735)
(0.09116532947872177,-0.017320502905917454)
(0.09078148622781623,-0.017831642637170474)
(0.09039527345091315,-0.0183403622355)
(0.09000671347970099,-0.0188466496200484)
(0.0896158286530778,-0.019350492839493527)
(0.08922264131647581,-0.01985188007203287)
(0.0888271738211672,-0.020350799625361397)
(0.08842944852357072,-0.02084723993664284)
(0.08802948778457556,-0.021341189572482454)
(0.08762731396884457,-0.021832637228891033)
(0.08722294944414234,-0.02232157173124946)
(0.08681641658064897,-0.022807982034267798)
(0.08640773775027703,-0.023291857221939313)
(0.08599693532599972,-0.023773186507493164)
(0.08558403168116972,-0.02425195923334259)
(0.0851690491888463,-0.02472816487102995)
(0.08475201022111917,-0.0252017930211645)
(0.08433293714843973,-0.02567283341336343)
(0.08391185233895201,-0.02614127590618404)
(0.08348877815781662,-0.02660711048705193)
(0.08306373696655484,-0.027070327272189804)
(0.08263675112237445,-0.027530916506538706)
(0.08220784297751224,-0.027988868563678857)
(0.08177703487856947,-0.028444173945742907)
(0.08134434916584853,-0.02889682328332826)
(0.08090980817270733,-0.029346807335410223)
(0.08047343422488717,-0.029794116989240414)
(0.08003524963986887,-0.030238743260252724)
(0.07959527672621368,-0.030680677291958048)
(0.07915353778291481,-0.031119910355841593)
(0.07871005509874986,-0.03155643385125237)
(0.07826485095162983,-0.03199023930529176)
(0.07781794760795538,-0.032421318372695546)
(0.0773693673219703,-0.032849662835716005)
(0.07691913233512321,-0.03327526460399794)
(0.07646726487542642,-0.03369811571445437)
(0.07601378715681462,-0.03411820833113484)
(0.0755587213785115,-0.03453553474509224)
(0.07510208972439322,-0.03495008737424644)
(0.07464391436235673,-0.03536185876324532)
(0.07418421744368706,-0.03577084158331968)
(0.07372302110243409,-0.03617702863213936)
(0.07326034745477511,-0.036580412833657684)
(0.07279621859839848,-0.03698098723796277)
(0.07233065661188165,-0.037378745021122484)
(0.07186368355405987,-0.0377736794850161)
(0.07139532146341636,-0.03816578405717905)
(0.07092559235745989,-0.0385550522906308)
(0.07045451823211503,-0.03894147786371039)
(0.0699821210611006,-0.03932505457989438)
(0.06950842279532667,-0.03970577636763072)
(0.06903344536228019,-0.040083637280150124)
(0.06855721066541727,-0.04045863149528771)
(0.0680797405835644,-0.04083075331529526)
(0.06760105697030291,-0.04119999716664982)
(0.06712118165338583,-0.04156635759986673)
(0.06664013643411998,-0.04192982928929648)
(0.06615794308678384,-0.04229040703292926)
(0.06567462335802086,-0.04264808575219104)
(0.06519019896625772,-0.043002860491741846)
(0.06470469160110198,-0.043354726419260095)
(0.06421812292276943,-0.043703678825239706)
(0.06373051456147985,-0.044049713122767745)
(0.06324188811688414,-0.044392824847306854)
(0.06275226515748022,-0.04473300965648121)
(0.06226166722003002,-0.045070263329840814)
(0.06177011580898506,-0.045404581768647784)
(0.06127763239590884,-0.04573596099563293)
(0.060784238418905845,-0.0460643971547704)
(0.06028995528204844,-0.0463898865110403)
(0.059794804354805234,-0.046712425450183975)
(0.059298806971484395,-0.04703201047847001)
(0.0588019844306544,-0.04734863822244004)
(0.05830435799459427,-0.04766230542866627)
(0.057805948888728434,-0.04797300896349767)
(0.057306778301069526,-0.04828074581280558)
(0.056806867381661255,-0.0485855130817256)
(0.05630623724202731,-0.04888730799439839)
(0.055804908954626635,-0.04918612789370967)
(0.05530290355228961,-0.0494819702410156)
(0.0548002420276856,-0.04977483261588301)
(0.0542969453327735,-0.050064712715807674)
(0.05379303437826207,-0.05035160835595323)
(0.05328853003306635,-0.05063551746885497)
(0.05278345312377752,-0.05091643810415893)
(0.05227782443412415,-0.05119436842832641)
(0.05177166470444191,-0.05146930672434769)
(0.05126499463114081,-0.05174125139146018)
(0.050757834866180525,-0.05201020094484923)
(0.050250206016548594,-0.05227615401536189)
(0.049742128643729976,-0.05253910934920052)
(0.049233623263195025,-0.052799065807629116)
(0.04872471034387448,-0.05305602236666582)
(0.04821541030765157,-0.05330997811678555)
(0.04770574352884518,-0.05356093226260216)
(0.04719573033370058,-0.053808884122564675)
(0.0466853909998778,-0.05405383312863903)
(0.046174745755958396,-0.0542957788259966)
(0.04566381478092362,-0.05453472087269021)
(0.04515261820367146,-0.05477065903933738)
(0.044641176102510755,-0.05500359320879162)
(0.04412950850466668,-0.05523352337582198)
(0.04361763538578844,-0.05546044964677788)
(0.043105576669461125,-0.05568437223925998)
(0.0425933522267136,-0.05590529148178723)
(0.042080981875535245,-0.056123207813453604)
(0.041568485380399096,-0.05633812178359949)
(0.04105588245176788,-0.05655003405145745)
(0.04054319274563388,-0.05675894538581661)
(0.04003043586303617,-0.056964856664677314)
(0.039517631349579696,-0.05716776887488859)
(0.039004798694981004,-0.057367683111808225)
(0.03849195733259257,-0.057564600578951214)
(0.037979126638938085,-0.057758522587618245)
(0.03746632593325621,-0.057949450556547114)
(0.036953574477034,-0.05813738601155558)
(0.036440891473558834,-0.05832233058516565)
(0.03592829606745674,-0.05850428601624467)
(0.03541580734424659,-0.058683254149633886)
(0.034903444329885853,-0.05885923693577774)
(0.03439122599033534,-0.059032236430355815)
(0.03387917123110308,-0.05920225479389615)
(0.03336729889681418,-0.059369294291408095)
(0.03285562777076735,-0.05953335729199824)
(0.03234417657450494,-0.059694446268489944)
(0.031832963967371126,-0.05985256379702963)
(0.031322008546094904,-0.06000771255671039)
(0.030811328844352705,-0.06015989532918002)
(0.030300943332351848,-0.06030911499825)
(0.029790870416404373,-0.06045537454949609)
(0.029281128438509253,-0.060598677069872556)
(0.028771735675938565,-0.06073902574730932)
(0.02826271034082602,-0.060876423870310906)
(0.027754070579748057,-0.06101087482755493)
(0.027245834473325514,-0.06114238210748352)
(0.026738020035814547,-0.06127094929791416)
(0.026230645214707263,-0.06139658008561148)
(0.025723727890330967,-0.061519278255886954)
(0.025217285875449646,-0.061639047692180836)
(0.024711336914874326,-0.0617558923756579)
(0.024205898685072356,-0.06186981638477811)
(0.023700988793774153,-0.06198082389488965)
(0.023196624779597597,-0.06208891917779878)
(0.022692824111656396,-0.06219410660135811)
(0.022189604189185634,-0.062296390629029266)
(0.021686982341164205,-0.062395775819468195)
(0.021184975825944866,-0.062492266826096175)
(0.020683601830875642,-0.06258586839665495)
(0.02018287747193564,-0.06267658537279663)
(0.019682819793378374,-0.06276442268963572)
(0.019183445767353483,-0.06284938537531758)
(0.01868477229356118,-0.06293147855057907)
(0.01818681619889197,-0.06301070742831444)
(0.017689594237066494,-0.06308707731312596)
(0.01719312308829554,-0.0631605936008893)
(0.016697419358929835,-0.06323126177830529)
(0.016202499581105697,-0.0632990874224552)
(0.01570838021241956,-0.06336407620034622)
(0.015215077635570912,-0.06342623386847104)
(0.014722608158045112,-0.06348556627235036)
(0.014230988011765155,-0.0635420793460856)
(0.013740233352771997,-0.06359577911189293)
(0.013250360260886565,-0.06364667167965762)
(0.012761384739403215,-0.06369476324647856)
(0.012273322714745892,-0.06374006009618907)
(0.011786190036168947,-0.06378256859891862)
(0.011300002475430568,-0.06382229521061604)
(0.010814775726493139,-0.06385924647259236)
(0.010330525405192827,-0.06389342901104665)
(0.00984726704895461,-0.06392484953661011)
(0.009365016116476617,-0.06395351484386358)
(0.008883787987437077,-0.06397943181087815)
(0.008403597962190316,-0.06400260739873957)
(0.007924461261473477,-0.06402304865106422)
(0.00744639302612289,-0.06404076269355101)
(0.006969408316775686,-0.06405575673347294)
(0.006493522113590364,-0.06406803805922484)
(0.006018749315963118,-0.0640776140398241)
(0.005545104742243403,-0.0640844921244455)
(0.005072603129473036,-0.06408867984193571)
(0.004601259133092504,-0.06409018480032645)
(0.004131087326680364,-0.06408901468634338)
(0.0036621022016975263,-0.06408517726494022)
(0.0031943181671973382,-0.06407868037879347)
(0.002727749549592321,-0.06406953194781927)
(0.0022624105923697256,-0.06405773996868866)
(0.0017983154558602842,-0.06404331251432922)
(0.0013354782169685546,-0.06402625773343579)
(0.0008739128689307207,-0.0640065838499775)
(0.00041363332107408973,-0.06398429916270883)
(-0.00004534660143619319,-0.06395941204466132)
(-0.000503013157830968,-0.06393193094265379)
(-0.0009593526919772229,-0.06390186437679851)
(-0.0014143516326057435,-0.06386922093999041)
(-0.0018679964935473892,-0.06383400929742762)
(-0.0023202738739579298,-0.06379623818607552)
(-0.0027711704585503152,-0.06375591641420526)
(-0.0032206730177986777,-0.06371305286085806)
(-0.0036687684081729796,-0.06366765647535791)
(-0.00411544357235304,-0.06361973627679844)
(-0.004560685539432833,-0.06356930135353664)
(-0.0050044814251317925,-0.06351636086269657)
(-0.005446818432001185,-0.06346092402963907)
(-0.005887683849641271,-0.0634030001474784)
(-0.006327065054874128,-0.06334259857654312)
(-0.006764949511960293,-0.06327972874389506)
(-0.007201324772789945,-0.06321440014279309)
(-0.007636178477071186,-0.06314662233218929)
(-0.008069498352514599,-0.06307640493621856)
(-0.00850127221502228,-0.06300375764367841)
(-0.00893148796886909,-0.06292869020751246)
(-0.009360133606880126,-0.06285121244430003)
(-0.009787197210605563,-0.06277133423373339)
(-0.010212666950491901,-0.0626890655181001)
(-0.010636531086055794,-0.06260441630176909)
(-0.011058777966044677,-0.06251739665066364)
(-0.011479396028603915,-0.062428016691746455)
(-0.01189837380143326,-0.06233628661250278)
(-0.012315699901942458,-0.06224221666040428)
(-0.012731363037415679,-0.06214581714239987)
(-0.013145352005148752,-0.062047098424390705)
(-0.013557655692604047,-0.0619460709307017)
(-0.013968263077553781,-0.06184274514355849)
(-0.014377163228218238,-0.06173713160256717)
(-0.01478434530341317,-0.06162924090418211)
(-0.01518979855266784,-0.06151908370118904)
(-0.015593512316384726,-0.06140667070216506)
(-0.015995476025934506,-0.061292012670963375)
(-0.016395679203811308,-0.061175120426183026)
(-0.01679411146374134,-0.06105600484063702)
(-0.01719076251080169,-0.06093467684082282)
(-0.017585622141546256,-0.060811147406398494)
(-0.017978680244108168,-0.06068542756965438)
(-0.01836992679832291,-0.06055752841497159)
(-0.01875935187582516,-0.06042746107830756)
(-0.01914694564015903,-0.06029523674664945)
(-0.019532698346875633,-0.0601608666574954)
(-0.019916600343638895,-0.06002436209831462)
(-0.020298642070308664,-0.0598857344060232)
(-0.020678814059046077,-0.059744994966440076)
(-0.02105710693438987,-0.059602155213768604)
(-0.02143351141335769,-0.05945722663005305)
(-0.021808018305517374,-0.05931022074465002)
(-0.022180618513066786,-0.05916114913369062)
(-0.022551303030919023,-0.0590100234195566)
(-0.022920062946768342,-0.05885685527033285)
(-0.023286889441165956,-0.05870165639928327)
(-0.023651773787584686,-0.058544438564315175)
(-0.024014707352487473,-0.05838521356743962)
(-0.024375681595386493,-0.05822399325424099)
(-0.024734688068901438,-0.058060789513341225)
(-0.025091718418812622,-0.05789561427586155)
(-0.02544676438412023,-0.05772847951489944)
(-0.025799817797095347,-0.05755939724496974)
(-0.02615087058331082,-0.05738837952149751)
(-0.026499914761704216,-0.05721543844026387)
(-0.026846942444604602,-0.05704058613687196)
(-0.027191945837782096,-0.05686383478622076)
(-0.027534917240469546,-0.05668519660196292)
(-0.027875849045400015,-0.05650468383596814)
(-0.028214733738838413,-0.05632230877778961)
(-0.028551563900602386,-0.056138083754135634)
(-0.028886332204087633,-0.05595202112831863)
(-0.02921903141628312,-0.0557641332997332)
(-0.029549654397791992,-0.05557443270331806)
(-0.029878194102844372,-0.05538293180901583)
(-0.030204643579306335,-0.05518964312124339)
(-0.03052899596868927,-0.054994579178356755)
(-0.030851244506155846,-0.054797752552109696)
(-0.031171382520515108,-0.05459917584713345)
(-0.03148940343422077,-0.05439886170037799)
(-0.03180530076338498,-0.05419682278060664)
(-0.03211906811774576,-0.053993071787842774)
(-0.03243069920067705,-0.053787621452843895)
(-0.032740187809159035,-0.053580484536563264)
(-0.03304752783377769,-0.05337167382961887)
(-0.03335271325869451,-0.053161202151766056)
(-0.033655738161628174,-0.052949082351354)
(-0.033956596713833005,-0.05273532730480093)
(-0.03425528318006385,-0.05251994991605819)
(-0.034551791918552496,-0.05230296311608669)
(-0.03484611738097287,-0.05208437986231568)
(-0.03513825411239999,-0.051864213138110356)
(-0.03542819675127411,-0.051642475952255455)
(-0.03571594002935685,-0.05141918133841145)
(-0.036001478771692956,-0.05119434235458992)
(-0.03628480789654949,-0.050967972082624026)
(-0.03656592241537412,-0.050740083627637114)
(-0.03684481743274336,-0.05051069011752737)
(-0.037121488146294256,-0.05027980470240963)
(-0.037395929846678264,-0.05004744055412845)
(-0.03766813791749181,-0.04981361086569344)
(-0.03793810783520968,-0.04957832885078086)
(-0.03820583516912484,-0.04934160774319674)
(-0.03847131558126323,-0.049103460796338164)
(-0.038734544826333164,-0.04886390128270294)
(-0.038995518751624554,-0.048622942493326396)
(-0.039254233296939924,-0.048380597737287714)
(-0.03951068449452361,-0.048136880341169946)
(-0.03976486846895102,-0.047891803648546234)
(-0.04001678143706848,-0.04764538101945452)
(-0.04026641970787866,-0.04739762582987418)
(-0.040513779682475486,-0.04714855147122045)
(-0.04075885785391385,-0.04689817134980018)
(-0.04100165080714058,-0.046646498886316806)
(-0.041242155218873575,-0.046393547515333436)
(-0.04148036785751348,-0.04613933068477581)
(-0.04171628558302005,-0.04588386185539237)
(-0.04194990534681909,-0.04562715450025959)
(-0.0421812241916731,-0.045369222104250345)
(-0.0424102392515824,-0.045110078163533816)
(-0.042636947751657155,-0.04484973618505255)
(-0.042861347008000435,-0.04458820968601155)
(-0.043083434427584014,-0.04432551219337245)
(-0.04330320750811789,-0.04406165724333017)
(-0.04352066383793907,-0.04379665838082157)
(-0.04373580109585378,-0.04353052915899915)
(-0.04394861705102927,-0.043263283138730006)
(-0.044159109562837445,-0.042994933888088886)
(-0.044367276580733646,-0.04272549498185464)
(-0.04457311614409181,-0.0424549800009935)
(-0.044776626382090866,-0.04218340253217545)
(-0.044977805513537084,-0.04191077616724354)
(-0.04517665184673614,-0.04163711450273905)
(-0.04537316377932524,-0.041362431139376786)
(-0.04556733979813417,-0.0410867396815611)
(-0.04575917847901686,-0.040810053736880236)
(-0.04594867848669456,-0.04053238691560542)
(-0.04613583857459119,-0.04025375283020127)
(-0.04632065758467242,-0.03997416509481845)
(-0.046503134447279784,-0.03969363732480913)
(-0.04668326818095236,-0.039412183136231654)
(-0.04686105789225774,-0.03912981614534613)
(-0.04703650277561963,-0.03884654996813971)
(-0.04720960211314832,-0.03856239821982672)
(-0.04738035527443486,-0.038277374514357344)
(-0.047548761716395015,-0.03799149246393469)
(-0.047714820983071456,-0.03770476567852424)
(-0.047878532705447945,-0.037417207765369886)
(-0.048039896601262844,-0.03712883232850908)
(-0.04819891247480931,-0.03683965296828691)
(-0.04835558021674707,-0.03654968328087539)
(-0.04850989980391037,-0.036258936857801384)
(-0.04866187129908942,-0.03596742728544545)
(-0.048811494850847306,-0.035675168144585476)
(-0.04895877069331001,-0.03538217300991182)
(-0.049103699145950606,-0.03508845544953986)
(-0.04924628061339276,-0.03479402902455698)
(-0.04938651558519603,-0.034498907288533484)
(-0.0495244046356376,-0.03420310378705864)
(-0.04965994842349018,-0.03390663205725843)
(-0.04979314769182806,-0.03360950562734917)
(-0.04992400326777531,-0.03331173801614301)
(-0.05005251606230336,-0.033013342732599406)
(-0.050178687069998514,-0.03271433327535779)
(-0.05030251736883302,-0.032414723132266496)
(-0.05042400811993891,-0.03211452577992758)
(-0.05054316056737665,-0.03181375468323636)
(-0.050659976037886384,-0.03151242329491262)
(-0.05077445594067262,-0.03121054505505937)
(-0.05088660176715138,-0.030908133390689613)
(-0.050996415090713926,-0.030605201715282363)
(-0.051103897566479206,-0.03030176342832774)
(-0.05120905093105017,-0.029997831914869134)
(-0.0513118770022764,-0.029693420545064554)
(-0.05141237767897578,-0.02938854267372156)
(-0.05151055494071736,-0.02908321163986403)
(-0.05160641084754449,-0.02877744076628431)
(-0.05169994753972089,-0.028471243359091368)
(-0.05179116723748221,-0.028164632707276347)
(-0.051880072240763075,-0.027857622082267167)
(-0.05196666492894449,-0.027550224737492985)
(-0.052050947760581875,-0.02724245390794277)
(-0.052132923273138426,-0.026934322809729704)
(-0.05221259408272205,-0.026625844639660674)
(-0.05228996288380884,-0.026317032574797214)
(-0.052365032448971706,-0.026007899772031218)
(-0.05243780562860394,-0.02569845936764951)
(-0.05250828535064475,-0.025388724476909184)
(-0.05257647462029995,-0.025078708193612458)
(-0.05264237651975527,-0.02476842358967903)
(-0.05270599420789973,-0.02445788371472472)
(-0.0527673309200343,-0.024147101595640357)
(-0.052826389967597406,-0.023836090236177155)
(-0.052883174737858286,-0.023524862616520002)
(-0.05293768869363737,-0.023213431692879212)
(-0.05298993537301329,-0.022901810397075166)
(-0.0530399183890244,-0.02259001163612336)
(-0.05308764142936734,-0.02227804829182384)
(-0.05313310825611568,-0.02196593322035972)
(-0.05317632270539631,-0.021653679251878635)
(-0.053217288687108594,-0.0213412991900991)
(-0.05325601018460583,-0.021028805811899934)
(-0.053292491254396064,-0.020716211866921925)
(-0.05332673602582948,-0.020403530077166502)
(-0.053358748700797896,-0.020090773136601323)
(-0.053388533553409064,-0.019777953710759587)
(-0.05341609492968743,-0.019465084436349957)
(-0.0534414372472502,-0.01915217792086296)
(-0.05346456499499981,-0.01883924674218328)
(-0.05348548273278945,-0.018526303448194295)
(-0.053504195091122725,-0.018213360556401176)
(-0.053520706770816974,-0.017900430553539418)
(-0.053535022542688236,-0.0175875258951968)
(-0.053547147247216306,-0.01727465900542726)
(-0.053557085794232843,-0.016961842276379244)
(-0.05356484316257873,-0.01664908806791361)
(-0.053570424399779104,-0.016336408707229206)
(-0.05357383462171567,-0.016023816488494443)
(-0.0535750790122827,-0.015711323672470585)
(-0.05357416282306573,-0.015398942486147312)
(-0.05357109137299124,-0.01508668512237364)
(-0.05356587004800002,-0.014774563739493794)
(-0.05355850430070077,-0.014462590460985046)
(-0.05354899965002411,-0.014150777375092889)
(-0.05353736168089659,-0.013839136534480389)
(-0.05352359604387625,-0.013527679955861772)
(-0.0535077084548199,-0.013216419619655114)
(-0.05348970469453106,-0.012905367469625567)
(-0.05346959060840787,-0.012594535412535362)
(-0.0534473721061035,-0.012283935317797704)
(-0.053423055161161796,-0.01197357901712663)
(-0.053396645810669816,-0.011663478304194928)
(-0.0533681501549039,-0.01135364493429092)
(-0.053337574356970285,-0.011044090623978523)
(-0.053304924642452116,-0.010734827050758781)
(-0.0532702072990481,-0.010425865852735172)
(-0.053233428676210316,-0.010117218628277153)
(-0.05319459518478609,-0.009808896935690434)
(-0.05315371329664873,-0.009500912292885558)
(-0.05311078954434446,-0.009193276177052569)
(-0.053065830520714,-0.008886000024333695)
(-0.0530188428785353,-0.00857909522950045)
(-0.0529698333301517,-0.008272573145633972)
(-0.05291880864710007,-0.007966445083803765)
(-0.05286577565974458,-0.007660722312752295)
(-0.052810741256903056,-0.007355416058580867)
(-0.052753712385469435,-0.007050537504435249)
(-0.05269469605004686,-0.006746097790197412)
(-0.052633699312567686,-0.006442108012176693)
(-0.0525707292919175,-0.006138579222803978)
(-0.052505793163551535,-0.00583552243032684)
(-0.05243889815913012,-0.005532948598511121)
(-0.05237005156611945,-0.0052308686463383575)
(-0.05229926072742803,-0.004929293447710795)
(-0.052226533041013434,-0.004628233831156835)
(-0.05215187595949316,-0.004327700579535729)
(-0.052075296989783325,-0.004027704429751465)
(-0.05199680369267886,-0.0037282560724606444)
(-0.05191640368250366,-0.003429366151790005)
(-0.05183410462668866,-0.003131045265050071)
(-0.051749914245405385,-0.002833303962455761)
(-0.051663840311170744,-0.0025361527468471478)
(-0.051575890648449696,-0.002239602073411134)
(-0.05148607313326951,-0.001943662349408841)
(-0.051394395692823606,-0.001648343933902394)
(-0.0513008663050825,-0.001353657137485144)
(-0.05120549299839294,-0.0010596122220137647)
(-0.051108283851088815,-0.000766219400343963)
(-0.05100924699108331,-0.0004734888360660158)
(-0.05090839059548457,-0.00018143064324423777)
(-0.05080572289018824,0.00010994511383992516)
(-0.05070125214948315,0.0004006284209463346)
(-0.05059498669565038,0.000690609314128158)
(-0.050486934898554714,0.0009798778799847549)
(-0.05037710517525744,0.0012684242559096255)
(-0.05026550598959965,0.0015562386303381484)
(-0.050152145851805656,0.0018433112429919727)
(-0.05003703331808243,0.00212963238512088)
(-0.049920176990198566,0.002415192399742786)
(-0.049801585515102234,0.002699981681881879)
(-0.049681267584495994,0.0029839906788032017)
(-0.04955923193443699,0.0032672098902448423)
(-0.04943548734492744,0.0035496298686503425)
(-0.04931004263950673,0.003831241219394549)
(-0.04918290668484229,0.004112034601011062)
(-0.049054088390319765,0.004392000725415449)
(-0.04892359670763231,0.004671130358125279)
(-0.04879144063036441,0.004949414318479841)
(-0.048657629193589846,0.0052268434798555434)
(-0.04852217147345654,0.005503408769882507)
(-0.04838507658676185,0.005779101170651186)
(-0.04824635369055563,0.006053911718926216)
(-0.04810601198171432,0.006327831506351305)
(-0.04796406069653357,0.006600851679653178)
(-0.04782050911030948,0.006872963440845537)
(-0.047675366536919055,0.007144158047425844)
(-0.04752864232841148,0.007414426812575805)
(-0.04738034587459196,0.007683761105354461)
(-0.04723048660259187,0.007952152350889993)
(-0.04707907397646392,0.008219592030571366)
(-0.04692611749676147,0.008486071682236057)
(-0.046771626700115636,0.0087515829003541)
(-0.04661561115882097,0.009016117336212081)
(-0.04645808048040846,0.009279666698092043)
(-0.04629904430723938,0.009542222751452757)
(-0.046138512316073674,0.009803777319102798)
(-0.04597649421764756,0.010064322281372762)
(-0.04581299975626801,0.010323849576291105)
(-0.045648038709372146,0.010582351199746438)
(-0.045481620887122994,0.01083981920565906)
(-0.04531375613197533,0.011096245706140954)
(-0.045144454318256456,0.011351622871657682)
(-0.04497372535175225,0.011605942931190017)
(-0.044801579169270536,0.011859198172385624)
(-0.044628025738229514,0.012111380941716807)
(-0.04445307505623238,0.012362483644632107)
(-0.044276737150638595,0.012612498745702728)
(-0.04409902207814708,0.012861418768771572)
(-0.0439199399243689,0.01310923629709693)
(-0.043739500803406786,0.013355943973495616)
(-0.04355771485742319,0.013601534500478438)
(-0.04337459225622917,0.013846000640394257)
(-0.04319014319684556,0.014089335215556782)
(-0.04300437790309226,0.014331531108384199)
(-0.04281730662515426,0.014572581261523538)
(-0.042628939639159924,0.014812478677980528)
(-0.04243928724675954,0.015051216421245323)
(-0.042248359774694495,0.01528878761541282)
(-0.04205616757437918,0.015525185445304665)
(-0.04186272102147198,0.01576040315658776)
(-0.041668030515453286,0.015994434055887432)
(-0.041472106479196275,0.016227271510900775)
(-0.04127495935854782,0.016458908950509006)
(-0.041076599621902264,0.016689339864885293)
(-0.040877037759774366,0.016918557805597687)
(-0.04067628428437204,0.017146556385714808)
(-0.04047434972918868,0.01737332927990915)
(-0.040271244648554326,0.01759887022454958)
(-0.04006697961722774,0.01782317301780266)
(-0.03986156522997167,0.018046231519725373)
(-0.03965501210111492,0.018268039652351648)
(-0.03944733086415322,0.018488591399790828)
(-0.0392385321712962,0.0187078808083016)
(-0.03902862669306981,0.018925901986391196)
(-0.03881762511787521,0.019142649104881473)
(-0.03860553815158083,0.019358116397002564)
(-0.03839237651707971,0.019572298158455577)
(-0.03817815095388578,0.019785188747501258)
(-0.037962872217699416,0.019996782585020578)
(-0.03774655107999653,0.020207074154593947)
(-0.03752919832758973,0.020416058002558718)
(-0.03731082476222109,0.02062372873808149)
(-0.03709144120014115,0.02083008103322199)
(-0.03687105847167441,0.021035109622984226)
(-0.03664968742081595,0.02123880930538595)
(-0.036427338904794486,0.021441174941502574)
(-0.036204023793667155,0.021642201455530634)
(-0.03597975296988715,0.02184188383483118)
(-0.035754537327896116,0.022040217129983528)
(-0.03552838777369167,0.022237196454823527)
(-0.03530131522442753,0.022432816986498304)
(-0.03507333060797192,0.022627073965497475)
(-0.03484444486251597,0.02281996269569979)
(-0.034614668936135455,0.023011478544401668)
(-0.03438401378638339,0.023201616942361915)
(-0.034152490379870885,0.023390373383819787)
(-0.03392010969185759,0.023577743426540714)
(-0.033686882705827016,0.023763722691829494)
(-0.03345282041308286,0.023948306864565047)
(-0.033217933812319786,0.024131491693213658)
(-0.032982233909224806,0.02431327298985999)
(-0.032745731716059115,0.024493646630217487)
(-0.03250843825124232,0.024672608553646624)
(-0.03227036453893725,0.024850154763164475)
(-0.03203152160865359,0.025026281325462873)
(-0.03179192049482026,0.025200984370910274)
(-0.031551572236386737,0.0253742600935619)
(-0.03131048787640688,0.025546104751164745)
(-0.031068678461634303,0.025716514665154705)
(-0.030826155042110732,0.02588548622065761)
(-0.03058292867076149,0.026053015866492873)
(-0.030339010402983504,0.026219100115157)
(-0.030094411296250248,0.02638373554282833)
(-0.029849142409689524,0.026546918789343604)
(-0.029603214803695887,0.026708646558201894)
(-0.029356639539517834,0.02686891561653871)
(-0.029109427678852585,0.02702772279511366)
(-0.02886159028344766,0.027185064988293386)
(-0.02861313841469635,0.027340939154022813)
(-0.028364083133243845,0.027495342313816583)
(-0.02811443549857748,0.02764827155271715)
(-0.02786420656863088,0.02779972401927992)
(-0.02761340739938803,0.02794969692553482)
(-0.027362049044484006,0.02809818754696256)
(-0.027110142554807412,0.028245193222448638)
(-0.026857698978105315,0.028390711354263447)
(-0.02660472935858407,0.028534739408000546)
(-0.026351244736523567,0.028677274912562334)
(-0.02609725614787594,0.028818315460097724)
(-0.025842774623878077,0.028957858705961015)
(-0.025587811190653925,0.02909590236867)
(-0.02533237686883175,0.02923244422984879)
(-0.025076482673150203,0.0293674821341829)
(-0.02482013961206565,0.02950101398935943)
(-0.02456335868737909,0.029633037766015096)
(-0.024306150893825373,0.029763551497675084)
(-0.024048527218711,0.029892553280691972)
(-0.02379049864151754,0.030020041274190928)
(-0.02353207613351683,0.030146013699992442)
(-0.02327327065739236,0.030270468842555857)
(-0.02301409316685531,0.030393405048903397)
(-0.022754554606262162,0.03051482072854826)
(-0.0224946659102473,0.030634714353436596)
(-0.022234438003326525,0.0307530844578543)
(-0.021973881799524943,0.030869929638349898)
(-0.021713008202007167,0.030985248553669267)
(-0.021451828102703532,0.031099039924665138)
(-0.021190352381918895,0.031211302534209805)
(-0.020928591907976912,0.031322035227114325)
(-0.02066655753684308,0.03143123691004106)
(-0.020404260111748295,0.03153890655141391)
(-0.02014171046282885,0.031645043181323065)
(-0.019878919406750326,0.03174964589143351)
(-0.019615897746341534,0.03185271383488794)
(-0.01935265627022651,0.031954246226207725)
(-0.019089205752471267,0.03205424234120082)
(-0.01882555695220603,0.032152701516846245)
(-0.0185617206132613,0.032249623151192834)
(-0.018297707463823025,0.03234500670327473)
(-0.018033528216060715,0.032438851692964565)
(-0.017769193565762585,0.03253115770089956)
(-0.0175047141919936,0.03262192436834708)
(-0.01724010075672706,0.032711151397100555)
(-0.01697536390449817,0.03279883854935958)
(-0.016710514262037946,0.03288498564761241)
(-0.016445562437936656,0.03296959257452126)
(-0.016180519022278964,0.03305265927279345)
(-0.015915394586298776,0.03313418574505355)
(-0.015650199682035678,0.03321417205373392)
(-0.015384944841982412,0.033292618320936274)
(-0.015119640578736536,0.033369524728303346)
(-0.014854297384664606,0.03344489151687665)
(-0.014588925731551843,0.033518718986989854)
(-0.014323536070262315,0.03359100749811042)
(-0.014058138830394244,0.033661757468707754)
(-0.013792744419950988,0.033730969376121155)
(-0.013527363225001808,0.03379864375640984)
(-0.0132620056093264,0.03386478120421587)
(-0.012996681914114367,0.03392938237262558)
(-0.01273140245759753,0.03399244797300624)
(-0.01246617753474467,0.034053978774866565)
(-0.01220101741691264,0.03411397560572509)
(-0.011935932351528932,0.03417243935091988)
(-0.011670932561754182,0.03422937095348585)
(-0.011406028246170256,0.03428477141399535)
(-0.011141229578440676,0.034338641790391214)
(-0.010876546706996087,0.034390983197822106)
(-0.010611989754709318,0.03444179680850809)
(-0.010347568818578757,0.03449108385155714)
(-0.010083293969408127,0.03453884561279727)
(-0.009819175251489695,0.034585083434632)
(-0.0095552226822804,0.03462979871584931)
(-0.00929144625210806,0.0346729929114756)
(-0.009027855923832265,0.03471466753257255)
(-0.008764461632563027,0.03475482414610264)
(-0.008501273285327206,0.03479346437472578)
(-0.008238300760768502,0.03483058989663611)
(-0.007975553908844406,0.034866202445378996)
(-0.007713042550529225,0.03490030380967756)
(-0.007450776477486316,0.03493289583324571)
(-0.007188765451791149,0.034963980414603316)
(-0.006927019205623571,0.0349935595069068)
(-0.006665547440966639,0.035021635117737336)
(-0.0064043598293131694,0.03504820930894082)
(-0.00614346601136828,0.03507328419641605)
(-0.005882875596762949,0.03509686194994349)
(-0.0056225981637489965,0.035118944792971986)
(-0.005362643258929633,0.03513953500244897)
(-0.005103020396950331,0.03515863490859856)
(-0.004843739060224033,0.035176246894741726)
(-0.004584808698646882,0.0351923733970954)
(-0.004326238729306829,0.035207016904570024)
(-0.004068038536206533,0.035220179958564746)
(-0.0038102174699985517,0.0352318651527689)
(-0.003552784847672659,0.03524207513295863)
(-0.003295749952309551,0.03525081259678207)
(-0.0030391220327995083,0.035258080293558175)
(-0.0027829103035664693,0.03526388102407031)
(-0.00252712394428602,0.035268217640341944)
(-0.0022717720996410446,0.035271093045449606)
(-0.002016863879033444,0.03527251019327618)
(-0.001762408356323658,0.035272472088324104)
(-0.0015084145695681583,0.035270981785486405)
(-0.0012548915207592816,0.035268042389826955)
(-0.0010018481755574168,0.03526365705637068)
(-0.0007492934630445726,0.035257828989869504)
(-0.000497236275449342,0.03525056144458853)
(-0.00024568546790546626,0.03524185772408447)
(5.3501418011695855e-6,0.03523172118097838)
(0.0002558617734935648,0.03522015521672644)
(0.0005058406848492682,0.03520716328139005)
(0.0007552781716443746,0.03519274887342286)
(0.0010041655680037287,0.035176915539423564)
(0.0012524942466415388,0.03515966687390266)
(0.0015002556191135075,0.03514100651907009)
(0.0017474411360507416,0.03512093816458025)
(0.001994042287385426,0.03509946554730474)
(0.0022400506026239737,0.035076592451095345)
(0.0024854576510397286,0.03505232270655099)
(0.002730255041934011,0.03502666019076705)
(0.002974434424863063,0.034999608827105864)
(0.003217987489858748,0.034971172584951464)
(0.003460905967668884,0.03494135547945742)
(0.0037031816299603693,0.034910161571322304)
(0.003944806289580142,0.03487759496653017)
(0.0041857718007408595,0.03484365981609773)
(0.00442607005926484,0.034808360315851564)
(0.004665693002783544,0.034771700706154034)
(0.0049046326109781595,0.03473368527167142)
(0.005142880905768029,0.03469431834110083)
(0.005380429951544944,0.03465360428694674)
(0.005617271855371169,0.03461154752524401)
(0.005853398767181864,0.034568152515320666)
(0.006088802880017139,0.03452342375951818)
(0.0063234764302016674,0.03447736580296741)
(0.006557411697562494,0.034429983233307926)
(0.006790601005616324,0.034381280680430865)
(0.007023036721789445,0.03433126281623208)
(0.007254711257596157,0.034279934354337474)
(0.00748561706883745,0.03422730004984713)
(0.0077157466558064715,0.0341733646990705)
(0.007945092563460954,0.03411813313926586)
(0.008173647381632714,0.034061610248373425)
(0.008401403745193905,0.034003800944750924)
(0.008628354334267306,0.033944710186899284)
(0.008854491874381804,0.03388434297320738)
(0.009079809136676721,0.03382270434167285)
(0.009304298938076612,0.03375979936963603)
(0.009527954141453604,0.03369563317350867)
(0.009750767655822017,0.03363021090850287)
(0.009972732436508395,0.03356353776836741)
(0.010193841485310051,0.033495618985091874)
(0.01041408785067866,0.033426459828651875)
(0.01063346462789159,0.03335606560673285)
