(-7.625712097425121,4.604375330122881e-13)
(-7.623968392152271,0.11508599407365652)
(-7.618740879932985,0.23003324707908726)
(-7.610040353843165,0.344703487320026)
(-7.597884743429162,0.45895937864676295)
(-7.582299026892156,0.572664980279103)
(-7.563315109247582,0.6856861971896023)
(-7.5409716675419824,0.7978912180691546)
(-7.51531396449263,0.9091509380368179)
(-7.486393632179048,1.019339363426583)
(-7.454268427656958,1.1283339961822123)
(-7.419001962580973,1.2360161956140343)
(-7.38066340911045,1.3422715155150544)
(-7.339327184530874,1.446990014893974)
(-7.295072617150085,1.5500665408556786)
(-7.247983596123332,1.6514009824412827)
(-7.198148207923666,1.7508984945257096)
(-7.145658362204608,1.8484696911570344)
(-7.09060940980127,1.9440308080044335)
(-7.033099755585562,2.037503833856939)
(-6.973230468832237,2.1288166113798734)
(-6.911104893667905,2.2179029075868044)
(-6.8468282620664755,2.304702454719415)
(-6.780507311725305,2.389160962443639)
(-6.712249911008669,2.471230102465885)
(-6.6421646929824885,2.5508674668467948)
(-6.570360700389478,2.6280365014408167)
(-6.496947043229791,2.7027064160174055)
(-6.422032570422002,2.7748520727236383)
(-6.345725556825665,2.8444538546289224)
(-6.2681334067122965,2.911497516150568)
(-6.1893623745789395,2.9759740171954396)
(-6.109517304009849,3.0378793428686097)
(-6.028701385109146,3.0972143105964207)
(-5.9470159308523804,3.153984366490061)
(-5.864560172539214,3.208199372738315)
(-5.781431074374356,3.2598733877663997)
(-5.697723167059964,3.3090244408334195)
(-5.613528400151229,3.3556743026658684)
(-5.528936012807836,3.399848253640491)
(-5.444032422467962,3.4415748509385575)
(-5.358901130878231,3.4808856959967045)
(-5.27362264683292,3.5178152034787162)
(-5.1882744249076955,3.552400372889357)
(-5.10293081941768,3.584680563846991)
(-5.0176630527853705,3.614697275927484)
(-4.932539197470851,3.642493933888924)
(-4.847624177539775,3.6681156766067664)
(-4.7629797478706095,3.6916091655608385)
(-4.678664551367917,3.713022373044098)
(-4.594734120469475,3.7324044071756646)
(-4.511240919966133,3.7498053295590714)
(-4.428234391832994,3.765275984402489)
(-4.34576100751906,3.7788678360748045)
(-4.263864326878917,3.79063281522876)
(-4.182585062966018,3.8006231735409335)
(-4.101961151936342,3.8088913470727928)
(-4.022027827348083,3.815489828201123)
(-3.942817698180057,3.8204710460209377)
(-3.8643608299302974,3.8238872550830405)
(-3.7866848281958223,3.825790432292682)
(-3.709814924174506,3.826232181764932)
(-3.633774061569868,3.825263647406048)
(-3.558582984419151,3.8229354329682224)
(-3.4842603254039406,3.819297529307058)
(-3.4108226942404944,3.8143992485569744)
(-3.338284765783772,3.8082891649288393)
(-3.266659367514602,3.8010150618264817)
(-3.195957566113404,3.7926238849738456)
(-3.1261887528563412,3.7831617012422107)
(-3.057360727600488,3.7726736628668363)
(-2.989479781153642,3.7612039767443557)
(-2.9225507758517124,3.748795878505921)
(-2.8565772241921175,3.735491611066331)
(-2.791561365395418,3.721332407355952)
(-2.7275042397894675,3.7063584769498394)
(-2.6644057609306753,3.6906089963170414)
(-2.602264785395757,3.674122102422431)
(-2.541079180194373,3.6569348894232454)
(-2.48084588776874,3.6390834082129113)
(-2.421560988560335,3.620602668575446)
(-2.3632197611498493,3.601526643726738)
(-2.305816739896444,3.581888277016419)
(-2.2493457702836706,3.56171949061116)
(-2.19380006174221,3.5410511959386417)
(-2.1391722381680256,3.519913305727633)
(-2.085454386100621,3.4983347474671773)
(-2.0326381006177967,3.4763434781246727)
(-1.9807145289963892,3.45396649997214)
(-1.9296744121927676,3.4312298773797743)
(-1.8795081242003988,3.408158754445406)
(-1.830205709344795,3.384777373337709)
(-1.7817569175783492,3.3611090932397683)
(-1.7341512378394353,3.3371764097880656)
(-1.687377929541301,3.3130009749099845)
(-1.641426052257158,3.2886036169706108)
(-1.596284493668257,3.2640043611468523)
(-1.5519419958417873,3.239222449953823)
(-1.5083871799052027,3.2142763638549217)
(-1.4656085691830143,3.189183841893171)
(-1.4235946108613275,3.1639619022871863)
(-1.38233369624441,3.1386268629405425)
(-1.341814179666445,3.113194361818393)
(-1.3020243961202123,3.087679377149925)
(-1.262952677663136,3.0620962474197375)
(-1.2245873686594624,3.036458691115245)
(-1.1869168399157577,3.010779826201175)
(-1.149929501765201,2.985072189295666)
(-1.1136138161543843,2.9593477545258815)
(-1.077958307784571,2.9336179520440093)
(-1.042951574357483,2.9078936861873887)
(-1.0085822959739676,2.882185353269077)
(-0.9748392437319591,2.8565028589875063)
(-0.9417112875684006,2.8308556354461345)
(-0.9091874033879742,2.805252657775904)
(-0.877256679519678,2.779702460355193)
(-0.845908322540571,2.754213152623571)
(-0.815131662504267,2.728792434487165)
(-0.7849161576100581,2.7034476113148247)
(-0.7552513983469434,2.6781856085254665)
(-0.7261271111451831,2.653012985768093)
(-0.697533161566512,2.6279359506969633)
(-0.66945955706254,2.6029603723452746)
(-0.6418964493295126,2.5780917941014625)
(-0.6148341362861064,2.5533354462929823)
(-0.5882630636996253,2.5286962583829533)
(-0.5621738264846204,2.5041788707856303)
(-0.536557169696714,2.4797876463071296)
(-0.5114039892431815,2.4555266812181635)
(-0.4867053323306952,2.431399815965948)
(-0.46245239766950186,2.407410645532663)
(-0.4386365354522574,2.3835625294481115)
(-0.41524924712469835,2.359858601464373)
(-0.39228218496437917,2.336301778900415)
(-0.3697271514827523,2.312894771664719)
(-0.34757609866498085,2.2896400909640247)
(-0.3258211270610369,2.2665400577063752)
(-0.30445448474082953,2.2435968106066237)
(-0.283468566125322,2.2208123140025617)
(-0.2628559107048897,2.19818836538977)
(-0.24260920165546632,2.1757266026832935)
(-0.22272126436237255,2.153428511214081)
(-0.20318506486108276,2.1312954304681075)
(-0.18399370820363975,2.109328560575992)
(-0.16514043675889126,2.087528968560473)
(-0.1466186284536542,2.0658975943509668)
(-0.12842179496306397,2.044435256568555)
(-0.110543579855301,2.0231426580940517)
(-0.09297775669784494,2.0020203914222985)
(-0.07571822713063764,1.9810689438112634)
(-0.058759018911578434,1.9602887022325053)
(-0.04209428393931183,1.9396799581296742)
(-0.025718296257925308,1.9192429119915941)
(-0.009625450047843194,1.8989776777462353)
(0.0061897423931307535,1.8788842869818208)
(0.021732652674954743,1.858962693001051)
(0.03700853834329615,1.8392127747143276)
(0.05202254490716037,1.8196343403776718)
(0.06677970786334392,1.8002271311808675)
(0.08128495471506751,1.7809908246911852)
(0.09554310698237153,1.7619250381579181)
(0.10955888220204275,1.743029331682739)
(0.123336895915071,1.7243032112608097)
(0.13688166363974477,1.7057461316973463)
(0.15019760282872868,1.6873574994042453)
(0.1632890348085661,1.669136675081204)
(0.17616018670023226,1.6510829762856556)
(0.18881519331947105,1.6331956798956484)
(0.2012580990558044,1.615474024469735)
(0.21349285972920234,1.5979172125077519)
(0.2255233444235338,1.5805244126162494)
(0.2373533372960084,1.5632947615822397)
(0.24898653936194617,1.546227366358757)
(0.2604265702542767,1.5293213059656359)
(0.2716769699572928,1.5125756333087834)
(0.2827412005142146,1.4959893769210906)
(0.293622647708252,1.4795615426280304)
(0.30432462271687777,1.4632911151408605)
(0.3148503637390857,1.4471770595802589)
(0.3252030375954938,1.4312183229330828)
(0.33538574130115734,1.4154138354448822)
(0.34540150361103633,1.399762511950675)
(0.35525328653807187,1.3842632531463994)
(0.3649439868438911,1.3689149468033976)
(0.37447643750218024,1.3537164689281747)
(0.3838534091347849,1.3386666848696156)
(0.3930776114206751,1.3237644503757637)
(0.4021516944778918,1.3090086126021887)
(0.4110782502186703,1.2943980110739046)
(0.4198598136779289,1.2799314786027156)
(0.42849886431536055,1.2656078421618113)
(0.4369978272914055,1.2514259237193606)
(0.44535907471735947,1.2373845410327606)
(0.4535849268799492,1.2234825084051557)
(0.46167765344066897,1.2097186374057725)
(0.46963947461022604,1.1960917375555096)
(0.47747256229842494,1.1826006169792254)
(0.48517904123981825,1.169244083026036)
(0.4927609900954873,1.1560209428589516)
(0.5002204425312707,1.142930004015057)
(0.5075593882727968,1.1299700749374695)
(0.5147797741376146,1.1171399654801668)
(0.5218835049976639,1.1044384873765487)
(0.5288724449537496,1.0918644547500806)
(0.5357484180288093,1.0794166844366286)
(0.5425132092839919,1.0670939964770685)
(0.5491685657014388,1.0548952144791275)
(0.555716197086583,1.0428191659821235)
(0.5621577769501189,1.0308646828016772)
(0.5684949433700435,1.0190306013552175)
(0.5747292998341198,1.0073157629691085)
(0.5808624160631377,0.9957190141681747)
(0.5868958288153489,0.9842392069483741)
(0.592831042672407,0.9728751990333304)
(0.5986695308072282,0.9616258541154363)
(0.6044127357340635,0.9504900420821678)
(0.6100620700412047,0.9394666392282635)
(0.615618917106621,0.9285545284543761)
(0.6210846317969078,0.917752599452774)
(0.6264605411498738,0.9070597488806725)
(0.6317479450411201,0.8964748805217255)
(0.6369481168349221,0.8859969054361975)
(0.64206230401978,0.8756247421003114)
(0.6470917288289245,0.8653573165352669)
(0.6520375888461395,0.8551935624263602)
(0.6569010575971725,0.8451324212326751)
(0.661683285127093,0.8351728422877431)
(0.6663853985638658,0.8253137828915932)
(0.6710085026684662,0.8155542083945805)
(0.6755536803718152,0.8058930922733525)
(0.6800219932988445,0.7963294161993243)
(0.6844144822799629,0.7868621701000089)
(0.6887321678502144,0.7774903522135111)
(0.6929760507363968,0.7682129691365317)
(0.6971471123324267,0.7590290358661539)
(0.7012463151631984,0.749937575835725)
(0.7052746033372068,0.7409376209451024)
(0.7092329029882012,0.7320282115855288)
(0.7131221227060962,0.7232083966594025)
(0.7169431539574174,0.7144772335951783)
(0.7206968714954891,0.7058337883576371)
(0.7243841337606389,0.697277135453761)
(0.7280057832706105,0.6888063579344056)
(0.731562647001445,0.6804205473920051)
(0.7350555367590434,0.6721188039544949)
(0.7384852495416099,0.6639002362756341)
(0.7418525678932204,0.6557639615219337)
(0.7451582602487049,0.6477091053563412)
(0.7484030812700448,0.6397348019188672)
(0.7515877721745048,0.6318401938043027)
(0.7547130610546785,0.6240244320371919)
(0.7577796631906432,0.6162866760441962)
(0.7607882813544108,0.608626093624002)
(0.7637396061068704,0.6010418609149001)
(0.7666343160873718,0.5935331623601656)
(0.7694730782961691,0.5860991906713733)
(0.7722565483698448,0.5787391467897494)
(0.7749853708499291,0.5714522398456922)
(0.7776601794448486,0.5642376871165542)
(0.7802815972853702,0.5570947139828064)
(0.7828502371737084,0.5500225538826597)
(0.7853667018264293,0.5430204482652751)
(0.7878315841113189,0.5360876465426141)
(0.7902454672783534,0.5292234060400488)
(0.792608925184905,0.5224269919457948)
(0.7949225225153483,0.515697677259258)
(0.7971868149951701,0.5090347427383671)
(0.7994023495997443,0.5024374768459657)
(0.8015696647578805,0.49590517569533726)
(0.8036892905502969,0.48943714299495433)
(0.805761748903093,0.4830326899923226)
(0.8077875537764229,0.47669113541749036)
(0.8097672113484036,0.4704118054255869)
(0.8117012201944342,0.46419403353898653)
(0.8135900714620015,0.45803716058890276)
(0.8154342490410988,0.4519405346565457)
(0.8172342297303766,0.4459035110138518)
(0.8189904833990929,0.43992545206385775)
(0.8207034731450119,0.4340057272807482)
(0.8223736554483138,0.42814371314962996)
(0.8240014803216413,0.42233879310605793)
(0.8255873914563493,0.4165903574753733)
(0.8271318263650819,0.4108978034118612)
(0.8286352165207487,0.40526053483779306)
(0.830097987491984,0.39967796238235953)
(0.8315205590751951,0.394149503320546)
(0.8329033454232674,0.3886745815119665)
(0.8342467551710203,0.3832526273396891)
(0.8355511915574739,0.377883077649087)
(0.8368170525450359,0.3725653756867229)
(0.8380447309356556,0.36729897103931164)
(0.8392346144840312,0.36208331957277134)
(0.8403870860079543,0.3569178833713895)
(0.8415025234958406,0.3518021306771246)
(0.8425813002115254,0.34673553582906314)
(0.843623784796404,0.3417175792030505)
(0.8446303413689611,0.3367477471515229)
(0.8456013296217725,0.3318255319435338)
(0.8465371049160292,0.3269504317050246)
(0.8474380183736501,0.3221219503593242)
(0.8483044169670515,0.31733959756791175)
(0.8491366436066288,0.31260288867145597)
(0.8499350372259781,0.3079113446311168)
(0.8506999328649772,0.30326449197016203)
(0.8514316617507193,0.2986618627158828)
(0.8521305513763908,0.2941029943418287)
(0.8527969255781276,0.2895874297103571)
(0.8534311046099046,0.2851147170155357)
(0.8540334052165155,0.2806844097263688)
(0.8546041407046757,0.2762960665303862)
(0.8551436210123159,0.2719492512775846)
(0.8556521527760891,0.267643532924732)
(0.8561300393971529,0.2633784854800427)
(0.8565775811052541,0.2591536879482258)
(0.8569950750211845,0.25496872427591505)
(0.8573828152176053,0.2508231832974861)
(0.8577410927783232,0.24671665868125967)
(0.8580701958560327,0.2426487488761044)
(0.8583704097285649,0.2386190570584346)
(0.858642016853675,0.23462719107961774)
(0.8588852969224379,0.23067276341378629)
(0.8591005269112227,0.2267553911060614)
(0.8592879811323548,0.22287469572119703)
(0.859447931283441,0.21903030329263917)
(0.8595806464954306,0.21522184427201102)
(0.8596863933794197,0.2114489534790215)
(0.8597654360722485,0.20771127005180234)
(0.859818036280917,0.20400843739767593)
(0.8598444533258564,0.20034010314435008)
(0.859844944183068,0.19670591909155227)
(0.8598197635251986,0.19310554116308068)
(0.859769163761534,0.18953862935930157)
(0.8596933950769821,0.1860048477100663)
(0.8595927054700403,0.1825038642280584)
(0.8594673407898028,0.1790353508625659)
(0.8593175447719962,0.17559898345368055)
(0.8591435590741097,0.17219444168691328)
(0.8589456233096076,0.16882140904822768)
(0.8587239750812654,0.1654795727795004)
(0.8584788500136468,0.16216862383437855)
(0.8582104817847256,0.15888825683456687)
(0.8579191021567053,0.15563817002651137)
(0.857604941006008,0.1524180652385047)
(0.8572682263524992,0.1492276478381969)
(0.8569091843879273,0.14606662669051593)
(0.8565280395036179,0.14293471411600442)
(0.8561250143174348,0.13983162584956382)
(0.8557003297000194,0.13675708099961714)
(0.8552542048003383,0.1337108020076886)
(0.8547868570705544,0.1306925146083928)
(0.854298502290238,0.12770194778985558)
(0.8537893545899401,0.12473883375454112)
(0.8532596264741564,0.12180290788050312)
(0.8527095288436913,0.11889390868305615)
(0.852139271017453,0.11601157777685468)
(0.8515490607536929,0.11315565983838824)
(0.8509391042707182,0.11032590256888279)
(0.8503096062670861,0.10752205665759429)
(0.8496607699413017,0.10474387574550954)
(0.848992797011044,0.1019911163894126)
(0.8483058877319194,0.09926353802634458)
(0.8476002409157539,0.09656090293842065)
(0.8468760539484566,0.09388297621801049)
(0.84613352280743,0.09122952573326641)
(0.8453728420785505,0.08860032209400026)
(0.8445942049727211,0.08599513861789776)
(0.8437978033419982,0.08341375129706749)
(0.8429838276952871,0.08085593876492753)
(0.842152467213617,0.07832148226342388)
(0.841303909764837,0.07581016561074588)
(0.8404383419187207,0.07332177516863511)
(0.8395559489599365,0.0708560998114679)
(0.8386569149023969,0.0684129308943402)
(0.837741422502297,0.06599206222215935)
(0.8368096532709688,0.06359329001898201)
(0.8358617874873718,0.06121641289773184)
(0.8348980042102411,0.05886123183029633)
(0.833918481289925,0.056527550118017855)
(0.8329233953799257,0.054215173362557746)
(0.8319129219481702,0.051923909437150084)
(0.8308872352880459,0.049653568458224454)
(0.8298465085292059,0.047403962757396306)
(0.8287909136481857,0.04517490685380343)
(0.8277206214788256,0.04296621742677007)
(0.8266358017225335,0.04077771328879009)
(0.8255366229583747,0.038609215358793955)
(0.8244232526530039,0.036460546635691954)
(0.8232958571704215,0.03433153217216431)
(0.8221546017815585,0.0322219990486869)
(0.8209996506736534,0.030131776347775908)
(0.8198311669594269,0.028060695128445477)
(0.8186493126860083,0.026008588400874697)
(0.8174542488436077,0.023975291101281007)
(0.8162461353739098,0.021960640067024643)
(0.8150251311781639,0.019964474011937763)
(0.8137913941249754,0.01798663350191914)
(0.8125450810577772,0.016026960930803264)
(0.8112863478020002,0.014085300496540753)
(0.8100153491719414,0.01216149817771151)
(0.8087322389773731,0.010255401710396777)
(0.8074371700299044,0.008366860565433159)
(0.8061302941491494,0.00649572592606506)
(0.8048117621687403,0.004641850666001863)
(0.803481724583653,0.0028050891756581727)
(0.8021403289401761,0.0009852978114604093)
(0.8007877237967073,-0.0008176656133225605)
(0.7994240561049858,-0.002603941665049599)
(0.7980494718633836,-0.004373669324217129)
(0.7966641161227696,-0.006126986005988505)
(0.7952681329922611,-0.007864027580486014)
(0.7938616656448632,-0.009584928392834204)
(0.7924448563229874,-0.011289821282962052)
(0.7910178463438724,-0.012978837605161822)
(0.7895807761048955,-0.014652107247418987)
(0.7881337850887832,-0.01630975865049702)
(0.7866770118687215,-0.01795191882679611)
(0.7852105941133823,-0.019578713378981087)
(0.783734668591842,-0.021190266518378076)
(0.7822493711784245,-0.022786701083155756)
(0.7807548368574531,-0.02436813855626706)
(0.7792511997279244,-0.02593469908319167)
(0.7777385930080927,-0.027486501489436436)
(0.7762171490399826,-0.029023663297843068)
(0.7746869992938317,-0.030546300745667245)
(0.7731482743724548,-0.03205452880145072)
(0.7716011040155366,-0.03354846118168676)
(0.7700456171038638,-0.03502821036727651)
(0.768481941663483,-0.03649388761977968)
(0.7669102048698099,-0.03794560299746712)
(0.7653305330516614,-0.03938346537117047)
(0.7637430516952404,-0.040807582439929796)
(0.7621478854480592,-0.04221806074646035)
(0.7605451581228135,-0.04361500569240334)
(0.7589349927011904,-0.04499852155340599)
(0.7573175113376494,-0.046368711493997454)
(0.7556928353631331,-0.047725677582289995)
(0.7540610852887389,-0.04906952080448243)
(0.7524223808093469,-0.05040034107919087)
(0.7507768408072024,-0.051718237271589584)
(0.7491245833554592,-0.05302330720738078)
(0.7474657257216715,-0.05431564768658094)
(0.7458003843712713,-0.055595354497137525)
(0.7441286749709737,-0.056862522428360665)
(0.7424507123921831,-0.05811724528420814)
(0.740766610714335,-0.05935961589636661)
(0.7390764832282254,-0.060589726137198735)
(0.7373804424392894,-0.06180766693250014)
(0.7356786000708744,-0.06301352827410893)
(0.7339710670674561,-0.06420739923234071)
(0.7322579535978474,-0.06538936796827542)
(0.730539369058371,-0.06655952174587626)
(0.7288154220760084,-0.06771794694395647)
(0.7270862205115219,-0.06886472906799243)
(0.7253518714625538,-0.06999995276178186)
(0.7236124812667091,-0.0711237018189503)
(0.7218681555046059,-0.07223605919431153)
(0.7201189990029153,-0.07333710701507778)
(0.7183651158373674,-0.07442692659192153)
(0.7166066093357631,-0.0755055984299001)
(0.7148435820809366,-0.07657320223923016)
(0.7130761359137268,-0.07762981694592552)
(0.7113043719359141,-0.07867552070229433)
(0.7095283905131582,-0.0797103908973)
(0.7077482912779053,-0.0807345041667808)
(0.7059641731322902,-0.0817479364035438)
(0.7041761342510208,-0.08275076276731519)
(0.7023842720842552,-0.08374305769457088)
(0.7005886833604604,-0.08472489490822602)
(0.6987894640892611,-0.08569634742720222)
(0.6969867095642808,-0.08665748757587087)
(0.6951805143659683,-0.08760838699335693)
(0.69337097236442,-0.08854911664274415)
(0.69155817672218,-0.08947974682012744)
(0.689742219897054,-0.09040034716357193)
(0.6879231936448874,-0.09131098666192677)
(0.6861011890223601,-0.09221173366354878)
(0.6842762963897574,-0.09310265588488138)
(0.6824486054137412,-0.09398382041894256)
(0.6806182050701188,-0.09485529374367738)
(0.6787851836465886,-0.09571714173021686)
(0.6769496287455046,-0.09656942965100947)
(0.6751116272866098,-0.0974122221878571)
(0.6732712655097935,-0.09824558343983023)
(0.6714286289778059,-0.0990695769310828)
(0.6695838025790127,-0.09988426561856077)
(0.6677368705301084,-0.10068971189960257)
(0.6658879163788437,-0.1014859776194369)
(0.664037023006751,-0.10227312407858133)
(0.6621842726318549,-0.10305121204013902)
(0.6603297468113929,-0.10382030173699136)
(0.6584735264445203,-0.10458045287889801)
(0.6566156917750277,-0.10533172465949375)
(0.6547563223940389,-0.10607417576319782)
(0.652895497242724,-0.10680786437201592)
(0.6510332946149961,-0.10753284817226251)
(0.6491697921602139,-0.10824918436117639)
(0.6473050668858841,-0.10895692965345526)
(0.6454391951603559,-0.10965614028769534)
(0.6435722527155153,-0.1103468720327448)
(0.6417043146494922,-0.11102918019396037)
(0.6398354554293404,-0.11170311961939189)
(0.637965748893739,-0.11236874470586443)
(0.636095268255685,-0.1130261094049894)
(0.6342240861051855,-0.1136752672290798)
(0.6323522744119483,-0.11431627125699187)
(0.6304799045280707,-0.11494917413988077)
(0.6286070471907319,-0.11557402810687824)
(0.6267337725248904,-0.11619088497068215)
(0.6248601500459597,-0.11679979613307807)
(0.6229862486625093,-0.11740081259038174)
(0.621112136678949,-0.11799398493879136)
(0.6192378817982224,-0.11857936337968437)
(0.6173635511244907,-0.11915699772482069)
(0.6154892111658247,-0.11972693740148756)
(0.6136149278368965,-0.12028923145755793)
(0.6117407664616606,-0.1208439285664873)
(0.6098667917760526,-0.12139107703223072)
(0.6079930679306706,-0.12193072479409822)
(0.606119658493468,-0.12246291943153395)
(0.6042466264524395,-0.12298770816882681)
(0.6023740342183119,-0.12350513787976286)
(0.6005019436272333,-0.1240152550921961)
(0.5986304159434582,-0.12451810599256698)
(0.5967595118620387,-0.12501373643034538)
(0.5948892915115127,-0.12550219192242018)
(0.5930198144565917,-0.12598351765741128)
(0.5911511397008501,-0.12645775849993532)
(0.5892833256894066,-0.12692495899479456)
(0.5874164303116202,-0.12738516337111425)
(0.5855505109037731,-0.1278384155464188)
(0.5836856242517573,-0.1282847591306467)
(0.5818218265937593,-0.12872423743010114)
(0.5799591736229499,-0.12915689345135606)
(0.5780977204901685,-0.1295827699050955)
(0.5762375218066013,-0.1300019092098951)
(0.5743786316464778,-0.13041435349595493)
(0.5725211035497398,-0.1308201446087747)
(0.5706649905247365,-0.13121932411277204)
(0.5688103450508958,-0.13161193329484908)
(0.5669572190814125,-0.1319980131679077)
(0.5651056640459236,-0.13237760447431313)
(0.5632557308531874,-0.13275074768930079)
(0.5614074698937661,-0.13311748302433957)
(0.5595609310426879,-0.1334778504304406)
(0.5577161636621433,-0.13383188960141776)
(0.5558732166041372,-0.13417963997709798)
(0.5540321382131755,-0.13452114074648866)
(0.5521929763289253,-0.134856430850889)
(0.5503557782888958,-0.1351855489869671)
(0.548520590931088,-0.13550853360977463)
(0.5466874605966795,-0.13582542293573027)
(0.5448564331326676,-0.13613625494555004)
(0.5430275538945523,-0.13644106738714168)
(0.5412008677489709,-0.1367398977784387)
(0.5393764190763773,-0.1370327834102113)
(0.5375542517736819,-0.13731976134882504)
(0.53573440925691,-0.1376008684389526)
(0.5339169344638475,-0.13787614130625275)
(0.5321018698566953,-0.13814561636000786)
(0.5302892574247039,-0.13840932979571471)
(0.528479138686821,-0.13866731759763967)
(0.5266715546943322,-0.1389196155413385)
(0.524866546033491,-0.1391662591961294)
(0.5230641528281545,-0.13940728392753335)
(0.5212644147424126,-0.13964272489967633)
(0.519467370983216,-0.13987261707765114)
(0.5176730603029954,-0.14009699522984853)
(0.5158815210022838,-0.14031589393024793)
(0.5140927909323334,-0.1405293475606712)
(0.5123069074977262,-0.14073739031300686)
(0.5105239076589809,-0.14094005619139474)
(0.5087438279351607,-0.14113737901438042)
(0.506966704406473,-0.14132939241703002)
(0.5051925727168668,-0.14151612985302012)
(0.5034214680766235,-0.1416976245966884)
(0.5016534252649486,-0.1418739097450541)
(0.4998884786325541,-0.1420450182198076)
(0.49812666210423384,-0.14221098276927058)
(0.4963680091814468,-0.14237183597031677)
(0.49461255294488293,-0.14252761023027524)
(0.49286032605703134,-0.14267833778878894)
(0.49111136076473727,-0.14282405071965906)
(0.4893656889017635,-0.14296478093264564)
(0.4876233418913368,-0.1431005601752517)
(0.4858843507487025,-0.14323142003446918)
(0.4841487460836529,-0.1433573919385038)
(0.48241655810307477,-0.14347850715847446)
(0.48068781661347426,-0.1435947968100671)
(0.4789625510235003,-0.14370629185519218)
(0.47724079034647127,-0.14381302310358807)
(0.4755225632028802,-0.1439150212144114)
(0.47380789782291244,-0.14401231669780565)
(0.4720968220489388,-0.14410493991643206)
(0.47038936333801923,-0.1441929210869862)
(0.46868554876438956,-0.14427629028168423)
(0.4669854050219511,-0.14435507742972975)
(0.46528895842674217,-0.14442931231875109)
(0.46359623491941565,-0.14449902459622135)
(0.46190726006770344,-0.1445642437708468)
(0.46022205906888136,-0.1446249992139446)
(0.4585406567522103,-0.14468132016078591)
(0.45686307758139916,-0.14473323571192567)
(0.45518934565702923,-0.14478077483450394)
(0.45351948471900116,-0.14482396636353376)
(0.451853518148954,-0.1448628390031584)
(0.4501914689726907,-0.14489742132789485)
(0.4485333598625845,-0.1449277417838541)
(0.44687921313999146,-0.14495382868994247)
(0.4452290507776483,-0.14497571023903988)
(0.4435828944020628,-0.14499341449916267)
(0.441940765295903,-0.14500696941460334)
(0.44030268440036685,-0.14501640280705758)
(0.4386686723175625,-0.14502174237672172)
(0.4370387493128673,-0.1450230157033814)
(0.43541293531727904,-0.14502025024747967)
(0.4337912499297757,-0.1450134733511653)
(0.4321737124196409,-0.14500271223932093)
(0.43056034172881164,-0.14498799402058674)
(0.42895115647419607,-0.14496934568834505)
(0.4273461749499892,-0.14494679412170988)
(0.4257454151299908,-0.14492036608648948)
(0.4241488946698991,-0.14489008823612679)
(0.4225566309096112,-0.14485598711264294)
(0.42096864087550523,-0.1448180891475411)
(0.4193849412827201,-0.1447764206627111)
(0.41780554853742563,-0.1447310078713166)
(0.41623047873908453,-0.1446818768786622)
(0.4146597476827072,-0.1446290536830452)
(0.4130933708610946,-0.14457256417660055)
(0.4115313634670762,-0.1445124341461231)
(0.40997374039574197,-0.14444868927388194)
(0.4084205162466601,-0.14438135513841563)
(0.4068717053260891,-0.14431045721531455)
(0.4053273216491852,-0.1442360208779925)
(0.40378737894218764,-0.14415807139844838)
(0.40225189064462236,-0.1440766339480013)
(0.4007208699114614,-0.14399173359802814)
(0.39919432961530477,-0.14390339532067764)
(0.39767228234853824,-0.14381164398957985)
(0.39615474042548054,-0.1437165043805357)
(0.3946417158845339,-0.14361800117220544)
(0.3931332204903147,-0.14351615894676462)
(0.39162926573577894,-0.1434110021905776)
(0.3901298628443395,-0.1433025552948322)
(0.38863502277197465,-0.14319084255618345)
(0.3871447562093264,-0.143075888177368)
(0.3856590735837905,-0.14295771626782605)
(0.3841779850616,-0.1428363508442962)
(0.38270150054988894,-0.14271181583141448)
(0.381229629698767,-0.14258413506228731)
(0.37976238190336825,-0.14245333227906778)
(0.37829976630589035,-0.14231943113351433)
(0.3768417917976394,-0.14218245518754252)
(0.37538846702104856,-0.14204242791376406)
(0.3739398003717031,-0.14189937269602274)
(0.37249580000034305,-0.14175331282991077)
(0.37105647381485973,-0.14160427152328386)
(0.36962182948229644,-0.14145227189677045)
(0.3681918744308166,-0.14129733698425198)
(0.36676661585167847,-0.14113948973336848)
(0.36534606070120207,-0.14097875300597731)
(0.3639302157027169,-0.14081514957863242)
(0.36251908734850646,-0.14064870214304076)
(0.3611126819017382,-0.14047943330651919)
(0.35971100539839573,-0.14030736559242893)
(0.3583140636491868,-0.1401325214406239)
(0.3569218622414534,-0.13995492320786618)
(0.35553440654106494,-0.13977459316825677)
(0.3541517016943067,-0.13959155351364197)
(0.35277375262975813,-0.1394058263540257)
(0.35140056406015646,-0.13921743371795484)
(0.35003214048426157,-0.13902639755292748)
(0.34866848618870255,-0.1388327397257638)
(0.3473096052498113,-0.13863648202298948)
(0.34595550153546184,-0.13843764615120166)
(0.34460617870688914,-0.1382362537374391)
(0.34326164022049244,-0.1380323263295317)
(0.3419218893296484,-0.13782588539645763)
(0.34058692908649274,-0.13761695232867968)
(0.3392567623437125,-0.13740554843849434)
(0.3379313917563084,-0.13719169496035405)
(0.3366108197833729,-0.1369754130511976)
(0.33529504868982896,-0.13675672379077314)
(0.3339840805481871,-0.1365356481819423)
(0.3326779172402742,-0.13631220715099976)
(0.3313765604589595,-0.13608642154797265)
(0.33008001170987367,-0.13585831214691427)
(0.32878827231311486,-0.13562789964620398)
(0.3275013434049446,-0.13539520466882485)
(0.32621922593947794,-0.13516024776265348)
(0.3249419206903579,-0.1349230494007352)
(0.3236694282524267,-0.13468362998154956)
(0.3224017490433936,-0.1344420098292862)
(0.32113888330546325,-0.1341982091941003)
(0.31988083110700555,-0.13395224825237204)
(0.31862759234415944,-0.13370414710695921)
(0.31737916674247146,-0.13345392578744877)
(0.3161355538585046,-0.1332016042503922)
(0.31489675308143733,-0.13294720237955576)
(0.3136627636346654,-0.13269073998614503)
(0.31243358457737136,-0.1324322368090413)
(0.31120921480611735,-0.13217171251503018)
(0.30998965305639875,-0.13190918669902033)
(0.30877489790420687,-0.13164467888426137)
(0.3075649477675673,-0.1313782085225675)
(0.3063598009080879,-0.1311097949945133)
(0.3051594554324802,-0.13083945760965685)
(0.3039639092940817,-0.1305672156067336)
(0.30277316029436274,-0.13029308815385723)
(0.30158720608443107,-0.13001709434872433)
(0.3004060441665218,-0.1297392532187942)
(0.2992296718954764,-0.12945958372149136)
(0.29805808648021753,-0.1291781047443824)
(0.2968912849852175,-0.12889483510536748)
(0.29572926433194696,-0.12860979355285293)
(0.2945720213003184,-0.1283229987659319)
(0.29341955253013063,-0.12803446935455856)
(0.29227185452249627,-0.12774422385971682)
(0.29112892364124654,-0.12745228075359166)
(0.2899907561143598,-0.12715865843972882)
(0.2888573480353449,-0.12686337525320382)
(0.28772869536464324,-0.12656644946077503)
(0.28660479393100396,-0.12626789926104795)
(0.28548563943286537,-0.12596774278461853)
(0.28437122743971494,-0.1256659980942383)
(0.283261553393439,-0.1253626831849506)
(0.2821566126096833,-0.12505781598424834)
(0.2810564002791769,-0.1247514143522083)
(0.27996091146907315,-0.12444349608164196)
(0.27887014112425484,-0.12413407889822972)
(0.2777840840686663,-0.12382318046065537)
(0.27670273500659603,-0.12351081836075312)
(0.2756260885239837,-0.12319701012362885)
(0.2745541390896988,-0.1228817732077898)
(0.27348688105682567,-0.12256512500528931)
(0.27242430866392076,-0.12224708284183551)
(0.2713664160362805,-0.12192766397692326)
(0.27031319718718305,-0.12160688560396112)
(0.26926464601914596,-0.12128476485038447)
(0.2682207563251435,-0.12096131877778067)
(0.2671815217898453,-0.1206365643820074)
(0.2661469359908178,-0.12031051859329998)
(0.26511699239975967,-0.11998319827639256)
(0.26409168438366715,-0.11965462023062991)
(0.26307100520605353,-0.11932480119007606)
(0.2620549480281211,-0.11899375782362219)
(0.2610435059099357,-0.11866150673510019)
(0.26003667181159895,-0.11832806446337826)
(0.25903443859440284,-0.1179934474824765)
(0.25803679902198057,-0.11765767220166035)
(0.2570437457614515,-0.11732075496555137)
(0.25605527138455403,-0.11698271205422106)
(0.25507136836877026,-0.11664355968328842)
(0.25409202909844597,-0.11630331400402795)
(0.2531172458658997,-0.11596199110345111)
(0.2521470108725243,-0.11561960700441723)
(0.25118131622988643,-0.11527617766570991)
(0.2502201539608024,-0.11493171898214967)
(0.24926351600042446,-0.11458624678466695)
(0.2483113941973115,-0.11423977684040844)
(0.24736378031448933,-0.11389232485281083)
(0.24642066603050106,-0.11354390646170551)
(0.24548204294046147,-0.11319453724339412)
(0.24454790255709516,-0.11284423271073926)
(0.24361823631176116,-0.11249300831325038)
(0.24269303555549043,-0.11214087943716587)
(0.24177229155998553,-0.11178786140554121)
(0.24085599551864936,-0.11143396947832389)
(0.23994413854756294,-0.11107921885244708)
(0.23903671168649918,-0.11072362466189875)
(0.23813370589990326,-0.11036720197780914)
(0.2372351120778633,-0.1100099658085267)
(0.23634092103709242,-0.10965193109970045)
(0.23545112352188952,-0.10929311273435321)
(0.23456571020509434,-0.10893352553296437)
(0.23368467168904128,-0.10857318425354105)
(0.2328079985064956,-0.10821210359170011)
(0.2319356811215921,-0.10785029818073588)
(0.231067709930764,-0.10748778259170362)
(0.23020407526366332,-0.10712457133348395)
(0.2293447673840693,-0.10676067885286394)
(0.2284897764908079,-0.10639611953461037)
(0.22763909271863345,-0.10603090770153564)
(0.2267927061391386,-0.10566505761457502)
(0.2259506067616278,-0.1052985834728583)
(0.22511278453400207,-0.10493149941377555)
(0.22427922934363095,-0.10456381951305527)
(0.2234499310182151,-0.1041955577848259)
(0.22262487932664377,-0.10382672818169515)
(0.22180406397985122,-0.1034573445948106)
(0.22098747463165755,-0.10308742085393215)
(0.2201751008796048,-0.1027169707275036)
(0.2193669322657961,-0.10234600792271505)
(0.2185629582777145,-0.10197454608557535)
(0.2177631683490396,-0.10160259880097319)
(0.21696755186046748,-0.10123017959275624)
(0.21617609814050667,-0.10085730192378374)
(0.21538879646628278,-0.10048397919600359)
(0.21460563606432934,-0.100110224750516)
(0.2138266061113731,-0.09973605186763693)
(0.21305169573511387,-0.0993614737669672)
(0.21228089401500091,-0.09898650360745448)
(0.2115141899829972,-0.09861115448746587)
(0.21075157262433616,-0.09823543944484366)
(0.2099930308782888,-0.0978593714569806)
(0.20923855363889432,-0.09748296344087316)
(0.20848812975572334,-0.09710622825320299)
(0.20774174803459322,-0.09672917869037985)
(0.20699939723831312,-0.09635182748862613)
(0.20626106608740769,-0.0959741873240297)
(0.20552674326082665,-0.09559627081261413)
(0.204796417396661,-0.09521809051039602)
(0.2040700770928531,-0.09483965891346013)
(0.20334771090789422,-0.09446098845801201)
(0.2026293073615211,-0.09408209152044776)
(0.20191485493540157,-0.09370298041742196)
(0.20120434207382143,-0.09332366740589958)
(0.20049775718436083,-0.09294416468323485)
(0.19979508863856604,-0.09256448438722091)
(0.19909632477261638,-0.09218463859616859)
(0.19840145388798322,-0.09180463932895522)
(0.19771046425208952,-0.09142449854510079)
(0.19702334409895356,-0.09104422814482427)
(0.1963400816298363,-0.0906638399691099)
(0.1956606650138829,-0.09028334579977457)
(0.19498508238875012,-0.08990275735952442)
(0.19431332186123815,-0.08952208631202863)
(0.19364537150791278,-0.0891413442619744)
(0.19298121937572288,-0.0887605427551367)
(0.1923208534826097,-0.0883796932784421)
(0.1916642618181192,-0.08799880726003234)
(0.19101143234399795,-0.08761789606932657)
(0.190362352994794,-0.08723697101708872)
(0.18971701167844557,-0.086856043355497)
(0.18907539627686792,-0.08647512427819395)
(0.1884374946465365,-0.08609422492036951)
(0.18780329461906065,-0.08571335635881291)
(0.18717278400175888,-0.0853325296119861)
(0.1865459505782162,-0.0849517556400812)
(0.18592278210885801,-0.08457104534509355)
(0.18530326633149738,-0.0841904095708817)
(0.18468739096189093,-0.08380985910323975)
(0.18407514369428524,-0.083429404669958)
(0.18346651220195637,-0.08304905694088634)
(0.18286148413775163,-0.08266882652800889)
(0.18226004713462046,-0.08228872398550595)
(0.18166218880614046,-0.08190875980982014)
(0.18106789674704518,-0.0815289444397238)
(0.18047715853373839,-0.08114928825639188)
(0.1798899617248138,-0.08076980158345384)
(0.17930629386155678,-0.08039049468707997)
(0.17872614246846152,-0.0800113777760351)
(0.1781494950537206,-0.0796324610017558)
(0.17757633910972748,-0.07925375445841186)
(0.17700666211356436,-0.07887526818297769)
(0.17644045152749865,-0.07849701215529843)
(0.17587769479945503,-0.07811899629816807)
(0.17531837936350084,-0.07774123047738261)
(0.17476249264032548,-0.07736372450182216)
(0.17421002203769617,-0.07698648812351738)
(0.17366095495094364,-0.07660953103771573)
(0.1731152787634083,-0.07623286288295555)
(0.17257298084690811,-0.07585649324113246)
(0.17203404856218837,-0.07548043163757831)
(0.17149846925937204,-0.07510468754111534)
(0.17096623027840732,-0.07472927036415225)
(0.1704373189495103,-0.07435418946272608)
(0.16991172259359838,-0.07397945413660162)
(0.16938942852273337,-0.073605073629321)
(0.16887042404053873,-0.07323105712829157)
(0.16835469644264034,-0.07285741376484814)
(0.16784223301707332,-0.07248415261433477)
(0.16733302104471542,-0.07211128269616768)
(0.16682704779969756,-0.07173881297391581)
(0.16632430054980574,-0.07136675235537113)
(0.16582476655690281,-0.0709951096926274)
(0.16532843307732148,-0.07062389378214631)
(0.1648352873622707,-0.07025311336483626)
(0.16434531665822597,-0.06988277712612957)
(0.16385850820733378,-0.06951289369605708)
(0.16337484924778284,-0.06914347164931368)
(0.16289432701420717,-0.06877451950534882)
(0.16241692873806218,-0.0684060457284326)
(0.16194264164799332,-0.06803805872773729)
(0.16147145297023438,-0.06767056685740913)
(0.16100334992895007,-0.06730357841664994)
(0.16053831974664018,-0.06693710164978549)
(0.16007634964446876,-0.06657114474636017)
(0.15961742684264613,-0.06620571584119606)
(0.15916153856078577,-0.06584082301448378)
(0.158708672018254,-0.06547647429185571)
(0.15825881443452752,-0.06511267764446538)
(0.1578119530295357,-0.06474944098906724)
(0.15736807502401573,-0.06438677218809483)
(0.15692716763984502,-0.06402467904974413)
(0.1564892181003862,-0.0636631693280515)
(0.15605421363082173,-0.06330225072297052)
(0.15562214145848802,-0.06294193088045713)
(0.1551929888132012,-0.06258221739255228)
(0.15476674292759052,-0.06222311779745895)
(0.15434339103741915,-0.06186463957962811)
(0.15392292038190084,-0.061506790169835665)
(0.15350531820402574,-0.06114957694527029)
(0.15309057175086918,-0.06079300722961341)
(0.15267866827391077,-0.060437088293121964)
(0.15226959502933388,-0.06008182735271301)
(0.15186333927833906,-0.059727231572051516)
(0.15145988828744467,-0.05937330806162204)
(0.15105922932879423,-0.059020063878829174)
(0.1506613496804404,-0.05866750602807276)
(0.15026623662665645,-0.05831564146083285)
(0.1498738774582163,-0.05796447707576101)
(0.1494842594726903,-0.0576140197187603)
(0.149097369974731,-0.057264276183073844)
(0.14871319627635768,-0.05691525320937506)
(0.148331725697239,-0.056566957485846246)
(0.1479529455649671,-0.05621939564827292)
(0.14757684321534248,-0.05587257428013117)
(0.14720340599264278,-0.05552649991267164)
(0.14683262124989413,-0.05518117902500991)
(0.14646447634913956,-0.05483661804421471)
(0.14609895866171024,-0.05449282334539952)
(0.14573605556848598,-0.054149801251808585)
(0.14537575446015388,-0.053807558034906375)
(0.14501804273747132,-0.05346609991447397)
(0.14466290781152547,-0.05312543305868732)
(0.1443103371039768,-0.05278556358422299)
(0.1439603180473254,-0.052446497556336645)
(0.14361283808514555,-0.052108240988962926)
(0.14326788467234677,-0.05177079984479973)
(0.14292544527540982,-0.05143418003540861)
(0.1425855073726315,-0.051098387421303425)
(0.14224805845436495,-0.05076342781203842)
(0.14191308602326025,-0.050429306966311746)
(0.14158057759449563,-0.05009603059205007)
(0.14125052069601682,-0.04976360434650724)
(0.14092290286876244,-0.04943203383635739)
(0.1405977116668984,-0.04910132461778905)
(0.14027493465804478,-0.048771482196600005)
(0.13995455942349525,-0.04844251202829464)
(0.13963657355844744,-0.0481144195181762)
(0.13932096467221874,-0.04778721002144906)
(0.1390077203884698,-0.047460888843306036)
(0.13869682834541316,-0.0471354612390301)
(0.1383882761960393,-0.046810932414098186)
(0.13808205160831968,-0.04648730752426317)
(0.13777814226542248,-0.046164591675668054)
(0.13747653586592157,-0.04584278992493251)
(0.13717722012400027,-0.04552190727925442)
(0.13688018276965866,-0.0452019486965133)
(0.13658541154891707,-0.044882919085363994)
(0.13629289422401406,-0.0445648233053406)
(0.13600261857360793,-0.0442476661669496)
(0.13571457239297607,-0.04393145243177929)
(0.13542874349420728,-0.043616186812592946)
(0.1351451197063934,-0.04330187397343531)
(0.1348636888758314,-0.04298851852972861)
(0.13458443886619703,-0.042676125048378234)
(0.13430735755875123,-0.04236469804787366)
(0.13403243285251315,-0.042054241998390245)
(0.13375965266444703,-0.04174476132189249)
(0.13348900492965549,-0.04143626039223787)
(0.13322047760154737,-0.041128743535277484)
(0.13295405865202353,-0.040822215028964264)
(0.13268973607165752,-0.040516679103450165)
(0.13242749786986796,-0.04021213994120193)
(0.13216733207509068,-0.03990860167709533)
(0.1319092267349601,-0.03960606839852249)
(0.13165316991647463,-0.03930454414550003)
(0.13139914970616523,-0.039004032910776025)
(0.13114715421026676,-0.03870453863993043)
(0.1308971715548853,-0.038406065231490025)
(0.13064918988615995,-0.0381086165370273)
(0.13040319737043285,-0.037812196361270596)
(0.13015918219439707,-0.037516808462213246)
(0.12991713256527354,-0.03722245655121945)
(0.12967703671096267,-0.03692914429313732)
(0.12943888288019845,-0.036636875306395644)
(0.12920265934271183,-0.036345653163127496)
(0.12896835438937776,-0.03605548138926911)
(0.12873595633237422,-0.0357663634646797)
(0.12850545350533094,-0.03547830282323261)
(0.12827683426347916,-0.035191302852948005)
(0.12805008698380235,-0.03490536689609115)
(0.12782520006518486,-0.03462049824928599)
(0.1276021619285516,-0.0343367001636235)
(0.12738096101701912,-0.03405397584477667)
(0.12716158579603634,-0.03377232845311543)
(0.12694402475352654,-0.033491761103809484)
(0.12672826640002835,-0.033212276866950795)
(0.12651429926883273,-0.03293387876766155)
(0.1263021119161285,-0.03265656978621032)
(0.1260916929211263,-0.03238035285811948)
(0.12588303088620578,-0.03210523087428751)
(0.1256761144370456,-0.03183120668109835)
(0.1254709322227498,-0.03155828308053567)
(0.12526747291599277,-0.031286462830302786)
(0.12506572521313755,-0.031015748643930075)
(0.12486567783436982,-0.030746143190898967)
(0.12466731952382555,-0.030477649096750027)
(0.12447063904971795,-0.030210268943206216)
(0.12427562520445982,-0.029944005268287496)
(0.12408226680479713,-0.029678860566421647)
(0.12389055269191712,-0.029414837288570556)
(0.1237004717315842,-0.029151937842343666)
(0.12351201281425006,-0.028890164592115117)
(0.12332516485518343,-0.028629519859140987)
(0.12313991679457889,-0.02837000592168479)
(0.12295625759767875,-0.02811162501512623)
(0.12277417625489197,-0.027854379332086593)
(0.12259366178190559,-0.02759827102255145)
(0.12241470321979799,-0.027343302193978423)
(0.12223728963515425,-0.0270894749114325)
(0.12206141012017477,-0.026836791197692802)
(0.12188705379279109,-0.02658525303338599)
(0.1217142097967722,-0.02633486235709395)
(0.12154286730183139,-0.026085621065487074)
(0.121373015503741,-0.025837531013438317)
(0.12120464362442786,-0.025590594014151268)
(0.12103774091209007,-0.025344811839276678)
(0.12087229664129295,-0.025100186219035536)
(0.12070830011307852,-0.024856718842346852)
(0.12054574065506483,-0.024614411356947672)
(0.12038460762154805,-0.024373265369518702)
(0.1202248903936006,-0.024133282445800208)
(0.12006657837917609,-0.02389446411073)
(0.11990966101320456,-0.02365681184855556)
(0.11975412775768952,-0.023420327102965485)
(0.11959996810180724,-0.02318501127721185)
(0.11944717156199477,-0.022950865734236256)
(0.11929572768205689,-0.02271789179679623)
(0.11914562603325025,-0.022486090747589373)
(0.11899685621438175,-0.022255463829382722)
(0.11884940785189639,-0.02202601224513535)
(0.11870327059996753,-0.021797737158128303)
(0.1185584341405946,-0.021570639692089846)
(0.11841488818368383,-0.0213447209313248)
(0.11827262246714002,-0.021119981920840077)
(0.11813162675695849,-0.020896423666475795)
(0.11799189084729853,-0.020674047135026737)
(0.11785340456058799,-0.020452853254380857)
(0.11771615774758727,-0.020232842913640334)
(0.11758014028749403,-0.020014016963255107)
(0.11744534208800553,-0.019796376215148598)
(0.11731175308541965,-0.019579921442849382)
(0.11717936324470513,-0.01936465338162331)
(0.11704816255958414,-0.01915057272860244)
(0.11691814105261399,-0.018937680142911327)
(0.11678928877526351,-0.018725976245802457)
(0.11666159580799722,-0.018515461620787998)
(0.1165350522603396,-0.018306136813768678)
(0.11640964827096838,-0.0180980023331673)
(0.11628537400777576,-0.01789105865005596)
(0.11616221966795552,-0.017685306198296617)
(0.11604017547806317,-0.01748074537466468)
(0.1159192316941026,-0.017277376538990218)
(0.11579937860159209,-0.01707520001428359)
(0.1156806065156356,-0.01687421608687252)
(0.11556290578099544,-0.01667442500653621)
(0.11544626677215841,-0.016475826986635838)
(0.1153306798934181,-0.01627842220425275)
(0.11521613557892532,-0.016082210800319047)
(0.11510262429277085,-0.015887192879753674)
(0.11499013652904155,-0.01569336851160076)
(0.11487866281189761,-0.015500737729156541)
(0.1147681936956277,-0.015309300530113356)
(0.11465871976472222,-0.01511905687668974)
(0.11455023163393149,-0.014930006695767403)
(0.11444271994833315,-0.014742149879029361)
(0.11433617538339727,-0.014555486283094391)
(0.11423058864503657,-0.014370015729653457)
(0.11412595046968368,-0.014185738005609136)
(0.11402225162434153,-0.014002652863207402)
(0.11391948290664264,-0.013820760020181217)
(0.113817635144917,-0.013640059159885275)
(0.11371669919824279,-0.01346054993142898)
(0.11361666595650316,-0.013282231949829288)
(0.11351752634045098,-0.013105104796125469)
(0.11341927130176047,-0.012929168017545222)
(0.11332189182308047,-0.012754421127617413)
(0.11322537891809574,-0.01258086360633282)
(0.11312972363157793,-0.0124084949002657)
(0.1130349170394365,-0.012237314422725356)
(0.11294095024877886,-0.012067321553888724)
(0.11284781439795298,-0.011898515640949372)
(0.11275550065661107,-0.011730895998242969)
(0.1126640002257495,-0.01156446190740148)
(0.11257330433776952,-0.011399212617487905)
(0.11248340425651172,-0.011235147345132849)
(0.11239429127732581,-0.011072265274688695)
(0.11230595672709981,-0.010910565558353147)
(0.11221839196431953,-0.01075004731632648)
(0.11213158837911483,-0.010590709636942188)
(0.11204553739329721,-0.010432551576815217)
(0.11196023046041831,-0.010275572160981399)
(0.11187565906580321,-0.010119770383041793)
(0.11179181472660507,-0.009965145205301177)
(0.11170868899184073,-0.009811695558913295)
(0.1116262734424407,-0.009659420344026544)
(0.11154455969128906,-0.00950831842992003)
(0.11146353938326485,-0.0093583886551553)
(0.1113832041952812,-0.009209629827711984)
(0.11130354583633367,-0.009062040725135076)
(0.11122455604753216,-0.008915620094684091)
(0.11114622660214596,-0.00877036665346255)
(0.11106854930564232,-0.008626279088579785)
(0.11099151599571985,-0.00848335605727952)
(0.11091511854235359,-0.008341596187101626)
(0.11083934884782444,-0.008200998076003633)
(0.11076419884676289,-0.00806156029253298)
(0.11068966050618118,-0.007923281375950813)
(0.11061572582550787,-0.007786159836386256)
(0.11054238683662458,-0.007650194154983247)
(0.11046963560389846,-0.007515382784033951)
(0.11039746422421721,-0.007381724147149765)
(0.11032586482702257,-0.007249216639378972)
(0.11025482957433985,-0.007117858627372609)
(0.11018435066081336,-0.006987648449519573)
(0.11011442031373055,-0.006858584416100422)
(0.11004503079306545,-0.006730664809430732)
(0.10997617439149156,-0.006603887884008209)
(0.10990784343443033,-0.006478251866657482)
(0.1098400302800609,-0.006353754956683656)
(0.109772727319362,-0.006230395326013938)
(0.10970592697613839,-0.006108171119345092)
(0.10963962170703768,-0.005987080454295481)
(0.10957380400158782,-0.005867121421545798)
(0.10950846638221783,-0.005748292084995503)
(0.10944360140428316,-0.005630590481904473)
(0.10937920165609617,-0.0055140146230437765)
(0.10931525975894031,-0.00539856249284284)
(0.10925176836710192,-0.005284232049536544)
(0.10918872016788887,-0.005171021225322442)
(0.10912610788165508,-0.005058927926493005)
(0.1090639242618229,-0.004947950033603041)
(0.10900216209490432,-0.0048380854016042635)
(0.10894081420051763,-0.00472933186000266)
(0.10887987343141345,-0.0046216872130047226)
(0.10881933267349059,-0.004515149239664851)
(0.10875918484581532,-0.0044097156940394126)
(0.10869942290064752,-0.0043053843053345925)
(0.10864003982343852,-0.004202152778051706)
(0.10858102863287786,-0.004100018792146295)
(0.10852238238088059,-0.0039989800031669685)
(0.10846409415262831,-0.0038990340424137253)
(0.10840615706656208,-0.0038001785170857817)
(0.10834856427442276,-0.003702411010430477)
(0.10829130896123855,-0.003605729081893697)
(0.10823438434536083,-0.003510130267271307)
(0.10817778367846892,-0.003415612078861103)
(0.10812150024557657,-0.003322172005608366)
(0.10806552736505931,-0.003229807513264781)
(0.1080098583886533,-0.003138516044529604)
(0.10795448670147388,-0.00304829501921052)
(0.1078994057220258,-0.0029591418343618133)
(0.10784460890220007,-0.0028710538644503725)
(0.10779008972730841,-0.002784028461494915)
(0.10773584171607166,-0.002698062955226601)
(0.1076818584206376,-0.0026131546532296357)
(0.10762813342658316,-0.0025293008411006166)
(0.10757466035293069,-0.0024464987826003297)
(0.10752143285214148,-0.0023647457197995482)
(0.10746844461014314,-0.0022840388732358213)
(0.1074156893463081,-0.0022043754420606057)
(0.10736316081347927,-0.0021257526041976896)
(0.1073108527979706,-0.0020481675164838475)
(0.10725875911956384,-0.001971617314835368)
(0.10720687363152136,-0.0018960991143859244)
(0.10715519022058251,-0.0018216100096481067)
(0.10710370280696889,-0.001748147074657641)
(0.10705240534438933,-0.0016757073631328701)
(0.10700129182003394,-0.0016042879086212167)
(0.10695035625458112,-0.0015338857246575157)
(0.10689959270219583,-0.001464497804907971)
(0.10684899525052542,-0.0013961211233260125)
(0.1067985580207116,-0.0013287526343080758)
(0.10674827516737105,-0.0012623892728395097)
(0.10669814087860964,-0.0011970279546529437)
(0.10664814937600738,-0.0011326655763753046)
(0.10659829491462852,-0.0010692990156818173)
(0.10654857178300448,-0.001006925131448458)
(0.10649897430313764,-0.0009455407639078474)
(0.10644949683049644,-0.0008851427347960132)
(0.10640013375401185,-0.000825727847507085)
(0.10635087949606412,-0.000767292887244691)
(0.10630172851248659,-0.0007098346211778402)
(0.1062526752925489,-0.0006533497985882941)
(0.1062037143589614,-0.00059783515102604)
(0.10615484026785532,-0.0005432873924595012)
(0.10610604760878005,-0.0004897032194347955)
(0.10605733100469927,-0.0004370793112165988)
(0.10600868511197227,-0.0003854123299482337)
(0.10596010462035246,-0.00033469892080351625)
(0.10591158425296374,-0.0002849357121386664)
(0.10586311876630831,-0.00023611931564013994)
(0.10581470295024273,-0.00018824632648585415)
(0.105766331627968,-0.00014131332348534968)
(0.10571799965601575,-0.0000953168692497541)
(0.10566970192423876,-0.00005025351031921315)
(0.10562143335579484,-6.119777339425193e-6)
(0.10557318890713256,0.00003708781479867765)
(0.10552496356797941,0.00007937276680732949)
(0.10547675236132134,0.00012073859484575875)
(0.10542855034339343,0.00016118883036901318)
(0.10538035260365525,0.0002007270199754103)
(0.10533215426478508,0.0002393567252607904)
(0.10528395048264798,0.0002770815226552328)
(0.10523573644629292,0.00031390500328252265)
(0.1051875073779267,0.00034983077279689926)
(0.10513925853289163,0.0003848624512493884)
(0.10509098519965675,0.00041900367291188934)
(0.105042682699783,0.00045225808614524716)
(0.10499434638791755,0.00048462935323694483)
(0.10494597165176318,0.0005161211502594102)
(0.10489755391206101,0.0005467371669048514)
(0.10484908862256392,0.0005764811063475714)
(0.10480057127001773,0.0006053566850798685)
(0.1047519973741401,0.0006333676327789766)
(0.1047033624875926,0.0006605176921316337)
(0.10465466219595357,0.0006868106187041218)
(0.10460589211769952,0.0007122501807812566)
(0.1045570479041783,0.0007368401592189958)
(0.10450812523958353,0.0007605843472886223)
(0.10445911984092535,0.000783486550534976)
(0.1044100274580041,0.0008055505866161047)
(0.10436084387338616,0.0008267802851572166)
(0.10431156490237364,0.0008471794876056001)
(0.10426218639297677,0.0008667520470710656)
(0.10421270422588291,0.0008855018281805459)
(0.10416311431442875,0.0009034327069266794)
(0.10411341260457017,0.0009205485705229878)
(0.10406359507485227,0.0009368533172456674)
(0.10401365773637619,0.0009523508562894672)
(0.10396359663276897,0.0009670451076147986)
(0.1039134078401513,0.0009809400018058864)
(0.10386308746710697,0.000994039479911931)
(0.10381263165463983,0.0010063474933001515)
(0.10376203657616025,0.0010178680035125268)
(0.10371129843742667,0.0010286049821096384)
(0.10366041347652892,0.001038562410529279)
(0.10360937796384356,0.0010477442799302814)
(0.10355818820200426,0.00105615459104851)
(0.10350684052585858,0.0010637973540484832)
(0.10345533130243757,0.0010706765883737267)
(0.10340365693091343,0.0010767963226000635)
(0.10335181384257011,0.0010821605942843806)
(0.10329979850075013,0.001086773449823553)
(0.10324760740083022,0.0010906389443029265)
(0.10319523707017314,0.0010937611413460026)
(0.10314268406809475,0.0010961441129713923)
(0.1030899449858158,0.0010977919394471365)
(0.103037016446426,0.001098708709138974)
(0.10298389510484249,0.0010988985183678485)
(0.10293057764776337,0.0010983654712601323)
(0.10287706079363325,0.0010971136796038671)
(0.10282334129259366,0.0010951472627039672)
(0.10276941592644082,0.0010924703472305261)
(0.10271528150858357,0.0010890870670770259)
(0.10266093488399558,0.0010850015632179954)
(0.10260637292917574,0.001080217983556376)
(0.1025515925520951,0.001074740482784667)
(0.10249659069216208,0.0010685732222353683)
(0.10244136432015838,0.0010617203697395443)
(0.10238591043821425,0.001054186099479307)
(0.10233022607974009,0.0010459745918505723)
(0.10227430830939326,0.0010370900333064742)
(0.10221815422301929,0.00102753661622578)
(0.10216176094760984,0.0010173185387613532)
(0.1021051256412511,0.0010064400046997898)
(0.10204824549307631,0.0009949052233220665)
(0.10199111772320338,0.000982718409249052)
(0.10193373958269751,0.0009698837823109598)
(0.101876108353519,0.0009564055673994033)
(0.10181822134846076,0.0009422879943230589)
(0.10176007591110749,0.0009275352976733183)
(0.10170166941577193,0.0009121517166691779)
(0.10164299926744821,0.00089614149503317)
(0.10158406290176097,0.0008795088808329495)
(0.10152485778489764,0.0008622581263531193)
(0.10146538141356912,0.0008443934879454925)
(0.10140563131494204,0.0008259192258960333)
(0.10134560504659498,0.0008068396042758172)
(0.10128530019644676,0.00078715889080853)
(0.10122471438271115,0.0007668813567304546)
(0.10116384525383827,0.0007460112766472958)
(0.10110269048844903,0.0007245529283921381)
(0.10104124779528768,0.0007025105928943007)
(0.10097951491314983,0.0006798885540397894)
(0.10091748961084157,0.0006566910985221271)
(0.10085516968709862,0.0006329225157187023)
(0.10079255297053619,0.0006085870975408033)
(0.10072963731959622,0.0005836891383086535)
(0.10066642062247107,0.0005582329345996407)
(0.10060290079705099,0.0005322227851238872)
(0.10053907579085589,0.0005056629905807022)
(0.10047494358097961,0.00047855785351949554)
(0.10041050217402091,0.00045091167821565385)
(0.10034574960602655,0.0004227287705215858)
(0.10028068394241792,0.00039401343773684674)
(0.10021530327793252,0.0003647699884731915)
(0.10014960573655506,0.00033500273252301787)
(0.10008358947146187,0.0003047159807157229)
(0.10001725266494145,0.0002739140447902545)
(0.09995059352833564,0.00024260123726146322)
(0.09988361030197088,0.0002107818712828358)
(0.09981630125509194,0.0001784602605154758)
(0.09974866468579138,0.00014564071899232238)
(0.09968069892094789,0.00011232756099344934)
(0.09961240231614513,0.00007852510090175861)
(0.09954377325561391,0.000044237653080091807)
(0.09947481015216472,9.469531737811306e-6)
(0.09940551144710019,-0.000025774949201782195)
(0.0993358756101642,-0.00006149147623444386)
(0.09926590113945849,-0.0000976757364023611)
(0.09919558656138056,-0.00013432341742433899)
(0.09912493043053787,-0.00017143020782720738)
(0.09905393132969308,-0.00020899179707565733)
(0.09898258786967633,-0.0002470038756996005)
(0.09891089868932107,-0.0002854621354274957)
(0.09883886245538508,-0.0003243622693050526)
(0.09876647786247712,-0.00036369997184005243)
(0.09869374363298983,-0.0004034709391093094)
(0.09862065851701465,-0.0004436708689065547)
(0.09854722129226813,-0.00048429546085039483)
(0.09847343076401913,-0.0005253404165280428)
(0.09839928576501591,-0.000566801439610412)
(0.09832478515539762,-0.0006086742359843725)
(0.09824992782263411,-0.0006509545138702857)
(0.09817471268143296,-0.0006936379839589235)
(0.09809913867366456,-0.0007367203595244516)
(0.09802320476829486,-0.0007801973565582925)
(0.09794690996128542,-0.0008240646938844962)
(0.09787025327554301,-0.0008683180932940648)
(0.09779323376080966,-0.0009129532796584861)
(0.09771585049360351,-0.0009579659810543703)
(0.09763810257713149,-0.0010033519288912913)
(0.0975599891412032,-0.0010491068580294452)
(0.09748150934216071,-0.0010952265068978854)
(0.09740266236278597,-0.0011417066176271425)
(0.09732344741222579,-0.0011885429361579841)
(0.09724386372590575,-0.0012357312123672383)
(0.0971639105654487,-0.0012832672001877818)
(0.09708358721858898,-0.0013311466577287515)
(0.09700289299909229,-0.0013793653473944947)
(0.09692182724667223,-0.0014279190359955411)
(0.09684038932689785,-0.0014768034948816045)
(0.09675857863112014,-0.001526014500050661)
(0.09667639457637064,-0.0015755478322624016)
(0.09659383660530134,-0.00162539927716548)
(0.09651090418606273,-0.0016755646254074115)
(0.09642759681225486,-0.001726039672752676)
(0.09634391400281699,-0.0017768202201981858)
(0.09625985530194053,-0.0018279020740854712)
(0.09617542027899544,-0.001879281046225148)
(0.09609060852842603,-0.0019309529540004842)
(0.09600541966967958,-0.0019829136204861566)
(0.09591985334709972,-0.0020351588745631173)
(0.09583390922984875,-0.002087684551027691)
(0.09574758701181278,-0.002140486490710391)
(0.095660886411518,-0.002193560540581013)
(0.0955738071720354,-0.002246902553865046)
(0.09548634906088868,-0.0023005083901532324)
(0.09539851186996735,-0.0023543739155154303)
(0.0953102954154342,-0.0024084950026020263)
(0.09522169953763178,-0.0024628675307688903)
(0.09513272410099298,-0.0025174873861727775)
(0.09504336899394229,-0.0025723504618856206)
(0.09495363412881605,-0.0026274526580052173)
(0.09486351944175495,-0.0026827898817608988)
(0.09477302489261871,-0.0027383580476187394)
(0.09468215046489212,-0.002794153077395557)
(0.09459089616558292,-0.002850170900359269)
(0.09449926202514145,-0.002906407453335634)
(0.0944072480973498,-0.002962858680820533)
(0.0943148544592391,-0.003019520535073917)
(0.09422208121099415,-0.003076388976231556)
(0.09412892847584123,-0.003133459972413114)
(0.09403539639996822,-0.0031907294998153044)
(0.09394148515243199,-0.0032481935428248843)
(0.0938471949250406,-0.00330584809411641)
(0.09375252593226883,-0.003363689154751024)
(0.09365747841117324,-0.00342171273429185)
(0.0935620526212707,-0.0034799148508874674)
(0.09346624884445338,-0.0035382915313845404)
(0.09337006738488858,-0.0035968388114249886)
(0.09327350856891649,-0.0036555527355475867)
(0.09317657274496285,-0.003714429357279955)
(0.09307926028341806,-0.0037734647392472695)
(0.09298157157655923,-0.0038326549532624213)
(0.09288350703844028,-0.003891996080430102)
(0.09278506710479627,-0.003951484211237304)
(0.09268625223293064,-0.004011115445659042)
(0.09258706290162597,-0.004070885893241669)
(0.092487499611043,-0.0041307916732138735)
(0.092387562882617,-0.004190828914568739)
(0.09228725325894921,-0.004250993756164509)
(0.09218657130371763,-0.004311282346820469)
(0.09208551760156805,-0.004371690845406384)
(0.09198409275800877,-0.004432215420933024)
(0.09188229739931146,-0.004492852252656467)
(0.09178013217240018,-0.00455359753015566)
(0.09167759774477036,-0.004614447453435484)
(0.0915746948043607,-0.00467539823300986)
(0.09147142405946003,-0.0047364460899948025)
(0.09136778623859748,-0.004797587256200175)
(0.09126378209045188,-0.004858817974218842)
(0.09115941238372902,-0.004920134497509673)
(0.09105467790707097,-0.004981533090495751)
(0.09094957946894029,-0.0050430100286403354)
(0.0908441178975281,-0.005104561598546091)
(0.09073829404062841,-0.0051661840980322905)
(0.090632108765553,-0.005227873836227359)
(0.09052556295901752,-0.005289627133647532)
(0.0904186575270212,-0.0053514403222890815)
(0.09031139339476632,-0.005413309745712585)
(0.09020377150653251,-0.005475231759115363)
(0.0900957928255765,-0.005537202729432595)
(0.08998745833401837,-0.0055992190354042844)
(0.08987876903274893,-0.005661277067666253)
(0.08976972594130138,-0.005723373228832214)
(0.08966033009776053,-0.005785503933569124)
(0.08955058255864876,-0.005847665608680229)
(0.0894404843988164,-0.005909854693191078)
(0.08933003671132979,-0.005972067638416795)
(0.08921924060737196,-0.006034300908056349)
(0.08910809721612471,-0.006096550978253427)
(0.08899660768466798,-0.0061588143376906206)
(0.08888477317785877,-0.006221087487653764)
(0.08877259487823179,-0.006283366942120952)
(0.08866007398589307,-0.0063456492278225925)
(0.08854721171838789,-0.00640793088433539)
(0.08843400931061787,-0.006470208464141781)
(0.08832046801471474,-0.006532478532715413)
(0.08820658909993541,-0.006594737668580951)
(0.08809237385254534,-0.006656982463408546)
(0.08797782357571918,-0.006719209522067431)
(0.08786293958941445,-0.006781415462705472)
(0.08774772323027448,-0.0068435969168201445)
(0.0876321758515098,-0.006905750529330059)
(0.08751629882277819,-0.006967872958646525)
(0.08740009353010128,-0.007029960876737277)
(0.08728356137571676,-0.007092010969203311)
(0.08716670377799567,-0.007154019935342721)
(0.08704952217130632,-0.007215984488219022)
(0.08693201800592085,-0.007277901354734802)
(0.08681419274789799,-0.007339767275684029)
(0.08669604787896641,-0.007401579005836392)
(0.08657758489640374,-0.007463333313994224)
(0.0864588053129476,-0.007525026983047649)
(0.08633971065666209,-0.007586656810063282)
(0.08622030247083015,-0.0076482196063199955)
(0.08610058231384535,-0.007709712197399736)
(0.08598055175909004,-0.007771131423225978)
(0.08586021239482695,-0.007832474138143376)
(0.08573956582408514,-0.007893737210972132)
(0.0856186136645516,-0.007954917525065474)
(0.08549735754844266,-0.008016011978377246)
(0.08537579912240081,-0.008077017483518712)
(0.0852539400473847,-0.00813793096781901)
(0.08513178199853741,-0.008198749373379942)
(0.08500932666510314,-0.008259469657137102)
(0.08488657575026795,-0.008320088790915402)
(0.08476353097109289,-0.00838060376149547)
(0.08464019405836536,-0.008441011570649054)
(0.08451656675650017,-0.0085013092352143)
(0.08439265082341899,-0.008561493787147158)
(0.08426844803043398,-0.00862156227356736)
(0.08414396016214952,-0.008681511756818165)
(0.08401918901631576,-0.00874133931451586)
(0.08389413640374949,-0.00880104203961719)
(0.08376880414818218,-0.008860617040446198)
(0.08364319408618204,-0.00892006144076447)
(0.0835173080670099,-0.008979372379817923)
(0.08339114795251432,-0.009038547012386195)
(0.08326471561702133,-0.009097582508830056)
(0.08313801294721103,-0.009156476055141475)
(0.08301104184200382,-0.009215224852995888)
(0.08288380421244874,-0.009273826119795998)
(0.0827563019816024,-0.00933227708872077)
(0.08262853708441652,-0.009390575008768972)
(0.08250051146762452,-0.009448717144811764)
(0.08237222708961724,-0.009506700777631709)
(0.08224368592033497,-0.009564523203971395)
(0.08211488994115697,-0.009622181736574859)
(0.08198584114476618,-0.009679673704231407)
(0.08185654153505156,-0.009736996451825467)
(0.08172699312698627,-0.009794147340369895)
(0.08159719794651145,-0.009851123747051294)
(0.08146715803041579,-0.009907923065272892)
(0.08133687542623023,-0.009964542704691891)
(0.08120635219209987,-0.010020980091265515)
(0.08107559039668284,-0.010077232667276954)
(0.08094459211901467,-0.010133297891398826)
(0.08081335944840916,-0.010189173238699582)
(0.08068189448433813,-0.010244856200708714)
(0.08055019933631093,-0.010300344285439153)
(0.08041827612375935,-0.010355635017425513)
(0.08028612697592498,-0.010410725937765033)
(0.08015375403174618,-0.010465614604144703)
(0.08002115943973138,-0.01052029859088529)
(0.07988834535785642,-0.010574775488968265)
(0.07975531395343549,-0.010629042906071728)
(0.07962206740301583,-0.01068309846660086)
(0.07948860789225572,-0.010736939811727814)
(0.07935493761581543,-0.010790564599409845)
(0.0792210587772289,-0.010843970504434029)
(0.07908697358880455,-0.01089715521843581)
(0.0789526842714952,-0.010950116449942126)
(0.07881819305479243,-0.011002851924389274)
(0.07868350217660104,-0.011055359384153375)
(0.07854861388313786,-0.011107636588583344)
(0.07841353042880002,-0.011159681314022504)
(0.0782782540760602,-0.011211491353839847)
(0.07814278709535286,-0.011263064518452388)
(0.07800713176494808,-0.011314398635355079)
(0.07787129037084556,-0.011365491549142594)
(0.07773526520665652,-0.011416341121534687)
(0.07759905857348617,-0.011466945231396282)
(0.07746267277983178,-0.011517301774765834)
(0.07732611014143913,-0.01156740866488303)
(0.07718937298122273,-0.011617263832190949)
(0.07705246362912845,-0.011666865224380468)
(0.07691538442201917,-0.01171621080639457)
(0.07677813770357207,-0.01176529856046156)
(0.07664072582415757,-0.011814126486102985)
(0.07650315114072181,-0.011862692600156152)
(0.07636541601667296,-0.011910994936797729)
(0.07622752282177998,-0.01195903154755526)
(0.0760894739320367,-0.012006800501329358)
(0.07595127172956423,-0.012054299884404531)
(0.07581291860249434,-0.012101527800469077)
(0.07567441694484872,-0.012148482370631588)
(0.07553576915643252,-0.012195161733431548)
(0.07539697764272096,-0.012241564044858324)
(0.07525804481473539,-0.012287687478364706)
(0.0751189730889521,-0.012333530224871516)
(0.07497976488715437,-0.012379090492786127)
(0.07484042263635711,-0.012424366508024053)
(0.07470094876867085,-0.012469356513999708)
(0.07456134572119696,-0.012514058771657035)
(0.07442161593591141,-0.012558471559461692)
(0.07428176185955138,-0.012602593173428217)
(0.07414178594351378,-0.01264642192711539)
(0.07400169064372636,-0.012689956151639842)
(0.07386147842054777,-0.012733194195686214)
(0.07372115173864913,-0.012776134425508467)
(0.07358071306691319,-0.012818775224940331)
(0.0734401648783102,-0.012861114995403976)
(0.0732995096497829,-0.012903152155909786)
(0.0731587498621584,-0.012944885143062308)
(0.07301788800001378,-0.012986312411065844)
(0.07287692655157443,-0.01302743243173419)
(0.07273586800860371,-0.013068243694481205)
(0.07259471486628842,-0.013108744706332168)
(0.07245346962314518,-0.013148933991925005)
(0.07231213478086954,-0.013188810093509248)
(0.07217071284428248,-0.013228371570946766)
(0.07202920632116669,-0.013267617001717908)
(0.07188761772219736,-0.013306544980910582)
(0.0717459495608167,-0.01334515412123035)
(0.07160420435310624,-0.013383443052988568)
(0.07146238461772321,-0.013421410424114738)
(0.07132049287574205,-0.013459054900138833)
(0.07117853165058256,-0.01349637516419142)
(0.07103650346788065,-0.013533369917015663)
(0.07089441085539068,-0.013570037876935136)
(0.0707522563428723,-0.013606377779877324)
(0.07061004246197977,-0.013642388379343536)
(0.07046777174617301,-0.013678068446430158)
(0.0703254467305789,-0.013713416769791728)
(0.0701830699519138,-0.01374843215565856)
(0.07004064394835448,-0.01378311342781411)
(0.06989817125945459,-0.013817459427598006)
(0.06975565442600988,-0.013851469013885846)
(0.06961309598998011,-0.01388514106309245)
(0.06947049849435952,-0.01391847446914904)
(0.06932786448308985,-0.013951468143503369)
(0.06918519650094412,-0.013984121015104838)
(0.06904249709342244,-0.014016432030392914)
(0.06889976880665379,-0.014048400153284618)
(0.06875701418727491,-0.014080024365160397)
(0.06861423578235328,-0.01411130366486188)
(0.06847143613925732,-0.01414223706865768)
(0.06832861780556049,-0.014172823610253864)
(0.06818578332894228,-0.014203062340758322)
(0.0680429352570847,-0.014232952328680876)
(0.06790007613755682,-0.014262492659901002)
(0.067757208517737,-0.014291682437674676)
(0.06761433494467409,-0.014320520782594864)
(0.06747145796502535,-0.014349006832587222)
(0.06732858012491874,-0.014377139742884999)
(0.06718570396987551,-0.01440491868602001)
(0.06704283204469931,-0.014432342851796922)
(0.0668999668933731,-0.0144594114472736)
(0.06675711105896659,-0.014486123696740223)
(0.06661426708352114,-0.014512478841703987)
(0.06647143750796267,-0.014538476140871103)
(0.06632862487200449,-0.014564114870109631)
(0.06618583171402351,-0.014589394322442136)
(0.06604306057099285,-0.014614313808015984)
(0.06590031397836162,-0.014638872654094394)
(0.06575759446996193,-0.014663070205003568)
(0.06561490457791108,-0.014686905822137667)
(0.06547224683250982,-0.01471037888392142)
(0.06532962376215008,-0.01473348878578537)
(0.0651870378932141,-0.01475623494014303)
(0.06504449174997548,-0.01477861677636098)
(0.06490198785450102,-0.014800633740737002)
(0.0647595287265717,-0.01482228529647235)
(0.06461711688355225,-0.01484357092363835)
(0.0644747548403268,-0.014864490119154982)
(0.06433244510919457,-0.014885042396761219)
(0.06419019019975301,-0.014905227286983678)
(0.06404799261884037,-0.0149250443371047)
(0.06390585487041178,-0.014944493111144576)
(0.06376377945546086,-0.014963573189817014)
(0.0636217688719053,-0.014982284170497375)
(0.06347982561452926,-0.015000625667210776)
(0.06333795217484683,-0.015018597310577843)
(0.0631961510410401,-0.015036198747794256)
(0.06305442469786185,-0.015053429642591553)
(0.06291277562652765,-0.015070289675211606)
(0.06277120630464078,-0.015086778542365724)
(0.0626297192060944,-0.01510289595720838)
(0.06248831680097275,-0.01511864164928592)
(0.06234700155548192,-0.015134015364518312)
(0.062205775931829646,-0.015149016865162275)
(0.0620646423881575,-0.015163645929767731)
(0.061923603378449675,-0.015177902353138968)
(0.0617826613524272,-0.015191785946306133)
(0.06164181875548339,-0.015205296536491523)
(0.06150107802856626,-0.015218433967046053)
(0.06136044160811228,-0.015231198097449496)
(0.061219911925959415,-0.015243588803237632)
(0.06107949140923981,-0.015255605975979187)
(0.06093918248031202,-0.015267249523238047)
(0.060798987556661264,-0.015278519368524108)
(0.06065890905082612,-0.015289415451257865)
(0.06051894937029863,-0.015299937726730724)
(0.06037911091744542,-0.015310086166055545)
(0.06023939608942756,-0.015319860756134153)
(0.06009980727810092,-0.015329261499613058)
(0.05996034686995017,-0.015338288414834322)
(0.05982101724599018,-0.0153469415357982)
(0.05968182078168618,-0.015355220912119992)
(0.05954275984687769,-0.015363126608982956)
(0.05940383680568721,-0.015370658707091187)
(0.05926505401643506,-0.015377817302634818)
(0.05912641383156581,-0.01538460250723071)
(0.05898791859757075,-0.015391014447890684)
(0.058849570654885594,-0.015397053266968313)
(0.058711372337833335,-0.015402719122105522)
(0.058573325974531,-0.015408012186202729)
(0.05843543388681167,-0.015412932647357125)
(0.05829769839013924,-0.015417480708815476)
(0.05816012179355028,-0.015421656588936314)
(0.058022706399541,-0.01542546052113202)
(0.057885454504024554,-0.015428892753823463)
(0.05774836839622695,-0.015431953550389376)
(0.05761145035862216,-0.015434643189119716)
(0.05747470266685195,-0.01543696196315694)
(0.057338127589651545,-0.015438910180458475)
(0.0572017273887641,-0.01544048816373343)
(0.05706550431887783,-0.015441696250399584)
(0.05692946062754149,-0.015442534792523995)
(0.05679359855509685,-0.015443004156786875)
(0.05665792033459082,-0.015443104724403259)
(0.0565224281917173,-0.015442836891095785)
(0.05638712434473219,-0.015442201067027903)
(0.05625201100439172,-0.015441197676750678)
(0.05611709037385935,-0.015439827159150866)
(0.05598236464865838,-0.015438089967402787)
(0.05584783601658376,-0.015435986568899723)
(0.05571350665762772,-0.015433517445215058)
(0.055579378743927106,-0.015430683092036128)
(0.055445454439673504,-0.01542748401910516)
(0.055311735901051616,-0.015423920750182674)
(0.05517822527617286,-0.015419993822962304)
(0.05504492470499765,-0.015415703789042485)
(0.054911836319273495,-0.015411051213854856)
(0.05477896224245975,-0.015406036676597115)
(0.054646304589674295,-0.015400660770200322)
(0.054513865467603013,-0.015394924101251359)
(0.0543816469744547,-0.015388827289940087)
(0.05424965119988261,-0.015382370970001759)
(0.05411788022491814,-0.015375555788654611)
(0.05398633612191506,-0.015368382406546283)
(0.05385502095447097,-0.015360851497693001)
(0.0537239367773738,-0.015352963749406501)
(0.053593085636528516,-0.015344719862256256)
(0.05346246956890047,-0.015336120549987708)
(0.0533320906024483,-0.015327166539478632)
(0.05320195075606883,-0.015317858570661915)
(0.05307205203951668,-0.015308197396478476)
(0.0529423964533635,-0.015298183782805301)
(0.05281298598891909,-0.015287818508392764)
(0.052683822628184454,-0.015277102364812672)
(0.0525549083437801,-0.015266036156384869)
(0.052426245098893806,-0.015254620700116335)
(0.05229783484721882,-0.015242856825645367)
(0.052169679532889944,-0.015230745375166532)
(0.05204178109043314,-0.015218287203373463)
(0.05191414144470705,-0.015205483177390683)
(0.05178676251082918,-0.015192334176718628)
(0.05165964619414453,-0.015178841093151256)
(0.05153279439014848,-0.015165004830733807)
(0.051406208984440954,-0.015150826305677371)
(0.05127989185266247,-0.015136306446295737)
(0.05115384486045201,-0.01512144619295992)
(0.05102806986337473,-0.015106246498003791)
(0.05090256870688692,-0.015090708325674506)
(0.05077734322626885,-0.015074832652066224)
(0.050652395246566034,-0.015058620465043695)
(0.05052772658256562,-0.015042072764182275)
(0.05040333903869781,-0.015025190560697545)
(0.05027923440903794,-0.015007974877382186)
(0.05015541447720558,-0.01499042674852834)
(0.050031881016344384,-0.014972547219869119)
(0.049908635789065306,-0.014954337348511287)
(0.04978568054738835,-0.014935798202853918)
(0.049663017032702,-0.014916930862530533)
(0.04954064697570944,-0.01489773641833995)
(0.0494185720963851,-0.014878215972170313)
(0.04929679410392331,-0.014858370636930946)
(0.04917531469669229,-0.014838201536494566)
(0.04905413556217913,-0.014817709805608176)
(0.04893325837695954,-0.01479689658983112)
(0.04881268480663556,-0.014775763045476682)
(0.04869241650580338,-0.014754310339518543)
(0.048572455118002185,-0.014732539649541075)
(0.04845280227566269,-0.01471045216364782)
(0.04833345960008054,-0.014688049080411962)
(0.04821442870135613,-0.014665331608790768)
(0.04809571117836058,-0.014642300968054231)
(0.047977308618694876,-0.014618958387722052)
(0.047859222598631665,-0.014595305107476964)
(0.04774145468310179,-0.014571342377109624)
(0.04762400642563123,-0.014547071456433214)
(0.047506879368306505,-0.01452249361521909)
(0.047390075041735195,-0.014497610133113169)
(0.04727359496500839,-0.0144724222995794)
(0.04715744064565972,-0.01444693141381195)
(0.04704161357962992,-0.014421138784663513)
(0.04692611525122432,-0.01439504573058402)
(0.04681094713307278,-0.014368653579526542)
(0.046696110686104464,-0.014341963668898157)
(0.04658160735950842,-0.014314977345462781)
(0.04646743859068149,-0.014287695965282473)
(0.04635360580521193,-0.014260120893635236)
(0.04624011041683771,-0.014232253504940362)
(0.04612695382741226,-0.014204095182693442)
(0.046014137426871646,-0.014175647319379961)
(0.045901662593194226,-0.014146911316402931)
(0.04578953069237727,-0.01411788858401049)
(0.045677743078408224,-0.014088580541227604)
(0.04556630109321154,-0.014058988615760253)
(0.04545520606663944,-0.01402911424394361)
(0.04534445931643355,-0.01399895887064604)
(0.04523406214818916,-0.013968523949207244)
(0.045124015855335424,-0.013937810941361267)
(0.04501432171909288,-0.013906821317151636)
(0.04490498100846144,-0.013875556554861368)
(0.04479599498017932,-0.0138440181409403)
(0.04468736487869306,-0.013812207569918177)
(0.044579091936146654,-0.013780126344336082)
(0.04447117737233401,-0.013747775974672739)
(0.04436362239469125,-0.013715157979252768)
(0.044256428198255975,-0.01368227388419011)
(0.04414959596564976,-0.01364912522330035)
(0.0440431268670557,-0.013615713538014444)
(0.04393702206018398,-0.013582040377328703)
(0.043831282690256865,-0.013548107297689686)
(0.04372590988998714,-0.013513915862959736)
(0.04362090477954514,-0.01347946764429876)
(0.04351626846654558,-0.013444764220119016)
(0.043412002046021345,-0.013409807175983635)
(0.04330810660040658,-0.01337459810454529)
(0.04320458319950635,-0.013339138605464566)
(0.043101432900490906,-0.013303430285326318)
(0.04299865674785905,-0.013267474757565916)
(0.042896255773436,-0.01323127364239194)
(0.04279423099634332,-0.013194828566711041)
(0.04269258342297995,-0.01315814116403773)
(0.04259131404701341,-0.013121213074432701)
(0.04249042384935389,-0.013084045944415318)
(0.042389913798142075,-0.013046641426879717)
(0.04228978484873275,-0.01300900118103388)
(0.04219003794367793,-0.012971126872306149)
(0.04209067401270774,-0.012933020172269043)
(0.041991693972722365,-0.012894682758567661)
(0.041893098727778806,-0.012856116314834899)
(0.04179488916906635,-0.01281732253061355)
(0.04169706617490103,-0.012778303101288448)
(0.041599630610719855,-0.012739059727981644)
(0.04150258332905176,-0.012699594117503927)
(0.04140592516951985,-0.012659907982265467)
(0.04130965695882524,-0.01262000304018017)
(0.04121377951072886,-0.012579881014618797)
(0.0411182936260608,-0.012539543634297282)
(0.041023200092683385,-0.012498992633225656)
(0.04092849968551235,-0.012458229750615106)
(0.04083419316647747,-0.012417256730795693)
(0.04074028128454465,-0.012376075323148291)
(0.040646764775675095,-0.012334687282016026)
(0.04055364436284964,-0.012293094366641583)
(0.040460920756039305,-0.012251298341067113)
(0.040368594652214436,-0.012209300974066107)
(0.04027666673532255,-0.012167104039069027)
(0.04018513767629545,-0.012124709314079446)
(0.04009400813304835,-0.01208211858159163)
(0.04000327875045678,-0.012039333628517607)
(0.03991295016037405,-0.011996356246106617)
(0.03982302298160698,-0.01195318822986591)
(0.03973349781993383,-0.011909831379482415)
(0.039644375268085036,-0.01186628749874725)
(0.03955565590575343,-0.01182255839546982)
(0.039467340299577436,-0.011778645881407238)
(0.03937942900316072,-0.011734551772174202)
(0.03929192255705338,-0.011690277887187748)
(0.03920482148876465,-0.01164582604955569)
(0.03911812631275018,-0.011601198086021359)
(0.039031837530432024,-0.011556395826888364)
(0.03894595563017253,-0.011511421105922098)
(0.0388604810873081,-0.011466275760287881)
(0.03877541436412555,-0.011420961630467285)
(0.03869075590988175,-0.011375480560177101)
(0.038606506160789894,-0.011329834396296253)
(0.038522665540043306,-0.011284024988787607)
(0.038439234457806525,-0.011238054190612006)
(0.03835621331122374,-0.011191923857660246)
(0.03827360248441837,-0.011145635848673511)
(0.03819140234850914,-0.01109919202515517)
(0.03810961326160803,-0.011052594251307373)
(0.038028235568830365,-0.011005844393943035)
(0.03794726960230192,-0.010958944322415603)
(0.037866715681163704,-0.010911895908534091)
(0.037786574111578375,-0.010864701026486977)
(0.03770684518674956,-0.010817361552774683)
(0.03762752918691391,-0.010769879366121053)
(0.03754862637936824,-0.010722256347394871)
(0.037470137018457715,-0.010674494379543889)
(0.03739206134561288,-0.010626595347508237)
(0.03731439958933772,-0.010578561138143873)
(0.0372371519652318,-0.010530393640153589)
(0.037160318676000004,-0.010482094744005573)
(0.037083899911457587,-0.0104336663418505)
(0.03700789584855918,-0.010385110327454983)
(0.03693230665139197,-0.010336428596115657)
(0.03685713247120358,-0.01028762304459589)
(0.036782373446406856,-0.010238695571033827)
(0.03670802970260457,-0.010189648074881767)
(0.036634101352587406,-0.010140482456811335)
(0.036560588496373406,-0.010091200618661667)
(0.03648749122119041,-0.01004180446333772)
(0.0364148096015287,-0.009992295894758606)
(0.03634254369913223,-0.009942676817764515)
(0.03627069356302208,-0.009892949138047561)
(0.03619925922951729,-0.009843114762082302)
(0.036128240722247344,-0.00979317559703866)
(0.03605763805217619,-0.00974313355071606)
(0.03598745121761483,-0.009692990531467653)
(0.03591768020424716,-0.009642748448116419)
(0.03584832498514114,-0.009592409209898725)
(0.03577938552077337,-0.00954197472636851)
(0.035710861759056224,-0.009491446907340655)
(0.0356427536353436,-0.009440827662806522)
(0.035575061072464775,-0.009390118902865494)
(0.03550778398073894,-0.009339322537647337)
(0.03544092225799342,-0.009288440477239004)
(0.0353744757896077,-0.009237474631611564)
(0.035308444448511715,-0.009186426910549998)
(0.03524282809521376,-0.009135299223575435)
(0.03517762657783546,-0.009084093479878876)
(0.03511283973213021,-0.009032811588232582)
(0.035048467381501316,-0.008981455456939796)
(0.034984509337033246,-0.008930026993746162)
(0.03492096539751581,-0.008878528105768028)
(0.034857835349472885,-0.008826960699433653)
(0.034795118967183826,-0.008775326680391203)
(0.034732816012710485,-0.008723627953452606)
(0.03467092623592596,-0.008671866422516656)
(0.03460944937453798,-0.008620043990500002)
(0.03454838515413001,-0.008568162559259527)
(0.034487733288169516,-0.008516224029522273)
(0.03442749347804204,-0.008464230300825609)
(0.03436766541310313,-0.008412183271437959)
(0.03430824877066752,-0.00836008483827641)
(0.03424924321607345,-0.008307936896866427)
(0.03419064840269469,-0.008255741341242046)
(0.034132463971974725,-0.008203500063892961)
(0.03407468955346061,-0.008151214955684424)
(0.0340173247648286,-0.008098887905801015)
(0.03396036921192525,-0.008046520801664275)
(0.0339038224887886,-0.007994115528871694)
(0.03384768417768084,-0.007941673971122878)
(0.03379195384913236,-0.007889198010153942)
(0.0337366310619679,-0.007836689525668381)
(0.03368171536334017,-0.007784150395272627)
(0.03362720628875161,-0.007731582494392262)
(0.0335731033621174,-0.00767898769622687)
(0.03351940609577247,-0.007626367871668827)
(0.0334661139905176,-0.007573724889239532)
(0.03341322653565779,-0.007521060615022015)
(0.03336074320902985,-0.007468376912583612)
(0.03330866347704377,-0.007415675642938765)
(0.03325698679472327,-0.007362958664444523)
(0.033205712605729465,-0.007310227832765864)
(0.0331548403424038,-0.007257485000784093)
(0.03310436942582207,-0.007204732018558669)
(0.03305429926579935,-0.007151970733234162)
(0.03300462926095128,-0.007099202988996738)
(0.03295535879873641,-0.00704643062699405)
(0.03290648725547786,-0.006993655485281483)
(0.03285801399640396,-0.006940879398747598)
(0.03280993837570681,-0.0068881041990619596)
(0.032762259736565706,-0.006835331714599601)
(0.03271497741118299,-0.006782563770380452)
(0.03266809072084255,-0.006729802188010053)
(0.032621598975932774,-0.006677048785617189)
(0.032575501476006324,-0.006624305377780109)
(0.032529797509790494,-0.006571573775479513)
(0.03248448635526942,-0.0065188557860172205)
(0.03243956727969514,-0.006466153212971358)
(0.0323950395396427,-0.006413467856128876)
(0.03235090238104928,-0.006360801511421404)
(0.032307155039262195,-0.006308155970856236)
(0.03226379673907671,-0.006255533022479057)
(0.03222082669477785,-0.006202934450288026)
(0.03217824411019842,-0.006150362034185963)
(0.03213604817873942,-0.006097817549914548)
(0.03209423808343873,-0.006045302769000337)
(0.032052812996998276,-0.005992819458691158)
(0.03201177208184448,-0.005940369381895052)
(0.03197111449015582,-0.005887954297129005)
(0.03193083936392999,-0.00583557595844495)
(0.031890945835008205,-0.005783236115388348)
(0.03185143302513276,-0.0057309365129282475)
(0.03181230004599796,-0.00567867889140224)
(0.031773545999288604,-0.005626464986463405)
(0.03173516997672908,-0.005574296529018415)
(0.03169717106013331,-0.005522175245159044)
(0.03165954832145434,-0.0054701028561349495)
(0.031622300822823766,-0.005418081078271207)
(0.03158542761660666,-0.005366111622916007)
(0.031548927745453585,-0.00531419619638887)
(0.03151280024233606,-0.005262336499935175)
(0.03147704413061899,-0.00521053422964743)
(0.03144165842407928,-0.0051587910764282225)
(0.0314066421269824,-0.0051071087259304745)
(0.03137199423412072,-0.005055488858505255)
(0.03133771373086139,-0.005003933149138273)
(0.03130379959320602,-0.004952443267410433)
(0.031270250787829336,-0.004901020877424872)
(0.031237066272137026,-0.0048496676377788065)
(0.03120424499431939,-0.004798385201490886)
(0.031171785893401152,-0.004747175215951783)
(0.031139687899288754,-0.0046960393228789215)
(0.031107949932821857,-0.004644979158261047)
(0.031076570905839117,-0.004593996352304432)
(0.03104554972121598,-0.00454309252938157)
(0.03101488527291398,-0.004492269307979555)
(0.030984576446054977,-0.004441528300657277)
(0.03095462211695306,-0.00439087111398945)
(0.0309250211531765,-0.004340299348501524)
(0.030895772413601072,-0.004289814598657649)
(0.030866874748468054,-0.004239418452767392)
(0.03083832699942747,-0.004189112492966461)
(0.03081012799960328,-0.004138898295160514)
(0.03078227657364374,-0.0040887774289688995)
(0.03075477153776789,-0.004038751457690609)
(0.030727611699838925,-0.003988821938233065)
(0.030700795859405102,-0.0039389904210980495)
(0.030674322807750943,-0.0038892584503037145)
(0.030648191327974084,-0.0038396275633579306)
(0.030622400195018586,-0.003790099291194332)
(0.030596948175748033,-0.003740675158149619)
(0.030571834028979738,-0.003691356681892152)
(0.030547056505569273,-0.0036421453733970315)
(0.030522614348445092,-0.003593042736890068)
(0.030498506292680628,-0.0035440502697962847)
(0.030474731065528494,-0.0034951694627187503)
(0.03045128738650943,-0.003446401799372015)
(0.03042817396744673,-0.0033977487565499706)
(0.03040538951252574,-0.0033492118040723425)
(0.0303829327183649,-0.0033007924047580247)
(0.03036080227405823,-0.0032524920143671625)
(0.030338996861241276,-0.003204312081561722)
(0.030317515154146858,-0.0031562540478730374)
(0.030296355819666214,-0.0031083193476432952)
(0.030275517517406324,-0.0030605094080047527)
(0.030254998899749617,-0.003012825648815442)
(0.03023479861190613,-0.00296526948264604)
(0.030214915291985046,-0.0029178423147081336)
(0.030195347571042516,-0.0028705455428396213)
(0.03017609407314611,-0.0028233805574601266)
(0.03015715341543337,-0.0027763487415151)
(0.030138524208171834,-0.002729451470457368)
(0.030120205054826068,-0.002682690112203029)
(0.030102194552099545,-0.002636066027083071)
(0.03008449129001034,-0.0025895805678163527)
(0.030067093851950735,-0.002543235079477561)
