0.00033391526328208255
0.001151755748946843
0.0026650054209771696
0.00474702241876163
0.00684993702243242
0.008185228726030174
0.008150814731532794
0.006721255911820782
0.004489938758853493
0.0023089588670700705
0.0007965360042230963
0.0011517550119652504
0.003993333290683561
0.009287816692534437
0.016629010347672748
0.024118520561086935
0.028966993134463798
0.028991577266947132
0.02402754229382226
0.01613160061589765
0.008337225467952566
0.00289047610560902
0.0026650032385680173
0.009287815027038097
0.021713137232026655
0.03907481912174062
0.05696310676681651
0.0687621990564342
0.06916916704780199
0.05761499740593755
0.03887589438741675
0.02019261509017024
0.007035580500647095
0.004747018748429166
0.016629008074365466
0.039074820676178304
0.07067814485503895
0.1035589814727689
0.12564408629397944
0.12702680231047922
0.10634113546821795
0.07211432486386038
0.03764451150795565
0.013181644443393316
0.006849931204706385
0.024118515333235873
0.056963104261049016
0.1035589726976525
0.15250702500224284
0.18596756655181515
0.18896320170027114
0.1589877152731121
0.10835724410599061
0.05684679560515461
0.020004865845118847
0.00818522086402802
0.028966983751950892
0.06876218896013445
0.12564406361994068
0.18596755027503398
0.2279147969163474
0.2327531114868941
0.19681570512573363
0.13481154220679176
0.07107929546078871
0.025138296535494934
0.008150807063247141
0.028991568433710962
0.06916915820382798
0.12702678211930316
0.1889631899237483
0.23275311628981638
0.23888984147572745
0.20301935371678687
0.13975797901489273
0.07405610697897436
0.02632196152510275
0.006721243332801441
0.024027512593186088
0.05761493635560991
0.10634101975384867
0.15898755825895958
0.19681552624395915
0.20301916510110854
0.1734003374880154
0.1199664913712154
0.06388705211312325
0.022821105813766805
0.004489938696143572
0.01613161063982125
0.03887592540492378
0.07211438053249486
0.10835733905201932
0.13481167029509875
0.13975810892611898
0.11996671417937073
0.08341434619044757
0.0446439751175202
0.016027112289060064
0.0023089598163976563
0.00833723418126904
0.020192639732035764
0.03764455652653937
0.05684686967109261
0.07107939291403095
0.07405620689651804
0.06388719743619989
0.044643993733408244
0.02401348374236669
0.00866400416218508
0.0007965363310996065
0.002890479217802068
0.007035589544644638
0.013181661556897208
0.02000489475202116
0.02513833538437061
0.026322002626369138
0.022821163434781175
0.016027123644018704
0.008664007059141828
0.0031416385438214007