2.479746564602962e-12
0.6197414225293514
1.238312630794617
1.8545488876730931
2.4672963625277853
3.0754174656613698
3.6777960420759888
4.273342380702523
4.860997997801603
5.439740156317408
6.00858608652044
6.566596877237592
7.112881011260852
7.646597523069157
8.166958761708466
8.673232746468795
9.164745107792706
9.64088061056761
10.101084261521404
10.544862006790009
10.971781029796242
11.381469663321694
11.773616933024966
12.147971752627917
12.504341793535131
12.842592053755924
13.162643152661134
13.464469379325461
13.74809652301777
14.013599514768718
14.261099908975384
14.4907632336436
14.702796237207892
14.897444058918538
15.074987348590604
15.235739360105482
15.380043041483166
15.50826814263797
15.620808360129507
15.718078536357138
15.800511928752023
15.868557562624584
15.92267767945279
15.963345290569336
15.99104184444519
16.00625501408615
16.009476609474117
16.001200618502967
15.981921378489936
15.95213187909035
15.912322196309866
15.86297805629425
15.80457952668047
15.73759983251268
15.662504293056895
15.579749375285317
15.489781859338073
15.393038110900605
15.289943455152429
15.180911646739332
15.066344430089856
14.946631184330489
14.82214864704482
14.69326071116389
14.560318289360447
14.423659240443373
14.28360835240353
14.14047737694379
13.994565110528336
13.846157517205626
13.69552788869049
13.542937037431102
13.388633518631313
13.23285387744667
13.075822917819208
12.917753989660897
12.758849291335867
12.599300184625617
12.439287519588722
12.278981966945029
12.118544355824177
11.958126014918196
11.797869115267703
11.637907013090917
11.478364591233396
11.319358597975155
11.160997982079667
11.003384223107199
10.846611656142583
10.69076779020597
10.535933619723531
10.382183928535238
10.229587586008025
10.078207834905893
9.92810257074399
9.779324612422148
9.631921963994744
9.485938067488972
9.34141204673297
9.198378942198858
9.056869936904544
8.91691257345202
8.77853096230959
8.641745981471075
8.506575467647073
8.37303439916201
8.241135070746546
8.110887260427539
7.982298388728652
7.855373670402453
7.730116258921451
7.606527383959797
7.484606482100193
7.364351321002082
7.245758117267233
7.1288216482381
7.013535357962262
6.899891457553677
6.7878810201780215
6.677494070885365
6.568719671508833
6.461546000842992
6.355960430310379
6.251949595318887
6.1494994625070065
6.048595393067825
5.949222202336646
5.851364215820839
5.755005321844387
5.6601290209732555
5.566718472381683
5.474756537313143
5.384225819783885
5.295108704670768
5.207387393319443
5.12104393680306
5.036060266956128
4.952418225302692
4.870099589992709
4.789086100855286
4.709359482672506
4.630901466772737
4.553693811037599
4.477718318412357
4.402956854005056
4.329391360855633
4.257003874452192
4.185776536067771
4.115691604987256
4.046731469690506
3.978878658054441
3.91211584663352
3.8464258690749737
3.781791723722181
3.718196580456759
3.6556237868272072
3.5940568735093987
3.533479559141755
3.473875754575565
3.4152295665787453
3.3575253010291806
3.3007474656317406
3.2448807721912716
3.189910138471872
3.135820689671209
3.0825977595368403
3.030226891150094
2.9786938374014387
2.9279845611800077
2.8780852352985384
2.828982242173742
2.7806621732809593
2.7331118284007947
2.6863182146743956
2.6402685454829844
2.5949502391663426
2.55035091759405
2.5064584046023435
2.4632607243087836
2.420746099316065
2.378902948815586
2.3377198866008047
2.297185718999621
2.2572894427345918
2.21802024271907
2.179367489796865
2.1413207384326176
2.103869724359391
2.067004362189764
2.0307147429960946
1.9949911318653915
1.9598239654336658
1.9252038494044668
1.8911215560558894
1.8575680217399646
1.8245343443781743
1.7920117809564873
1.7599917450230285
1.728465804191328
1.697425677651792
1.6668632336938538
1.6367704872410607
1.6071395974011935
1.5779628650332398
1.54923273033302
1.5209417704389487
1.493082697059439
1.465648354123157
1.4386317154533166
1.4120258824670662
1.385824081900837
1.3600196635625312
1.3346060981112366
1.3095769748651231
1.2849259996380302
1.260646992605269
1.2367338861989703
1.2131807230333949
1.1899816538603363
1.1671309355549673
1.144622929132194
1.1224520977936066
1.1006130050051586
1.07910031260549
1.0579087789449537
1.0370332570552006
1.0164686928492694
0.9962101233520637
0.976252674960972
0.9565915617365868
0.9372220837231439
0.9181396252986079
0.8993396535540332
0.8808177167020188
0.8625694425138867
0.844590536785382
0.8268767818304875
0.8094240350030912
0.792228227246166
0.7752853616680435
0.7585915121455847
0.7421428219536955
0.7259355024210038
0.7099658316111849
0.6942301530296654
0.6787248743552692
0.6634464661964385
0.6483914608716783
0.6335564512137868
0.6189380893975516
0.6045330857904695
0.5903382078261701
0.5763502789000913
0.562566177287078
0.5489828350805271
0.5355972371526573
0.5224064201355668
0.5094074714227176
0.4965975281904262
0.48397377643905887
0.4715334500535054
0.45927382988264187
0.44719224283738657
0.4352860610069797
0.4235527007931676
0.4119896220620142
0.4005943273128295
0.3893643608640815
0.3782973080558092
0.36739079446831574
0.35664248515674685
0.34605008390129227
0.335611332472681
0.3253240099126571
0.3151859318291478
0.30519494970582567
0.2953489502257806
0.28564585460899944
0.27608361796338166
0.26666022864902683
0.2573737076554994
0.24822210799182443
0.2392035140889392
0.23031604121434976
0.2215578348987422
0.21292707037429923
0.2044219520244691
0.19604071284496669
0.18778161391575654
0.1796429438837935
0.1716230184563182
0.16372017990441876
0.15593279657675457
0.14825926242309082
0.1406979965275758
0.13324744265144156
0.12590606878500826
0.1186723667087613
0.11154485156326639
0.10452206142787293
0.09760255690783574
0.0907849207298305
0.08406775734558573
0.07744969254354261
0.07092937306827299
0.06450546624758009
0.058176659627084376
0.051941660612100586
0.045799196116732485
0.03974801221994901
0.033786873828531336
0.027914564346765515
0.02212988535267461
0.016431656280734022
0.01081871411084371
0.005289913063512375
-0.00015587569896889604
-0.005519764365409519
-0.010802848762834178
-0.016006208637935698
-0.021130907932996067
-0.026177995056377544
-0.03114850314771487
-0.03604345033790615
-0.0408638400040268
-0.04561066101927296
-0.05028488799801792
-0.054887481536126236
-0.05941938844658378
-0.06388154199056979
-0.06827486210404436
-0.07260025561999658
-0.0768586164863643
-0.0810508259797821
-0.08517775291524242
-0.08924025385170181
-0.0932391732937924
-0.09717534388964265
-0.10104958662496451
-0.10486271101343757
-0.10861551528347389
-0.11230878656144533
-0.115943301051464
-0.11951982421174823
-0.12303911092769809
-0.12650190568169126
-0.12990894271971354
-0.13326094621487247
-0.13655863042784702
-0.13980269986436944
-0.1429938494297562
-0.14613276458060154
-0.14922012147364136
-0.1522565871118912
-0.15524281948805851
-0.15817946772535543
-0.16106717221572098
-0.1639065647555089
-0.1666982686786793
-0.16944289898762316
-0.172141062481539
-0.1747933578825387
-0.17740037595945748
-0.17996269964940179
-0.18248090417716392
-0.18495555717244283
-0.18738721878498904
-0.1897764417977116
-0.19212377173772122
-0.19442974698544113
-0.1966948988817758
-0.19891975183336483
-0.20110482341598898
-0.20325062447617942
-0.2053576592310079
-0.207426425366148
-0.2094574141322166
-0.21145111043946338
-0.21340799295074525
-0.21532853417299355
-0.21721320054699864
-0.21906245253570633
-0.22087674471098362
-0.2226565258388878
-0.22440223896347147
-0.22611432148918376
-0.22779320526183494
-0.22943931664821857
-0.23105307661435803
-0.2326349008024462
-0.23418519960650605
-0.23570437824673005
-0.23719283684263148
-0.23865097048494252
-0.240079169306316
-0.2414778185508648
-0.24284729864252344
-0.24418798525233082
-0.2455002493645422
-0.24678445734168983
-0.24804097098857592
-0.24927014761521502
-0.25047234009875247
-0.25164789694436085
-0.2527971623451788
-0.25392047624125325
-0.25501817437755026
-0.2560905883610128
-0.2571380457167465
-0.25816086994322623
-0.25915938056673876
-0.26013389319483415
-0.2610847195690257
-0.2620121676166131
-0.2629165415016956
-0.26379814167538107
-0.26465726492521763
-0.26549420442384347
-0.26630924977687864
-0.2671026870700775
-0.2678747989157421
-0.2686258644984379
-0.2693561596199615
-0.270065956743682
-0.2707555250381311
-0.2714251304199935
-0.272075035596381
-0.2727055001065149
-0.2733167803627541
-0.27390912969098596
-0.27448279837045203
-0.27503803367292096
-0.27557507990133917
-0.2760941784278275
-0.27659556773119104
-0.27707948343379674
-0.27754615833796115
-0.27799582246178767
-0.2784287030744288
-0.2788450247309179
-0.27924500930640556
-0.2796288760299397
-0.27999684151775023
-0.28034911980603844
-0.28068592238331036
-0.2810074582222069
-0.2813139338109122
-0.2816055531841014
-0.28188251795341773
-0.28214502733755864
-0.2823932781919007
-0.2826274650377042
-0.282847780090932
-0.28305441329061304
-0.2832475523268637
-0.2834273826684609
-0.28359408759006804
-0.2837478481990546
-0.2838888434619583
-0.28401725023056523
-0.28413324326763434
-0.2842369952722937
-0.28432867690500857
-0.284408456812309
-0.2844765016510819
-0.2845329761126075
-0.28457804294621103
-0.28461186298263336
-0.2846345951570439
-0.28464639653178886
-0.2846474223187842
-0.2846378259016371
-0.28461775885747004
-0.2845873709784408
-0.28454681029296297
-0.2844962230866808
-0.28443575392313164
-0.28436554566413086
-0.28428573948992564
-0.28419647491904315
-0.28409788982789874
-0.2839901204701207
-0.28387330149566486
-0.28374756596963907
-0.2836130453908963
-0.283469869710393
-0.2833181673492982
-0.2831580652168749
-0.2829896887281234
-0.28281316182120764
-0.2826286069746372
-0.2824361452242606
-0.28223589618001144
-0.28202797804245644
-0.2818125076191288
-0.28158960034063263
-0.281359370276612
-0.281121930151413
-0.2808773913596371
-0.2806258639814654
-0.28036745679778063
-0.28010227730510273
-0.2798304317303702
-0.2795520250454791
-0.27926716098169274
-0.2789759420438493
-0.27867846952438574
-0.27837484351720854
-0.27806516293137395
-0.27774952550460685
-0.2774280278166692
-0.27710076530252814
-0.27676783226540064
-0.2764293218896095
-0.2760853262532978
-0.27573593634099264
-0.27538124205600245
-0.27502133223265446
-0.27465629464843333
-0.2742862160359149
-0.2739111820945816
-0.2735312775025054
-0.27314658592786595
-0.2727571900403471
-0.27236317152240425
-0.27196461108036446
-0.2715615884554478
-0.27115418243459477
-0.2707424708612057
-0.27032653064574974
-0.26990643777623863
-0.2694822673285686
-0.26905409347677445
-0.26862198950310007
-0.26818602780803447
-0.2677462799201588
-0.267302816505899
-0.2668557073791888
-0.2664050215109862
-0.265950827038703
-0.2654931912755099
-0.26503218071952567
-0.2645678610629398
-0.26410029720097844
-0.2636295532407999
-0.2631556925102658
-0.26267877756664576
-0.2621988702051727
-0.26171603146754346
-0.26123032165029353
-0.2607418003130919
-0.2602505262869271
-0.2597565576822183
-0.2592599518968212
-0.25876076562393313
-0.25825905485992906
-0.2577548749120968
-0.2572482804062921
-0.2567393252944845
-0.25622806286224675
-0.25571454573615976
-0.25519882589108717
-0.2546809546574337
-0.25416098272826515
-0.2536389601663973
-0.2531149364113626
-0.25258896028632066
-0.25206108000490113
-0.25153134317792986
-0.2509997968201192
-0.25046648735667537
-0.24993146062983126
-0.24939476190528254
-0.24885643587859094
-0.24831652668147852
-0.24777507788809772
-0.24723213252116855
-0.24668773305811423
-0.2461419214370887
-0.24559473906293647
-0.2450462268131177
-0.24449642504353017
-0.24394537359428972
-0.24339311179544187
-0.24283967847260876
-0.24228511195258037
-0.24172945006883081
-0.2411727301669913
-0.2406149891102508
-0.24005626328468793
-0.23949658860458412
-0.238936000517627
-0.2383745340100961
-0.237812223611986
-0.23724910340202643
-0.23668520701273
-0.23612056763531974
-0.23555521802463045
-0.23498919050394101
-0.23442251696978797
-0.23385522889667135
-0.23328735734176395
-0.23271893294953383
-0.23214998595633735
-0.23158054619495352
-0.2310106430990515
-0.23044030570767704
-0.22986956266957492
-0.2292984422475848
-0.22872697232291664
-0.22815518039939364
-0.227583093607664
-0.22701073870935431
-0.2264381421012017
-0.2258653298190814
-0.22529232754207892
-0.22471916059643082
-0.2241458539595022
-0.223572432263633
-0.22299891980006176
-0.22242534052266646
-0.22185171805179563
-0.22127807567796343
-0.2207044363655565
-0.22013082275648813
-0.2195572571737964
-0.21898376162524177
-0.218410357806832
-0.217837067106312
-0.21726391060664732
-0.21669090908943328
-0.2161180830382736
-0.21554545264215638
-0.21497303779874885
-0.21440085811769313
-0.21382893292384425
-0.21325728126048069
-0.21268592189248742
-0.21211487330947915
-0.21154415372894161
-0.21097378109928985
-0.21040377310289982
-0.20983414715914556
-0.2092649204273574
-0.2086961098097899
-0.20812773195451434
-0.20755980325831752
-0.2069923398695608
-0.2064253576909942
-0.2058588723825566
-0.205292899364134
-0.20472745381829688
-0.20416255069302042
-0.2035982047043436
-0.20303443033902116
-0.20247124185715473
-0.20190865329477345
-0.20134667846640647
-0.20078533096763151
-0.20022462417756703
-0.19966457126135131
-0.19910518517264486
-0.19854647865601302
-0.1979884642493585
-0.19743115428629385
-0.196874560898513
-0.1963186960180967
-0.1957635713798288
-0.19520919852350854
-0.19465558879614772
-0.19410275335425461
-0.19355070316602557
-0.19299944901353797
-0.19244900149489894
-0.19189937102640564
-0.19135056784465296
-0.1908026020086196
-0.19025548340176363
-0.18970922173405888
-0.18916382654402716
-0.18861930720074468
-0.18807567290582855
-0.18753293269540577
-0.1869910954420715
-0.18645016985677879
-0.18591016449076697
-0.18537108773744898
-0.18483294783426366
-0.1842957528645097
-0.18375951075920996
-0.18322422929886747
-0.18268991611528024
-0.1821565786932973
-0.1816242243725759
-0.18109286034932007
-0.1805624936779492
-0.18003313127284334
-0.17950477990998037
-0.17897744622861814
-0.1784511367329034
-0.17792585779356115
-0.1774016156493938
-0.1768784164089722
-0.17635626605213814
-0.17583517043159286
-0.1753151352744288
-0.17479616618364566
-0.17427826863964518
-0.17376144800175894
-0.17324570950966456
-0.1727310582848998
-0.17221749933225425
-0.17170503754125133
-0.1711936776875031
-0.1706834244341322
-0.1701742823331967
-0.1696662558269524
-0.1691593492493091
-0.16865356682712065
-0.16814891268149795
-0.16764539082914826
-0.16714300518365785
-0.16664175955676302
-0.16614165765963648
-0.16564270310412438
-0.1651448994039999
-0.1646482499761846
-0.164152758141967
-0.1636584271281986
-0.1631652600684749
-0.16267326000433596
-0.1621824298864169
-0.1616927725755738
-0.1612042908440639
-0.160716987376635
-0.16023086477166973
-0.15974592554226938
-0.15926217211734867
-0.1587796068427058
-0.15829823198210924
-0.15781804971831598
-0.15733906215417434
-0.15686127131359948
-0.15638467914261464
-0.1559092875103567
-0.1554350982101113
-0.15496211296024884
-0.15449033340523183
-0.15401976111657079
-0.15355039759380315
-0.1530822442653947
-0.15261530248973018
-0.15214957355599446
-0.1516850586851249
-0.15122175903067758
-0.15075967567976709
-0.1502988096539132
-0.14983916190994892
-0.1493807333408517
-0.14892352477665968
-0.14846753698525128
-0.14801277067323027
-0.1475592264867397
-0.14710690501229148
-0.14665580677755966
-0.14620593225220344
-0.14575728184866377
-0.14530985592291173
-0.14486365477528024
-0.14441867865119296
-0.14397492774193638
-0.14353240218540975
-0.14309110206686107
-0.14265102741965058
-0.14221217822595097
-0.14177455441745856
-0.14133815587613704
-0.1409029824348962
-0.1404690338782877
-0.14003630994321203
-0.1396048103195785
-0.13917453465097798
-0.13874548253536376
-0.1383176535257004
-0.13789104713062145
-0.13746566281503622
-0.137041500000833
-0.13661855806744314
-0.13619683635251403
-0.13577633415247353
-0.13535705072317775
-0.13493898528050505
-0.1345221370009364
-0.13410650502215607
-0.1336920884436348
-0.13327888632718837
-0.13286689769756535
-0.13245612154300238
-0.13204655681575553
-0.131638202432709
-0.13123105727583997
-0.13082512019285045
-0.13042038999759795
-0.13001686547068475
-0.12961454535997985
-0.1292134283810739
-0.12881351321785378
-0.12841479852297774
-0.12801728291835984
-0.1276209649956674
-0.1272258433168195
-0.12683191641445093
-0.12643918279238267
-0.12604764092611143
-0.12565728926325945
-0.12526812622402766
-0.12488015020163733
-0.12449335956282093
-0.12410775264822359
-0.12372332777284452
-0.1233400832264909
-0.12295801727418572
-0.12257712815660368
-0.12219741409046005
-0.12181887326897246
-0.1214415038622028
-0.12106530401754215
-0.12069027186001598
-0.12031640549277287
-0.11994370299739139
-0.119572162434311
-0.11920178184320122
-0.1188325592433471
-0.11846449263399164
-0.11809757999473451
-0.11773181928587274
-0.11736720844877369
-0.11700374540622407
-0.11664142806276867
-0.1162802543050827
-0.11592022200227639
-0.11556132900627941
-0.1152035731521124
-0.1148469522582903
-0.11449146412709425
-0.11413710654490518
-0.11378387728253021
-0.11343177409551884
-0.11308079472446439
-0.11273093689531127
-0.11238219831966197
-0.11203457669508188
-0.11168806970538388
-0.11134267502092911
-0.11099839029890421
-0.11065521318362924
-0.11031314130682003
-0.10997217228787114
-0.10963230373412261
-0.10929353324115544
-0.10895585839303927
-0.10861927676261028
-0.10828378591171385
-0.10794938339148699
-0.10761606674260238
-0.10728383349551382
-0.10695268117072289
-0.10662260727901098
-0.10629360932168994
-0.10596568479083412
-0.10563883116952566
-0.10531304593209194
-0.1049883265443232
-0.10466467046370201
-0.10434207513966058
-0.104020538013763
-0.10370005651992482
-0.10338062808467957
-0.1030622501273422
-0.1027449200602278
-0.10242863528890327
-0.10211339321233388
-0.1017991912231269
-0.10148602670772161
-0.1011738970465973
-0.1008627996144352
-0.10055273178034492
-0.10024369090808384
-0.09993567435616806
-0.0996286794781179
-0.0993227036226172
-0.09901774413371338
-0.09871379835097457
-0.09841086360968494
-0.09810893724100724
-0.09780801657215747
-0.0975080989265894
-0.09720918162413923
-0.09691126198120216
-0.09661433731090584
-0.09631840492324761
-0.0960234621252804
-0.09572950622124322
-0.0954365345127433
-0.09514454429889221
-0.09485353287645285
-0.09456349753999761
-0.09427443558206626
-0.09398634429327897
-0.09369922096250645
-0.0934130628770039
-0.0931278673225461
-0.09284363158356815
-0.09256035294328578
-0.09227802868387518
-0.09199665608653455
-0.09171623243167601
-0.09143675499902179
-0.09115822106773122
-0.09088062791653924
-0.09060397282386189
-0.09032825306793996
-0.09005346592693661
-0.08977960867906083
-0.08950667860269185
-0.08923467297648596
-0.08896358907949735
-0.08869342419126337
-0.088424175591946
-0.08815584056243891
-0.08788841638444302
-0.08762190034060247
-0.08735628971457818
-0.08709158179119629
-0.08682777385649972
-0.08656486319786368
-0.08630284710411383
-0.08604172286559048
-0.08578148777426717
-0.08552213912382561
-0.08526367420976544
-0.08500609032948087
-0.08474938478234599
-0.08449355486983175
-0.08423859789555212
-0.08398451116537026
-0.0837312919874942
-0.08347893767253733
-0.08322744553360371
-0.08297681288637104
-0.08272703704918888
-0.08247811534312052
-0.08223004509204204
-0.0819828236227091
-0.08173644826483728
-0.08149091635117164
-0.08124622521755782
-0.08100237220301652
-0.08075935464979735
-0.08051716990346142
-0.08027581531297183
-0.08003528823069367
-0.0797955860125272
-0.07955670601792064
-0.07931864560999238
-0.0790814021555132
-0.07884497302503013
-0.07860935559291163
-0.0783745472373878
-0.07814054534063646
-0.0779073472888029
-0.07767495047209545
-0.07744335228480527
-0.0772125501253904
-0.0769825413965173
-0.07675332350508648
-0.07652489386234002
-0.07629724988384308
-0.07607038898960335
-0.07584430860405426
-0.07561900615616654
-0.07539447907942565
-0.07517072481194047
-0.07494774079644916
-0.07472552448037234
-0.07450407331585626
-0.07428338475983781
-0.07406345627404178
-0.07384428532505827
-0.07362586938436798
-0.07340820592838578
-0.07319129243849226
-0.07297512640108916
-0.07275970530759299
-0.07254502665454114
-0.07233108794356122
-0.07211788668144385
-0.07190542038014924
-0.07169368655687687
-0.07148268273407184
-0.07127240643945114
-0.07106285520606508
-0.07085402657228568
-0.07064591808188707
-0.07043852728401846
-0.0702318517332923
-0.07002588898975502
-0.06982063661896035
-0.0696160921919565
-0.06941225328536257
-0.06920911748133199
-0.06900668236763091
-0.06880494553762473
-0.06860390459033039
-0.06840355713042429
-0.06820390076826968
-0.0680049331199183
-0.067806651807183
-0.06760905445758375
-0.06741213870444865
-0.06721590218686306
-0.06702034254974953
-0.06682545744382687
-0.0666312445256681
-0.06643770145774369
-0.06624482590833874
-0.06605261555169266
-0.06586106806791076
-0.06567018114307406
-0.06547995246915031
-0.06529037974412394
-0.06510146067190378
-0.06491319296241058
-0.06472557433154803
-0.06453860250124835
-0.06435227519945665
-0.06416659016014577
-0.06398154512335469
-0.06379713783517704
-0.06361336604776398
-0.06343022751934883
-0.06324772001426879
-0.06306584130294746
-0.06288458916191382
-0.06270396137381443
-0.06252395572743752
-0.06234457001767677
-0.06216580204558279
-0.06198764961835473
-0.06181011054933378
-0.06163318265802139
-0.06145686377010651
-0.06128115171742988
-0.061106044338007336
-0.06093153947604668
-0.06075763498194505
-0.06058432871227274
-0.06041161852981375
-0.06023950230353986
-0.06006797790863035
-0.059897043226469326
-0.05972669614464587
-0.05955693455694132
-0.059387756363378626
-0.05921915947017612
-0.0590511417897769
-0.05888370124083088
-0.05871683574820273
-0.05855054324298412
-0.05838482166248289
-0.05821966895021207
-0.05805508305591855
-0.057891061935548264
-0.057727603551287254
-0.05756470587151449
-0.05740236687082736
-0.05724058453002997
-0.05707935683615813
-0.05691868178243539
-0.056758557368292425
-0.056598981599374217
-0.056439952487511116
-0.05628146805074636
-0.05612352631329922
-0.05596612530559051
-0.05580926306423949
-0.0556529376320173
-0.05549714705789928
-0.05534188939701957
-0.05518716271069708
-0.0550329650663975
-0.05487929453775987
-0.05472614920457915
-0.054573527152781874
-0.054421426474464234
-0.05426984526782824
-0.054118781637238884
-0.053968233693165155
-0.053818199552217325
-0.05366867733708017
-0.053519665176590445
-0.053371161205649664
-0.05322316356527475
-0.05307567040254412
-0.052928679870640385
-0.05278219012879597
-0.052636199342306116
-0.05249070568253811
-0.05234570732688022
-0.052201202458786934
-0.052057189267717664
-0.05191366594917418
-0.051770630704654076
-0.05162808174166543
-0.051486017273717356
-0.051344435520295
-0.051203334706864986
-0.05106271306487283
-0.05092256883170144
-0.050782900250697496
-0.05064370557113901
-0.05050498304824036
-0.0503667309431192
-0.05022894752283998
-0.05009163106031413
-0.04995477983438687
-0.0498183921297495
-0.04968246623698296
-0.049547000452510974
-0.04941199307861466
-0.04927744242341506
-0.04914334680082919
-0.04900970453062727
-0.0488765139383535
-0.04874377335535352
-0.04861148111875782
-0.04847963557144626
-0.04834823506207528
-0.04821727794504518
-0.04808676258049162
-0.04795668733425445
-0.047827050577888754
-0.04769785068866479
-0.04756908604953291
-0.047440755049096776
-0.04731285608165192
-0.04718538754712274
-0.04705834785108425
-0.04693173540472429
-0.046805548624838746
-0.046679785933837814
-0.046554445759720044
-0.046429526536048454
-0.04630502670195563
-0.04618094470210433
-0.04605727898671739
-0.04593402801152285
-0.04581119023776486
-0.04568876413220364
-0.04556674816704486
-0.045445140819993415
-0.045323940574206016
-0.04520314591827715
-0.045082755346220506
-0.044962767357506275
-0.04484318045697856
-0.044723993154860114
-0.04460520396679008
-0.04448681141374293
-0.04436881402203172
-0.04425121032334411
-0.04413399885466333
-0.04401717815828507
-0.043900746781791185
-0.04378470327807629
-0.04366904620525871
-0.04355377412674489
-0.0434388856111705
-0.04332437923238342
-0.0432102535694637
-0.0430965072066653
-0.04298313873345723
-0.04287014674443604
-0.04275752983940716
-0.04264528662325551
-0.042533415706048794
-0.042421915702927096
-0.04231078523415148
-0.042200022925065396
-0.04208962740606722
-0.041979597312632275
-0.041869931285262244
-0.04176062796948628
-0.04165168601585627
-0.041543104079913365
-0.04143488082219972
-0.041327014908202724
-0.041219505008376046
-0.04111234979812282
-0.04100554795775414
-0.04089909817251772
-0.04079299913252366
-0.040687249532822364
-0.040581848073274945
-0.04047679345862689
-0.04037208439844778
-0.040267719607159906
-0.04016369780396589
-0.04006001771287344
-0.03995667806269053
-0.039853677586984944
-0.039751015024036156
-0.03964868911693468
-0.03954669861343792
-0.03944504226603423
-0.039343718831907036
-0.039242727072927155
-0.03914206575561623
-0.03904173365114162
-0.03894172953534093
-0.03884205218863454
-0.038742700396082824
-0.038643672947312864
-0.03854496863656499
-0.03844658626260723
-0.03834852462877723
-0.038250782542935374
-0.03815335881748333
-0.03805625226932235
-0.037959461719822014
-0.03786298599486902
-0.03776682392478542
-0.037670974344347255
-0.03757543609277501
-0.037480208013689766
-0.03738528895514375
-0.03729067776956407
-0.03719637331375331
-0.037102374448882834
-0.03700868004047614
-0.0369152889583716
-0.0368222000767469
-0.03672941227408781
-0.0366369244331464
-0.036544735440977666
-0.03645284418888182
-0.03636124957240719
-0.036269950491350365
-0.03617894584972368
-0.036088234555734046
-0.035997815521778734
-0.03590768766445331
-0.03581784990449425
-0.03572830116679519
-0.0356390403803907
-0.035550066478418685
-0.035461378398146684
-0.03537297508091634
-0.03528485547215181
-0.03519701852134613
-0.03510946318204897
-0.035022188411826596
-0.03493519317229339
-0.03484847642905256
-0.034762037151700856
-0.0346758743138436
-0.03458998689302377
-0.03450437387073363
-0.03441903423243866
-0.0343339669675043
-0.034249171069217085
-0.0341646455347512
-0.03408038936518087
-0.03399640156542791
-0.033912681144313436
-0.03382922711445663
-0.03374603849233054
-0.03366311429821653
-0.03358045355621083
-0.03349805529417892
-0.033415918543780954
-0.033334042340434855
-0.0332524257232919
-0.03317106773527136
-0.03308996742296673
-0.03300912383673854
-0.0329285360306029
-0.03284820306225382
-0.032768123993091244
-0.03268829788813229
-0.03260872381605107
-0.032529400849160915
-0.03245032806337182
-0.03237150453822812
-0.03229292935681212
-0.032214601605842684
-0.03213652037554948
-0.032058684759763444
-0.0319810938558
-0.03190374676454728
-0.03182664259037359
-0.03174978044115203
-0.031673159428253925
-0.03159677866652413
-0.03152063727424622
-0.031444734373173695
-0.031369069088484906
-0.03129364054877871
-0.031218447886081736
-0.031143490235781116
-0.031068766736692628
-0.030994276530971344
-0.030920018764139412
-0.030845992585072493
-0.030772197145988736
-0.030698631602394298
-0.030625295113139866
-0.03055218684035405
-0.0304793059494698
-0.03040665160915681
-0.030334222991385
-0.030262019271341048
-0.03019003962746716
-0.030118283241417704
-0.030046749298068092
-0.029975436985486287
-0.029904345494923115
-0.02983347402081737
-0.029762821760756487
-0.029692387915495656
-0.029622171688899756
-0.029552172288007276
-0.0294823889229203
-0.0294128208068906
-0.029343467156218314
-0.029274327190324145
-0.0292054001316613
-0.029136685205771656
-0.02906818164121763
-0.028999888669617925
-0.02893180552557904
-0.028863931446733868
-0.02879626567373987
-0.028728807450201222
-0.028661556022716965
-0.028594510640846553
-0.028527670557099222
-0.028461035026931102
-0.028394603308728856
-0.028328374663801448
-0.028262348356341244
-0.028196523653458445
-0.028130899825159157
-0.02806547614428985
-0.028000251886580237
-0.027935226330602147
-0.02787039875779062
-0.02780576845238229
-0.02774133470143276
-0.02767709679483726
-0.027613054025246424
-0.027549205688116835
-0.02748555108168943
-0.027422089506944386
-0.02735882026764142
-0.02729574267026566
-0.02723285602403953
-0.027170159640886052
-0.027107652835483532
-0.027045334925165466
-0.026983205229979088
-0.026921263072639985
-0.026859507778539564
-0.026797938675713003
-0.02673655509487474
-0.02667535636932494
-0.02661434183501914
-0.026553510830559148
-0.026492862697100307
-0.026432396778407186
-0.02637211242084723
-0.026312008973357223
-0.02625208578741656
-0.02619234221708664
-0.02613277761897299
-0.026073391352189706
-0.026014182778394734
-0.025955151261765376
-0.02589629616896875
-0.025837616869182227
-0.025779112734037848
-0.02572078313767998
-0.025662627456705157
-0.02560464507015646
-0.02554683535951915
-0.02548919770872306
-0.025431731504139278
-0.02537443613452122
-0.02531731099104686
-0.025260355467304124
-0.02520356895925014
-0.025146950865220955
-0.025090500585926608
-0.025034217524435586
-0.02497810108617104
-0.024922150678884144
-0.02486636571265925
-0.024810745599921438
-0.024755289755382683
-0.024699997596076394
-0.024644868541304512
-0.024589902012675673
-0.024535097434091883
-0.024480454231682693
-0.024425971833834843
-0.024371649671215613
-0.024317487176716147
-0.024263483785456404
-0.024209638934757374
-0.024155952064192965
-0.024102422615511446
-0.02404905003267276
-0.023995833761798285
-0.023942773251203676
-0.02388986795137698
-0.023837117314940193
-0.023784520796706336
-0.02373207785359689
-0.02367978794466655
-0.02362765053111983
-0.023575665076261517
-0.023523831045495228
-0.023472147906332966
-0.02342061512838512
-0.02336923218333264
-0.023317998544921285
-0.023266913688997318
-0.023215977093410313
-0.023165188238104626
-0.02311454660505745
-0.023064051678249195
-0.023013702943708716
-0.022963499889484554
-0.022913442005613124
-0.022863528784138075
-0.022813759719094204
-0.022764134306500747
-0.022714652044344915
-0.022665312432603748
-0.022616114973180754
-0.022567059169951314
-0.022518144528722753
-0.022469370557244153
-0.02242073676519314
-0.02237224266415922
-0.022323887767644796
-0.022275671591058116
-0.02222759365170933
-0.022179653468785726
-0.022131850563366525
-0.022084184458392237
-0.022036654678661047
-0.02198926075085849
-0.02194200220348944
-0.0218948785669272
-0.021847889373357115
-0.02180103415680471
-0.021754312453109548
-0.021707723799925624
-0.021661267736722976
-0.021614943804745573
-0.021568751547044022
-0.021522690508450317
-0.021476760235576316
-0.0214309602767874
-0.02138529018222304
-0.02133974950377317
-0.021294337795078104
-0.02124905461150678
-0.021203899510168378
-0.021158872049910193
-0.02111397179126276
-0.021069198296509533
-0.021024551129612757
-0.02098002985622986
-0.02093563404372757
-0.020891363261141646
-0.020847217079179525
-0.020803195070232153
-0.020759296808356965
-0.02071552186925224
-0.020671869830258
-0.020628340270388807
-0.02058493277026975
-0.020541646912154356
-0.02049848227993761
-0.02045543845911634
-0.02041251503677423
-0.02036971160164956
-0.020327027744029225
-0.020284463055827862
-0.02024201713050661
-0.020199689563109413
-0.02015747995028801
-0.020115387890215886
-0.02007341298261952
-0.020031554828797715
-0.01998981303161087
-0.019948187195422393
-0.019906676926136086
-0.01986528183118164
-0.019824001519506855
-0.019782835601590255
-0.019741783689380135
-0.0197008453963611
-0.019660020337501184
-0.01961930812923042
-0.019578708389492865
-0.019538220737707206
-0.0194978447947421
-0.01945758018293292
-0.0194174265260938
-0.01937738344946656
-0.019337450579738517
-0.019297627545064082
-0.01925791397499486
-0.019218309500532417
-0.019178813754107793
-0.01913942636953304
-0.019100146982063266
-0.019060975228360942
-0.019021910746456337
-0.018982953175792
-0.018944102157189543
-0.018905357332861448
-0.018866718346405815
-0.01882818484276211
-0.018789756468247817
-0.018751432870543774
-0.01871321369868099
-0.018675098603029825
-0.018637087235312204
-0.01859917924859297
-0.018561374297248776
-0.018523672036994634
-0.01848607212486134
-0.01844857421919696
-0.01841117797965152
-0.018373883067192575
-0.01833668914407057
-0.018299595873845442
-0.018262602921345274
-0.018225709952686305
-0.018188916635283884
-0.018152222637789928
-0.01811562763016226
-0.018079131283561697
-0.01804273327048091
-0.018006433264596052
-0.017970230940869913
-0.01793412597549836
-0.017898118045893783
-0.017862206830718572
-0.017826392009856196
-0.017790673264421585
-0.017755050276696986
-0.017719522730240536
-0.017684090309775777
-0.01764875270124791
-0.01761350959177008
-0.017578360669666598
-0.017543305624450525
-0.01750834414678753
-0.017473475928566667
-0.017438700662799962
-0.017404018043690763
-0.017369427766606924
-0.01733492952805454
-0.01730052302571063
-0.017266207958383382
-0.017231984026039045
-0.017197850929762403
-0.01716380837178749
-0.01712985605547545
-0.01709599368530452
-0.01706222096686819
-0.017028537606883536
-0.016994943313176424
-0.016961437794666245
-0.016928020761397586
-0.0168946919244901
-0.016861450996147984
-0.016828297689692264
-0.01679523171950374
-0.016762252801045683
-0.016729360650868743
-0.016696554986571726
-0.016663835526821442
-0.01663120199136231
-0.016598654100986352
-0.016566191577527187
-0.016533814143878264
-0.01650152152397388
-0.01646931344278539
-0.01643718962632501
-0.016405149801622696
-0.016373193696747453
-0.016341321040775753
-0.01630953156381932
-0.016277824996989324
-0.016246201072412224
-0.01621465952322057
-0.016183200083555893
-0.01615182248853505
-0.016120526474288348
-0.016089311777928116
-0.016058178137552757
-0.01602712529222472
-0.01599615298201917
-0.01596526094794672
-0.01593444893200524
-0.015903716677159334
-0.015873063927338588
-0.015842490427404692
-0.01581199592320798
-0.01578158016149362
-0.01575124289002803
-0.015720983857455257
-0.015690802813380807
-0.015660699508349942
-0.015630673693829242
-0.015600725122207433
-0.015570853546800816
-0.015541058721835355
-0.015511340402478382
-0.01548169834477161
-0.015452132305685977
-0.015422642043103271
-0.015393227315790299
-0.015363887883401104
-0.015334623506487058
-0.015305433946530545
-0.01527631896582364
-0.015247278327612605
-0.015218311795958369
-0.01518941913585217
-0.015160600113117406
-0.015131854494459411
-0.015103182047437567
-0.015074582540502169
-0.015046055742924806
-0.01501760142483734
-0.01498921935722514
-0.014960909311923135
-0.014932671061613799
-0.014904504379802404
-0.014876409040848828
-0.01484838481992224
-0.014820431493055983
-0.0147925488370612
-0.014764736629614084
-0.014736994649195728
-0.014709322675090812
-0.014681720487403927
-0.014654187867059854
-0.014626724595767963
-0.014599330456067478
-0.014572005231257732
-0.014544748705482134
-0.014517560663639014
-0.014490440891412836
-0.014463389175316085
-0.014436405302605291
-0.01440948906133693
-0.014382640240323992
-0.014355858629169013
-0.014329144018248977
-0.014302496198690694
-0.014275914962404724
-0.01424940010203963
-0.014222951411019999
-0.014196568683532846
-0.014170251714483665
-0.014144000299554201
-0.014117814235158892
-0.01409169331847229
-0.014065637347383983
-0.014039646120538034
-0.014013719437311658
-0.01398785709780293
-0.013962058902833247
-0.013936324653973821
-0.013910654153494033
-0.013885047204390912
-0.013859503610363135
-0.013834023175848706
-0.013808605705991999
-0.013783251006611954
-0.013757958884266615
-0.013732729146210517
-0.013707561600365776
-0.013682456055402727
-0.013657412320648517
-0.013632430206125598
-0.013607509522543915
-0.01358265008130829
-0.013557851694506545
-0.013533114174872726
-0.01350843733586302
-0.013483820991587011
-0.013459264956811252
-0.013434769046986235
-0.013410333078234984
-0.013385956867345577
-0.013361640231732126
-0.013337382989496676
-0.013313184959398065
-0.01328904596083232
-0.013264965813841817
-0.013240944339142687
-0.013216981358063845
-0.013193076692600014
-0.013169230165373951
-0.013145441599650526
-0.013121710819302803
-0.013098037648899455
-0.013074421913561365
-0.013050863439078906
-0.013027362051861186
-0.013003917578931254
-0.012980529847955538
-0.012957198687167241
-0.012933923925465149
-0.012910705392340346
-0.012887542917870472
-0.012864436332783752
-0.01284138546837738
-0.012818390156560866
-0.012795450229858575
-0.012772565521356648
-0.012749735864772835
-0.01272696109440131
-0.012704241045113971
-0.012681575552388039
-0.01265896445229213
-0.012636407581462599
-0.012613904777104458
-0.012591455877033657
-0.01256906071960273
-0.012546719143788378
-0.012524430989083384
-0.012502196095597932
-0.012480014303968884
-0.012457885455433727
-0.012435809391751311
-0.012413785955289875
-0.012391814988922526
-0.012369896336122881
-0.012348029840893766
-0.012326215347795504
-0.012304452701933926
-0.012282741748962402
-0.012261082335075554
-0.012239474307034221
-0.012217917512106534
-0.01219641179810808
-0.012174957013409543
-0.012153553006887951
-0.012132199627977987
-0.012110896726607041
-0.012089644153281605
-0.012068441758998795
-0.012047289395277007
-0.012026186914168627
-0.012005134168246542
-0.01198413101058145
-0.011963177294788368
-0.011942272874970164
-0.011921417605765434
-0.011900611342288597
-0.011879853940190449
-0.011859145255615256
-0.011838485145207687
-0.011817873466119616
-0.011797310076002583
-0.011776794832987325
-0.011756327595726675
-0.01173590822333772
-0.011715536575457524
-0.011695212512210035
-0.011674935894170582
-0.011654706582440324
-0.011634524438587163
-0.011614389324656416
-0.011594301103177523
-0.011574259637169378
-0.011554264790104156
-0.011534316425937845
-0.011514414409126409
-0.01149455860454077
-0.011474748877551929
-0.011454985094012549
-0.011435267120210283
-0.011415594822909617
-0.011395968069332216
-0.011376386727161507
-0.011356850664554673
-0.01133735975009307
-0.011317913852813126
-0.011298512842246148
-0.011279156588329838
-0.011259844961461535
-0.011240577832502237
-0.011221355072738316
-0.01120217655389538
-0.011183042148178841
-0.011163951728179276
-0.011144905166972398
-0.011125902338032328
-0.011106943115302408
-0.01108802737313224
-0.01106915498632899
-0.011050325830095199
-0.011031539780087744
-0.011012796712395261
-0.010994096503495783
-0.010975439030319323
-0.010956824170230138
-0.010938251800967148
-0.010919721800712502
-0.010901234048088945
-0.01088278842209518
-0.01086438480214837
-0.010846023068108702
-0.01082770310020463
-0.010809424779113197
-0.010791187985889395
-0.010772992601988768
-0.010754838509300518
-0.010736725590089069
-0.010718653727041746
-0.010700622803212169
-0.010682632702095575
-0.0106646833075468
-0.010646774503830671
-0.010628906175607593
-0.010611078207914048
-0.010593290486188702
-0.010575542896253813
-0.010557835324317092
-0.010540167656988968
-0.01052253978123195
-0.010504951584426549
-0.010487402954303022
-0.010469893778992271
-0.0104524239469884
-0.010434993347161551
-0.010417601868793364
-0.01040024940147106
-0.010382935835211547
-0.010365661060376447
-0.010348424967714449
-0.010331227448324586
-0.010314068393674254
-0.010296947695608587
-0.010279865246322283
-0.010262820938376509
-0.010245814664702074
-0.010228846318579033
-0.010211915793634356
-0.01019502298388393
-0.010178167783688127
-0.010161350087726643
-0.010144569791071277
-0.010127826789137347
-0.010111120977675171
-0.010094452252816676
-0.010077820510990541
-0.010061225649003646
-0.010044667564017767
-0.010028146153513193
-0.010011661315318205
-0.009995212947612825
-0.009978800948914889
-0.009962425218060495
-0.00994608565424441
-0.009929782156974551
-0.009913514626126236
-0.009897282961887683
-0.009881087064750056
-0.009864926835606502
-0.009848802175615323
-0.009832712986282742
-0.00981665916944975
-0.009800640627280015
-0.009784657262249518
-0.009768708977164321
-0.009752795675160592
-0.009736917259678379
-0.00972107363450209
-0.009705264703707328
-0.009689490371695052
-0.009673750543197461
-0.009658045123230569
-0.009642374017141724
-0.009626737130603599
-0.009611134369575993
-0.009595565640343359
-0.009580030849492152
-0.009564529903918137
-0.009549062710812581
-0.009533629177698056
-0.009518229212366183
-0.009502862722947505
-0.009487529617850302
-0.009472229805788464
-0.009456963195768463
-0.009441729697109427
-0.009426529219435058
-0.00941136167262997
-0.009396226966896938
-0.009381125012740368
-0.00936605572093643
-0.009351019002588123
-0.009336014769011957
-0.009321042931915189
-0.009306103403224028
-0.009291196095186374
-0.009276320920291988
-0.009261477791360367
-0.009246666621495024
-0.009231887324046438
-0.009217139812689203
-0.009202424001324986
-0.00918773980419678
-0.00917308713577878
-0.009158465910844642
-0.009143876044448076
-0.009129317451896414
-0.009114790048801629
-0.009100293751042607
-0.00908582847472327
-0.009071394136281165
-0.009056990652405117
-0.009042617940048457
-0.009028275916413678
-0.00901396449901672
-0.008999683605597091
-0.008985433154190295
-0.008971213063051469
-0.008957023250757921
-0.008942863636112889
-0.008928734138194672
-0.008914634676337425
-0.00890056517012084
-0.008886525539417852
-0.008872515704307606
-0.008858535585189757
-0.008844585102660176
-0.008830664177609917
-0.008816772731167896
-0.008802910684716182
-0.008789077959881025
-0.008775274478570308
-0.00876150016290225
-0.008747754935274445
-0.008734038718317837
-0.008720351434890652
-0.0087066930081766
-0.008693063361487079
-0.008679462418471277
-0.008665890102992712
-0.00865234633915202
-0.00863883105129328
-0.008625344163983759
-0.008611885602093701
-0.008598455290666359
-0.008585053155005242
-0.008571679120652294
-0.00855833311340083
-0.008545015059254472
-0.008531724884447771
-0.008518462515501353
-0.008505227879105922
-0.00849202090222968
-0.008478841512033632
-0.008465689635942115
-0.008452565201593579
-0.008439468136853236
-0.008426398369817423
-0.008413355828827416
-0.008400340442425751
-0.008387352139396884
-0.008374390848728321
-0.008361456499667299
-0.008348549021645082
-0.008335668344336073
-0.008322814397642209
-0.008309987111670586
-0.00829718641677058
-0.00828441224347044
