(-8.191878961867231e-13,-16.411958263647612)
(-0.2047739412962506,-16.410347802496513)
(-0.40940975712445093,-16.405518718875)
(-0.613769677721448,-16.397477947171414)
(-0.8177166426993662,-16.38623700613969)
(-1.0211146506788518,-16.371811956809136)
(-1.2238291029116297,-16.35422333786779)
(-1.425727138983755,-16.333496083445954)
(-1.6266779627686712,-16.309659423931397)
(-1.826553156895103,-16.282746770571592)
(-2.0252269841065824,-16.252795584733125)
(-2.222576674015387,-16.21984723279206)
(-2.418482693892005,-16.183946827721467)
(-2.6128290022798883,-16.14514305852193)
(-2.805503284382145,-16.103488008707124)
(-2.99639716832975,-16.059036965109147)
(-3.1854064216076763,-16.011848218307073)
(-3.3724311270838014,-15.961982856006935)
(-3.557375838253568,-15.909504550712317)
(-3.7401497134789925,-15.854479343022534)
(-3.92066662916192,-15.796975421880331)
(-4.098845271946764,-15.73706290306403)
(-4.274609210195512,-15.674813607180976)
(-4.447886945116552,-15.610300838370998)
(-4.618611942057302,-15.543599164871258)
(-4.786722642588175,-15.474784202529014)
(-4.9521624581109185,-15.403932402276949)
(-5.114879745817725,-15.331120842508753)
(-5.274827767908142,-15.256427027211181)
(-5.431964635038652,-15.17992869062447)
(-5.58625323503502,-15.101703609116855)
(-5.737661147940269,-15.021829420871756)
(-5.886160548501756,-14.940383453899456)
(-6.03172809722006,-14.85744256279945)
(-6.17434482109062,-14.77308297461611)
(-6.313995985167147,-14.687380144049275)
(-6.450670956064527,-14.60040861820415)
(-6.584363058499218,-14.512241910991238)
(-6.715069425937614,-14.422952387218237)
(-6.842790846388825,-14.332611156351234)
(-6.967531604338241,-14.241287975863749)
(-7.08929931977351,-14.149051164037726)
(-7.208104785205585,-14.055967522032315)
(-7.323961801535396,-13.962102264992597)
(-7.436887013562248,-13.867518961932507)
(-7.546899745873804,-13.772279484093412)
(-7.654021839800539,-13.676443961451632)
(-7.758277492059885,-13.580070747025527)
(-7.859693095658324,-13.483216388614016)
(-7.958297083563011,-13.385935607584438)
(-8.054119775599371,-13.288281284317492)
(-8.14718904251894,-13.190323758773896)
(-8.237546905065688,-13.092074259293206)
(-8.325224296207066,-12.993598796425871)
(-8.410257632030982,-12.894942861989227)
(-8.492684510888035,-12.796150119934058)
(-8.572543586380487,-12.697262423353216)
(-8.649874445391807,-12.598319835392259)
(-8.724717491248668,-12.49936065369753)
(-8.797113832073878,-12.400421438049541)
(-8.867105174357901,-12.301537040843204)
(-8.934733721748579,-12.202740640091031)
(-9.000042079033417,-12.104063774640547)
(-9.063073161266054,-12.005536381312881)
(-9.123870107968257,-11.907186833685556)
(-9.182476202320997,-11.809041982258561)
(-9.238934795242585,-11.711127195759008)
(-9.293289234238303,-11.613466403355686)
(-9.34558279689462,-11.516082137570617)
(-9.395858628881488,-11.4189955776904)
(-9.444159686318276,-11.322226593494959)
(-9.49052868235273,-11.225793789136269)
(-9.535008037797517,-11.129714547013583)
(-9.577639835665506,-11.034005071505353)
(-9.618465779442568,-10.938680432431102)
(-9.65752715493571,-10.84375460812873)
(-9.694864795534075,-10.749240528044732)
(-9.730519050720968,-10.655150114745737)
(-9.764529757676778,-10.561494325270447)
(-9.79693621581455,-10.468283191750714)
(-9.82777716409285,-10.37552586123997)
(-9.857090760953763,-10.283230634695633)
(-9.884914566737402,-10.191405005070187)
(-9.911285528428909,-10.10005569447304)
(-9.93623996659662,-10.009188690372453)
(-9.959813564387266,-9.918809280812377)
(-9.98204135844609,-9.828922088625722)
(-10.00295773163631,-9.739531104630323)
(-10.022596407436716,-9.650639719798932)
(-10.040990445901171,-9.562250756398793)
(-10.058172241068968,-9.474366498100595)
(-10.07417351971985,-9.386988719059776)
(-10.089025341372476,-9.300118711976792)
(-10.102758099430144,-9.213757315145424)
(-10.115401523382145,-9.127904938500947)
(-10.126984681974152,-9.042561588682176)
(-10.137535987265307,-8.957726893123295)
(-10.147083199494524,-8.873400123193012)
(-10.155653432682543,-8.789580216400257)
(-10.163273160900689,-8.706265797686543)
(-10.16996822514126,-8.623455199826306)
(-10.175763835615093,-8.541146476808038)
(-10.180684600055905,-8.459337447145208)
(-10.184754501493574,-8.378025674750788)
(-10.187996927279963,-8.297208510683006)
(-10.19043467305378,-8.216883103250202)
(-10.192089952063624,-8.137046413542453)
(-10.19298440473844,-8.057695230235192)
(-10.193139108467504,-7.97882618368905)
(-10.192574587554596,-7.900435759369725)
(-10.191310823313664,-7.822520310611544)
(-10.189367264275813,-7.74507607074833)
(-10.186762836479565,-7.668099164634502)
(-10.183515953818617,-7.5915856195792575)
(-10.17964452842345,-7.5155313757161215)
(-10.175165981054933,-7.439932295829783)
(-10.1700972514899,-7.36478417466159)
(-10.164454808880533,-7.290082747714598)
(-10.158254662070856,-7.215823699578587)
(-10.151512369855112,-7.14200267179488)
(-10.14424305116437,-7.0686152702802545)
(-10.136461395168888,-6.995657072328696)
(-10.128181671285027,-6.923123633209172)
(-10.119417739076699,-6.851010492377066)
(-10.11018305804233,-6.779313179316292)
(-10.100490697279414,-6.708027219028617)
(-10.09035334501956,-6.63714813718609)
(-10.07978331802789,-6.566671464962015)
(-10.068792570861364,-6.496592743555254)
(-10.057392704981432,-6.426907528422179)
(-10.045594977716993,-6.357611393230061)
(-10.033410311074462,-6.288699933545139)
(-10.020849300392037,-6.220168770268108)
(-10.007922222836122,-6.152013552829302)
(-9.994639045738163,-6.084229962155316)
(-9.98100943477061,-6.016813713418394)
(-9.967042761961222,-5.949760558579395)
(-9.952748113545297,-5.883066288734745)
(-9.938134297655683,-5.816726736277354)
(-9.923209851850867,-5.750737776881008)
(-9.907983050481564,-5.685095331317392)
(-9.892461912031951,-5.619795366796529)
(-9.876654205532752,-5.554833899662192)
(-9.86056745852113,-5.490206995103532)
(-9.844208962987684,-5.425910769407686)
(-9.827585782162759,-5.361941390827711)
(-9.810704756938534,-5.298295080566179)
(-9.79357251213929,-5.2349681136450394)
(-9.776195462641965,-5.17195681966817)
(-9.758579819349078,-5.109257583482644)
(-9.740731595016271,-5.046866845744477)
(-9.722656609936656,-4.984781103394398)
(-9.704360497484458,-4.922996910048865)
(-9.685848709520208,-4.861510876311336)
(-9.667126521660059,-4.800319670008563)
(-9.648199038411674,-4.739420016356396)
(-9.629071198179135,-4.678808698059496)
(-9.609747778139576,-4.618482555348946)
(-9.590233398993906,-4.55843848596176)
(-9.57053252959429,-4.498673445065936)
(-9.550649491450969,-4.439184445134594)
(-9.53058846312086,-4.37996855577254)
(-9.510353484480625,-4.321022903498467)
(-9.489948460886644,-4.262344671485755)
(-9.46937716722451,-4.203931099264778)
(-9.44864325185037,-4.145779482389436)
(-9.427750240426898,-4.087887172070444)
(-9.406701539655968,-4.0302515747779015)
(-9.385500437463778,-3.9728701490838203)
(-9.364150123769885,-3.9157404188676677)
(-9.342653659454651,-3.858859945524659)
(-9.321014014174041,-3.802226354782555)
(-9.299234052377436,-3.7458373225250936)
(-9.277316539918676,-3.6896905769860164)
(-9.255264147133238,-3.633783898194656)
(-9.233079451830767,-3.578115117406136)
(-9.210764942205142,-3.5226821165177347)
(-9.188323019664026,-3.467482827472739)
(-9.16575600158019,-3.412515231653197)
(-9.143066123966385,-3.3577773592627365)
(-9.120255544075933,-3.3032672887006753)
(-9.097326342930812,-3.248983145928543)
(-9.074280527779246,-3.19492310383002)
(-9.051120034484624,-3.14108538156531)
(-9.02784672984747,-3.087468243920879)
(-9.004462422898435,-3.034070007464699)
(-8.98096883242442,-2.9808890129711756)
(-8.957367638665085,-2.9279236644578672)
(-8.933660441311861,-2.875172395490666)
(-8.909848819253787,-2.822633703735682)
(-8.885934258382271,-2.7703061066792105)
(-8.8619182018194,-2.7181881700638333)
(-8.837802039997364,-2.6662784999830333)
(-8.813587112453732,-2.614575742222565)
(-8.789274709575562,-2.5630785816037096)
(-8.764866074294048,-2.511785741329002)
(-8.740362403730979,-2.46069598233081)
(-8.71576485079827,-2.4098081026231233)
(-8.69107452575192,-2.3591209366569763)
(-8.66629249770161,-2.3086333546797704)
(-8.641419796077177,-2.258344262098905)
(-8.616457412053041,-2.2082525988498323)
(-8.591406320843447,-2.15835734426426)
(-8.566267372518984,-2.1086574799964977)
(-8.541041523208527,-2.0591520794730838)
(-8.515729601591236,-2.0098402012808068)
(-8.49033246127957,-1.960720963718577)
(-8.464850824693189,-1.911793470196548)
(-8.439285484145621,-1.863056900327461)
(-8.413637171384336,-1.8145104481457943)
(-8.387906591015117,-1.766153336768271)
(-8.362094421565777,-1.7179848178186712)
(-8.336201316518993,-1.6700041708590683)
(-8.310227905315173,-1.622210702827624)
(-8.284174794326143,-1.5746037474829166)
(-8.2580425678007,-1.5271826648550624)
(-8.231831788782157,-1.47994684070334)
(-8.205542999999576,-1.432895685980784)
(-8.17917672473263,-1.3860286363054455)
(-8.15273346765128,-1.3393451514385322)
(-8.126213781311332,-1.292844736307557)
(-8.09961801009472,-1.24652685588399)
(-8.072946665036003,-1.2003910586495496)
(-8.046200183882338,-1.154436895814415)
(-8.019378916496933,-1.1086639165736865)
(-7.992483424179515,-1.0630717635277518)
(-7.965514027188091,-1.0176600272272682)
(-7.938471108723489,-0.9724283426128553)
(-7.911355039915542,-0.927376364381321)
(-7.884166180396418,-0.8825037665248474)
(-7.8569048789715135,-0.8378102418938096)
(-7.829571474162464,-0.7932955017506937)
(-7.802166294784239,-0.748959275337731)
(-7.774689660495354,-0.704801309449837)
(-7.747141882331486,-0.6608213680140996)
(-7.719523263222811,-0.6170192316757194)
(-7.691834098495646,-0.5733946973904118)
(-7.664074676335581,-0.5299475780176054)
(-7.636245278354388,-0.48667770194769433)
(-7.608346025002952,-0.44358489111341504)
(-7.580377650599511,-0.40066906846356426)
(-7.552339954761404,-0.3579300419127818)
(-7.524233351792978,-0.3153677196397674)
(-7.496058096602199,-0.27298200188880867)
(-7.467814439969868,-0.23077280218346474)
(-7.439502628991275,-0.18874004695355592)
(-7.4111229073590685,-0.1468836752196251)
(-7.382675515764614,-0.10520363823123985)
(-7.354160692231027,-0.06369989913705958)
(-7.325578672445131,-0.022372432655235874)
(-7.296929690078614,0.01877877525061995)
(-7.2682139770988625,0.059753727690035875)
(-7.239431764069594,0.1005524171588453)
(-7.210583280441654,0.1411748258470664)
(-7.181668754834252,0.18162092594149482)
(-7.1526884153659225,0.22189067992328493)
(-7.123642765029028,0.26198405814099707)
(-7.094531205537678,0.30190095268835515)
(-7.065354790883823,0.3416413505117365)
(-7.03611347406286,0.38120516086806283)
(-7.006807484140944,0.42059230197943154)
(-6.977437051010851,0.4598026840626776)
(-6.9480024056931216,0.4988362095654137)
(-6.918503780516305,0.5376927734306325)
(-6.888941409315377,0.5763722633506343)
(-6.859315527623051,0.6148745600164301)
(-6.829626372854174,0.6531995373627573)
(-6.799874184483398,0.6913470628087098)
(-6.770059204216306,0.7293169974941073)
(-6.740181676154128,0.7671091965116048)
(-6.71024184695234,0.8047235091346806)
(-6.680239965973134,0.8421597790414981)
(-6.650176285432064,0.8794178445347666)
(-6.620050652068032,0.9164974105847162)
(-6.589864221613193,0.9533985834645013)
(-6.559617014224938,0.9901211214037672)
(-6.529308719565254,1.0266646522656124)
(-6.498939933873119,1.063029096985061)
(-6.46851092934349,1.0992142660417936)
(-6.438021981809894,1.1352199659405164)
(-6.407473370938869,1.1710459994316043)
(-6.376865380330326,1.2066921656974305)
(-6.346198297613431,1.242158260535289)
(-6.315472414538127,1.2774440765369288)
(-6.2846880270624155,1.3125494032647769)
(-6.253845435435173,1.3474740274247583)
(-6.222944944276661,1.3822177330366565)
(-6.191986862651691,1.4167803015998186)
(-6.160971504142407,1.4511615122572459)
(-6.129899186915662,1.4853611419559183)
(-6.0987702341606544,1.519378965819653)
(-6.067584972613023,1.5532147564377061)
(-6.0363437346918065,1.5868682851147438)
(-6.005046858129107,1.6203393219772277)
(-5.97369468457681,1.6536276350841665)
(-5.9422875609371,1.6867329914117766)
(-5.910825839075013,1.7196551567821154)
(-5.87930987586009,1.752393896001127)
(-5.847740033204953,1.7849489729938735)
(-5.816116678101025,1.8173201509372257)
(-5.784440182651538,1.849507192389995)
(-5.752710924101875,1.8815098594206232)
(-5.720929284867269,1.913327913732393)
(-5.689095652558033,1.9449611167862924)
(-5.657210420002309,1.9764092299214735)
(-5.6252739852664115,2.0076720144734375)
(-5.593286751672881,2.038749231889927)
(-5.561249127816244,2.0696406438445907)
(-5.52916152757659,2.100346012348437)
(-5.497024370131009,2.130865099859171)
(-5.464838079962945,2.1611976693883617)
(-5.432603086869545,2.1913434846065596)
(-5.400319825966983,2.221302309946363)
(-5.367988737693983,2.2510739107034596)
(-5.335610267813355,2.28065805313571)
(-5.303184867411826,2.3100545045602874)
(-5.27071299289805,2.3392630334489)
(-5.238195105998973,2.368283409521143)
(-5.205631673754449,2.3971154038360316)
(-5.173023168510358,2.425758788881688)
(-5.140370067910056,2.4542133386632865)
(-5.107672854884368,2.4824788287892336)
(-5.074932017640067,2.510555036555637)
(-5.042148049646941,2.538441741029094)
(-5.009321449623434,2.56613872312782)
(-4.976452721520967,2.5936457657011545)
(-4.94354237450691,2.620962653607461)
(-4.910590922946299,2.6480891737904617)
(-4.877598886382284,2.6750251153540376)
(-4.8445667895154045,2.7017702696354857)
(-4.8114951621816715,2.7283244302773166)
(-4.778384539329512,2.7546873932975657)
(-4.74523546099562,2.780858957158681)
(-4.712048472279755,2.80683892283498)
(-4.678824123318454,2.832627093878727)
(-4.645562969257802,2.858223276484852)
(-4.612265570225171,2.8836272795543105)
(-4.578932491300052,2.90883891475614)
(-4.545564302483967,2.9338579965882063)
(-4.512161578669465,2.9586843424367077)
(-4.478724899608306,2.983317772634381)
(-4.445254849878778,3.0077581105175275)
(-4.411752018852228,3.032005182481808)
(-4.3782170006587995,3.0560588180368446)
(-4.344650394152435,3.079918849859684)
(-4.311052802875132,3.103585113847093)
(-4.277424835020495,3.127057449166738)
(-4.243767103396608,3.1503356983072632)
(-4.210080225388246,3.173419707127267)
(-4.176364822918435,3.196309324903243)
(-4.142621522409408,3.2190044043764177)
(-4.108850954742941,3.241504801798616)
(-4.0750537552201305,3.263810376977058)
(-4.041230563520589,3.285920993318189)
(-4.0073820236611235,3.3078365178705154)
(-3.9735087839538634,3.3295568213664692)
(-3.9396114969639107,3.3510817782633278)
(-3.9056908194664857,3.372411266783207)
(-3.871747412403627,3.3935451689520835)
(-3.837781940840568,3.4144833706376208)
(-3.8037950739210427,3.435225761587974)
(-3.7697874848232837,3.4557722354657443)
(-3.7357598507147163,3.4761226898851816)
(-3.701712852706639,3.4962770264464313)
(-3.667647175808482,3.51623515076939)
(-3.633563508881706,3.5359969725267435)
(-3.599462544593401,3.5555624054762)
(-3.5653449793695384,3.574931367491927)
(-3.5312115133469293,3.5941037805946325)
(-3.497062850329927,3.6130795709837753)
(-3.4628996977377677,3.6318586690643677)
(-3.4287227665567395,3.6504410094740347)
(-3.3945327712970332,3.6688265311151684)
(-3.360330429940379,3.6870151771787887)
(-3.32611646389242,3.705006895171601)
(-3.2918915979338825,3.7228016369416115)
(-3.257656560171519,3.7403993587030606)
(-3.2234120819888314,3.757800021060683)
(-3.18915889799661,3.775003589033306)
(-3.1548977459832916,3.792010032076789)
(-3.1206293668650926,3.808819324106336)
(-3.0863545046360437,3.8254314435181183)
(-3.0520739063178017,3.8418463732103287)
(-3.0177883219093595,3.8580641006035665)
(-2.983498504336601,3.874084617660628)
(-2.949205209401759,3.889907920905684)
(-2.9149091957327418,3.905534011442877)
(-2.8806112247323887,3.9209628949743123)
(-2.8463120605276275,3.936194581817506)
(-2.81201246991857,3.9512290869222504)
(-2.777713222327558,3.9660664298869412)
(-2.7434150818020844,3.980706625530779)
(-2.709118838814813,3.995149721637889)
(-2.67482526233591,4.0093957424474596)
(-2.640535131766069,4.023444726305052)
(-2.6062492288727626,4.037296716278667)
(-2.5719683377390568,4.0509517601720395)
(-2.537693244712414,4.064409910537433)
(-2.5034247383680075,4.0776712247070135)
(-2.4691636093990543,4.09073576472869)
(-2.4349106506533396,4.103603597491422)
(-2.4006666570232076,4.116274794660309)
(-2.366432425408922,4.128749432706006)
(-2.332208754683717,4.141027592819476)
(-2.2979964456068744,4.15310936131568)
(-2.2637963007795365,4.164994829038415)
(-2.2296091246176633,4.176684091775167)
(-2.195435723288267,4.188177250163875)
(-2.1612769046581777,4.199474409700676)
(-2.127133478242927,4.210575680747209)
(-2.093006255155615,4.221481178537514)
(-2.058896048055874,4.232191023184529)
(-2.024803671098863,4.2427053396861725)
(-1.9907299398843348,4.253024257931028)
(-1.9566756714057516,4.263147912703655)
(-1.9226416839995055,4.273076443689484)
(-1.8886287972941858,4.282809995479337)
(-1.8546378321599188,4.292348717573586)
(-1.8206696106578137,4.301692764385921)
(-1.786724955989481,4.310842295246746)
(-1.7528046924466407,4.319797474406235)
(-1.7189096453608224,4.328558471036992)
(-1.6850406410531695,4.337125459236393)
(-1.651198506784337,4.345498618028544)
(-1.6173840707045082,4.353678131365916)
(-1.5835981618034891,4.361664188130629)
(-1.5498416098609435,4.36945698213539)
(-1.5161152453967233,4.377056712124108)
(-1.4824198996213345,4.384463581772166)
(-1.4487564043864878,4.39167779968638)
(-1.4151255921358168,4.398699579404627)
(-1.3815282958556874,4.405529139395146)
(-1.3479653490261558,4.412166703055538)
(-1.3144375855720414,4.418612498711445)
(-1.280945839814147,4.424866759614915)
(-1.247490946420599,4.430929723942479)
(-1.2140737403583624,4.436801634792899)
(-1.180695056844844,4.442482740184648)
(-1.1473557312996816,4.447973293053062)
(-1.114056599296661,4.453273551247229)
(-1.080798496515781,4.458383777526576)
(-1.04758225869549,4.463304239557151)
(-1.0144087215850204,4.468035209907659)
(-0.981278720896955,4.472576966045193)
(-0.9481930922598814,4.476929790330675)
(-0.9151526711712534,4.481093970014066)
(-0.8821582929503683,4.485069797229263)
(-0.8492107926915582,4.48885756898873)
(-0.8163110052174821,4.492457587177896)
(-0.7834597650326689,4.495870158549242)
(-0.7506579062771277,4.499095594716176)
(-0.7179062626802104,4.502134212146595)
(-0.6852056675146,4.50498633215624)
(-0.6525569535504954,4.507652280901771)
(-0.6199609530099459,4.5101323893735845)
(-0.5874184975213869,4.512426993388408)
(-0.5549304180743252,4.514536433581621)
(-0.5224975449742434,4.516461055399349)
(-0.4901207077976342,4.518201209090301)
(-0.4578007353472538,4.51975724969738)
(-0.42553845560754033,4.521129537049049)
(-0.39333469570022833,4.522318435750465)
(-0.3611902818401321,4.523324315174365)
(-0.32910603929111937,4.5241475494517385)
(-0.2970827923222951,4.524788517462265)
(-0.26512136416433735,4.525247602824522)
(-0.23322257696605994,4.525525193885961)
(-0.2013872517511288,4.5256216837126715)
(-0.16961620837500208,4.525537470078919)
(-0.13791026548203775,4.525272955456452)
(-0.10627024046282621,4.524828547003612)
(-0.07469694941168462,4.52420465655421)
(-0.0431912070843643,4.5234017006061915)
(-0.011753826855955204,4.522420100310093)
(0.01961437932101627,4.521260281457301)
(0.05091260095828446,4.519922674468055)
(0.08214002907336318,4.518407714379306)
(0.11329585623082607,4.516715840832321)
(0.1443792765834179,4.514847498060099)
(0.1753894859129565,4.5128031348746)
(0.206325681671048,4.510583204653745)
(0.237187063019501,4.508188165328211)
(0.26797283087072327,4.505618479368101)
(0.2986821879277432,4.502874613769324)
(0.3293143387241051,4.4999570400398206)
(0.35986848966353463,4.4968662341856085)
(0.39034384905940495,4.493602676696614)
(0.4207396271740067,4.490166852532328)
(0.45105503625758586,4.486559251107256)
(0.48128929058719044,4.482780366276203)
(0.5114416065053107,4.478830696319358)
(0.5415112024582834,4.474710743927195)
(0.5714972990345224,4.4704210161851945)
(0.6013991190025137,4.465962024558376)
(0.6312158873486036,4.46133428487566)
(0.6609468313145779,4.4565383173140525)
(0.6905911804350304,4.451574646382633)
(0.7201481665745224,4.446443800906381)
(0.7496170239645097,4.441146314009841)
(0.778996989240071,4.435682723100578)
(0.8082873014764318,4.430053569852483)
(0.8374872022252516,4.424259400188917)
(0.8665959355507108,4.4183007642656635)
(0.8956127480653719,4.412178216453715)
(0.9245368889658391,4.405892315321908)
(0.9533676100681947,4.399443623619387)
(0.9821041658432075,4.392832708257875)
(1.0107458134513392,4.386060140293825)
(1.039291812777536,4.379126494910384)
(1.0677414264657845,4.372032351399186)
(1.0960939199534736,4.364778293142018)
(1.1243485615055073,4.357364907592282)
(1.1525046222482425,4.34979278625634)
(1.1805613762031593,4.342062524674686)
(1.2085181003203471,4.33417472240295)
(1.2363740745117588,4.326129982992776)
(1.2641285816842411,4.31792891397251)
(1.2917809077723554,4.309572126827775)
(1.319330341770978,4.301060236981868)
(1.346776175767666,4.292393863776007)
(1.374117704974807,4.283573630449454)
(1.4013542277615694,4.274600164119463)
(1.4284850456856,4.265474095761088)
(1.455509463524525,4.256196060186857)
(1.4824267893072054,4.246766696026299)
(1.5092363343448048,4.237186645705306)
(1.5359374132615957,4.227456555425385)
(1.5625293440255756,4.2175770751427395)
(1.5890114479788366,4.207548858547242)
(1.615383049867736,4.197372563041235)
(1.6416434778728182,4.187048849718217)
(1.6677920636385517,4.176578383341373)
(1.6938281423027766,4.165961832322005)
(1.7197510525260165,4.155199868697774)
(1.745560136520496,4.144293168110858)
(1.7712547400789644,4.133242409785938)
(1.7968342126032844,4.122048276508097)
(1.8222979071328238,4.11071145460054)
(1.8476451803725802,4.0992326339022105)
(1.872875392721126,4.087612507745287)
(1.8979879082982911,4.075851772932529)
(1.9229820949726382,4.0639511297145186)
(1.9478573243887292,4.05191128176675)
(1.972612971994134,4.039732936166632)
(1.9972484170662432,4.0274168033703255)
(2.0217630427388316,4.0149635971895)
(2.0461562360284264,4.002374034767932)
(2.070427387860423,3.989648836558012)
(2.094575893094984,3.9767887262971064)
(2.118601150552722,3.96379443098384)
(2.1425025630401446,3.95066668085421)
(2.1662795373748867,3.9374062093576274)
(2.189931484410706,3.924013753132819)
(2.213457819062254,3.9104900519836368)
(2.236857960329632,3.8968358488547215)
(2.260131331322706,3.8830518898070925)
(2.283277359285216,3.8691389239935994)
(2.3062954756186307,3.855097703634277)
(2.3291851159058066,3.8409289839915814)
(2.351945719934407,3.8266335233455346)
(2.3745767317200888,3.812212082968743)
(2.3970775995294717,3.797665427101327)
(2.4194477759028845,3.782994322925737)
(2.4416867176768764,3.768199540541459)
(2.4637938860065067,3.7532818529396432)
(2.48576874638742,3.7382420359775965)
(2.5076107686776523,3.723080868353209)
(2.529319427119282,3.7077991315792493)
(2.550894200359783,3.6923976099575824)
(2.5723345714732,3.6768770905532873)
(2.593640027981067,3.6612383631686725)
(2.6148100618731305,3.6454822203171937)
(2.6358441696278145,3.6296094571972937)
(2.6567418522324804,3.613620871666122)
(2.6775026152034473,3.597517264213196)
(2.6981259686058037,3.581299437933937)
(2.718611427072965,3.564968198503139)
(2.7389585098260403,3.5485243541483444)
(2.7591667406929337,3.531968715623123)
(2.7792356481272558,3.5153020961802683)
(2.799164765226986,3.498525311544915)
(2.8189536297529125,3.481639179887563)
(2.8386017841468503,3.464644521797021)
(2.858108775549631,3.4475421602532648)
(2.8774741558188683,3.4303329206002147)
(2.8966974815464956,3.4130176305184343)
(2.915778314076063,3.395597119997755)
(2.934716219519851,3.3780722213097985)
(2.9535107687757036,3.360443768980457)
(2.9721615375436694,3.342712599762268)
(2.9906681063424134,3.3248795526067214)
(3.009030060525388,3.3069454686365076)
(3.0272469902969235,3.2889111911177236)
(3.0453184907274515,3.270777565431718)
(3.063244161769752,3.2525454390475077)
(3.0810236082737408,3.23421566149345)
(3.0986564400016414,3.215789084329186)
(3.116142271642814,3.1972665611174604)
(3.1334807228283554,3.1786489473958612)
(3.150671418145468,3.159937100648497)
(3.167713987151615,3.1411318802776163)
(3.184608064388447,3.1222341475751407)
(3.2013532893954917,3.103244765694177)
(3.217949306723636,3.08416459962042)
(3.23439576594837,3.0649945161435284)
(3.2506923216828496,3.045735383828579)
(3.266838633590569,3.026388072986705)
(3.282834366398079,3.006953455647191)
(3.2986791899072765,2.9874324055280037)
(3.314372779007526,2.9678257980070297)
(3.3299148136875703,2.948134510093084)
(3.345304979047191,2.9283594203968972)
(3.360542965308483,2.908501409101881)
(3.375628467827835,2.88856135793557)
(3.3905611871058174,2.8685401501395638)
(3.405340828798673,2.8484386704409026)
(3.4199671037287223,2.828257805022618)
(3.4344397278946732,2.807998441494421)
(3.4487584224817365,2.7876614688633317)
(3.462922913871515,2.767247777504257)
(3.4769329336516517,2.7467582591305417)
(3.4907882186252777,2.7261938067644635)
(3.504488510820235,2.705555314707689)
(3.5180335574980486,2.6848436785116956)
(3.5314231111627095,2.664059794948158)
(3.5446569295692196,2.643204561979277)
(3.5577347757319155,2.6222788787280944)
(3.5706564179325726,2.6012836454487576)
(3.5834216297282815,2.580219763496762)
(3.5960301899591127,2.5590881352991475)
(3.6084818827555476,2.5378896643246636)
(3.6207764975457044,2.5166252550539085)
(3.6329138290623106,2.4952958129494633)
(3.644893677349504,2.473902244425924)
(3.656715847769372,2.4524454568199916)
(3.6683801510082743,2.430926358360478)
(3.6798864030829628,2.409345858138315)
(3.6912344253464857,2.3877048660765166)
(3.7024240444938283,2.3660042929001404)
(3.7134550925673917,2.344245050106207)
(3.724327406962207,2.322428049933621)
(3.7350408304309597,2.3005542053330315)
(3.7455952110887636,2.2786244299367358)
(3.7559904024177615,2.256639638028491)
(3.7662262632714536,2.2346007445133753)
(3.776302657878849,2.2125086648876)
(3.7862194558483795,2.1903643152082917)
(3.795976532171605,2.1681686120633037)
(3.8055737672266865,2.145922472540987)
(3.8150110467816525,2.1236268141999526)
(3.8242882619974607,2.101282555038817)
(3.8334053094308067,2.078890613465972)
(3.8423620910367564,2.056451908269292)
(3.851158514171134,2.033967358585893)
(3.859794491592704,2.011437883871834)
(3.8682699414651385,1.9888644038718555)
(3.8765847873587758,1.966247838589081)
(3.884738958252129,1.9435891082547427)
(3.8927323885332368,1.920889133297893)
(3.900565018000751,1.8981488343151045)
(3.9082367918648275,1.8753691320401944)
(3.9157476607478072,1.8525509473139412)
(3.923097580684678,1.8296952010537995)
(3.930286513123322,1.806802814223615)
(3.9373144249245517,1.7838747078033628)
(3.9441812883619334,1.760911802758884)
(3.9508870811214,1.7379150200116087)
(3.957431786300649,1.7148852804083219)
(3.963815392408326,1.6918235046909247)
(3.9700378933630036,1.668730613466188)
(3.9760992884919433,1.6456075271755575)
(3.981999582529648,1.6224551660649327)
(3.9877387856162096,1.5992744501544762)
(3.9933169132954416,1.5760662992084442)
(3.998733986512796,1.5528316327050302)
(4.003990031613079,1.5295713698062174)
(4.009085080337967,1.5062864293276497)
(4.014019169823285,1.4829777297085418)
(4.018792342596114,1.4596461889815904)
(4.023404646571653,1.4362927247429025)
(4.027856135049913,1.4129182541219678)
(4.032146866712161,1.3895236937516444)
(4.036276905617193,1.3661099597381707)
(4.040246321197394,1.3426779676311835)
(4.0440551882545686,1.3192286323938112)
(4.047703586955591,1.2957628683727356)
(4.0511916028278545,1.2722815892683406)
(4.054519326754489,1.2487857081048395)
(4.05768685496939,1.22527613720048)
(4.060694289052064,1.2017537881377391)
(4.06354173592222,1.1782195717335928)
(4.066229307834219,1.154674398009791)
(4.068757122371279,1.1311191761631685)
(4.071125302440316,1.1075548145365421)
(4.073333976262568,1.0839822205870406)
(4.07538327737076,1.0604023008590029)
(4.077273344603694,1.0368159609547212)
(4.079004322094155,1.0132241055021047)
(4.0805763592658035,0.9896276381274239)
(4.08198961082507,0.9660274614253902)
(4.083244236753754,0.9424244769297929)
(4.084340402301447,0.9188195850841814)
(4.085278277977774,0.8952136852126105)
(4.086058039544376,0.8716076754904327)
(4.0866798680067875,0.8480024529151265)
(4.087143949606025,0.8243989132771692)
(4.087450475810062,0.8007979511309902)
(4.08759964330504,0.7772004597659503)
(4.087591653986342,0.7536073311773724)
(4.087426714949424,0.7300194560376408)
(4.087105038480498,0.7064377236673577)
(4.086626842046983,0.6828630220065385)
(4.085992348287799,0.6592962375858661)
(4.085201785003422,0.6357382554980292)
(4.084255385144481,0.612189959368687)
(4.083153386806622,0.5886522313294555)
(4.081896033214177,0.5651259519876259)
(4.080483572707783,0.5416120003973547)
(4.078916258741938,0.5181112540336151)
(4.0771943498677174,0.49462458876214643)
(4.075318109723061,0.4711528788116295)
(4.07328780702134,0.4476969967455006)
(4.071103715539738,0.4242578134338468)
(4.068766114107462,0.40083619802536785)
(4.066275286593757,0.3774330179193955)
(4.063631521895741,0.35404913873798066)
(4.060835113926042,0.33068542429808173)
(4.057886361600273,0.30734273658378)
(4.054785568824324,0.2840219357186167)
(4.051533044481438,0.260723879937956)
(4.048129102419161,0.23744942556147153)
(4.044574061436053,0.21419942696566077)
(4.0408682452682685,0.19097473655648298)
(4.03701198257592,0.16777620474204377)
(4.033005606929295,0.144604679905362)
(4.028849456794872,0.12146100837722977)
(4.02454387552116,0.09834603440915457)
(4.020089211324383,0.07526060014636866)
(4.015485817273962,0.05220554560092015)
(4.01073405127784,0.029181708624876113)
(4.005834276067619,0.00618992488358212)
(4.000786859183543,-0.016768972170989164)
(3.995592172959276,-0.03969415132678903)
(3.9902505945065463,-0.06258478363815427)
(3.9847625056995857,-0.08544004245220926)
(3.979128293159419,-0.10825910343513688)
(3.9733483482379763,-0.13104114459838787)
(3.9674230670020276,-0.1537853463247965)
(3.9613528502169606,-0.17649089139459387)
(3.955138103330393,-0.1991569650113099)
(3.948779236455598,-0.22178275482763837)
(3.942276664354782,-0.2443674509711499)
(3.935630806422195,-0.2669102460699244)
(3.9288420866670637,-0.28941033527809895)
(3.921910933696372,-0.3118669163013181)
(3.9148377806974657,-0.33427918942205503)
(3.907623065420522,-0.35664635752487994)
(3.900267230160817,-0.37896762612157814)
(3.8927707217408614,-0.40124220337621475)
(3.8851339914923644,-0.4234693001300467)
(3.8773574952380416,-0.44564812992638486)
(3.8694416932732696,-0.46777790903530275)
(3.8613870503475662,-0.48985785647826957)
(3.8531940356459207,-0.511887194052674)
(3.844863122769989,-0.5338651463562375)
(3.8363947897190873,-0.5557909408113038)
(3.8277895188710844,-0.5776638076890462)
(3.8190477969630887,-0.5994829801335613)
(3.810170115072029,-0.6212476941858253)
(3.8011569685950413,-0.6429571888075815)
(3.7920088572297406,-0.6646107059050709)
(3.7827262849543146,-0.6862074903526939)
(3.773309760007481,-0.7077467900165152)
(3.7637597948682906,-0.7292278557776973)
(3.7540769062357895,-0.750649941555778)
(3.744261615008523,-0.7720123043318584)
(3.734314446263906,-0.7933142041716722)
(3.724235929237429,-0.8145549042485265)
(3.714026597301751,-0.835733670866122)
(3.703686987945608,-0.8568497734812659)
(3.6932176427526118,-0.8779024847264698)
(3.682619107379895,-0.898891080432397)
(3.671891931536604,-0.9198148396502162)
(3.6610366689622764,-0.9406730446738307)
(3.6500538774050537,-0.961464981061971)
(3.638944118599766,-0.982189937660161)
(3.627707958245893,-1.0028472066225773)
(3.6163459659853574,-1.023436083433781)
(3.6048587153802165,-1.0439558669302962)
(3.5932467838901836,-1.0644058593221002)
(3.5815107528500607,-1.0847853662139495)
(3.5696512074469804,-1.10509369662661)
(3.557668736697574,-1.125330163017925)
(3.5455639334249676,-1.1454940813037902)
(3.5333373942356654,-1.1655847708789573)
(3.5209897194963053,-1.1856015546377372)
(3.5085215133102707,-1.205543758994565)
(3.4959333834941906,-1.2254107139044195)
(3.483225941554311,-1.2452017528831139)
(3.4703998026627394,-1.2649162130274614)
(3.4574555856335523,-1.284553435035306)
(3.4443939128988044,-1.3041127632253942)
(3.431215410484388,-1.3235935455571344)
(3.417920707985795,-1.3429951336502266)
(3.4045104385437317,-1.3623168828041132)
(3.3909852388196517,-1.3815581520173361)
(3.377345748971124,-1.4007183040067288)
(3.363592612627118,-1.4197967052264826)
(3.3497264768631667,-1.4387927258870634)
(3.335747992176389,-1.45770573997398)
(3.321657812460438,-1.47653512526644)
(3.3074565949803,-1.4952802633558249)
(3.2931450003469953,-1.5139405396640604)
(3.278723692492175,-1.5325153434617962)
(3.2641933386425857,-1.5510040678865038)
(3.2495546092944445,-1.569406109960373)
(3.2348081781877016,-1.5877208706080865)
(3.2199547222801788,-1.6059477546744547)
(3.2049949217216276,-1.6240861709418906)
(3.189929459827661,-1.6421355321477435)
(3.174759023053582,-1.6600952550014911)
(3.1594843009681273,-1.677964760201763)
(3.1441059862270824,-1.69574347245324)
(3.1286247745468176,-1.7134308204833866)
(3.1130413646777026,-1.7310262370590486)
(3.097356458377443,-1.7485291590028722)
(3.081570760384302,-1.7659390272096138)
(3.0656849783902262,-1.783255286662257)
(3.0496998230138956,-1.800477386447998)
(3.033616007773636,-1.8176047797740882)
(3.017434249060299,-1.8346369239834803)
(3.001155266109971,-1.851573280570393)
(2.984779780976668,-1.8684133151956386)
(2.968308518504877,-1.8851564977018607)
(2.951742206302051,-1.9018023021285875)
(2.935081574710989,-1.91835020672712)
(2.9183273567821373,-1.9347996939752963)
(2.9014802882458075,-1.951150250592063)
(2.884541107484303,-1.9674013675519206)
(2.8675105555039626,-1.9835525400991814)
(2.8503893759071093,-1.999603267762099)
(2.8331783148639462,-2.015553054366817)
(2.815878121084345,-2.031401408051163)
(2.798489545789549,-2.0471478412782904)
(2.781013342683836,-2.0627918708501496)
(2.763450267926048,-2.0783330179208144)
(2.745801080101088,-2.09377080800963)
(2.728066540191328,-2.109104771014201)
(2.710247411547934,-2.1243344412232315)
(2.692344459862118,-2.1394593573292022)
(2.674358453136312,-2.1544790624408607)
(2.656290161655308,-2.1693931040955694)
(2.6381403579572984,-2.1842010342715024)
(2.6199098168048094,-2.1989024093996403)
(2.601599315155645,-2.2134967903756353)
(2.58320963213371,-2.22798374257149)
(2.56474154899978,-2.2423628358470924)
(2.5461958491222023,-2.2566336445615707)
(2.5275733179475517,-2.2707957475844625)
(2.5088747429711953,-2.284848728306786)
(2.4901009137078263,-2.2987921746518487)
(2.4712526216619066,-2.312625679085976)
(2.452330660298069,-2.326348838629027)
(2.433335825011472,-2.339961254864738)
(2.414268913098056,-2.3534625339509394)
(2.3951307237247965,-2.3668522866295523)
(2.3759220578998526,-2.380130128236465)
(2.3566437184427116,-2.393295678711198)
(2.3372965099542298,-2.4063485626064356)
(2.3178812387866614,-2.4192884090973683)
(2.2983987130136208,-2.4321148519908675)
(2.2788497424000034,-2.4448275297345017)
(2.2592351383718423,-2.4574260854253622)
(2.239555713986125,-2.469910166818745)
(2.2198122839005907,-2.482279426336636)
(2.2000056643434363,-2.494533521076046)
(2.1801366730830125,-2.5066721128171636)
(2.1602061293974746,-2.5186948680313352)
(2.1402148540443764,-2.5306014578888862)
(2.1201636692302355,-2.5423915582667487)
(2.100053398580065,-2.5540648497559495)
(2.0798848671068484,-2.5656210176688843)
(2.0596589011809985,-2.577059752046462)
(2.0393763284997677,-2.5883807476650533)
(2.019037978056634,-2.59958370404325)
(1.9986446801106383,-2.610668325448507)
(1.9781972661557141,-2.621634320903536)
(1.9576965688899566,-2.6324814041925997)
(1.9371434221848953,-2.6432092938675753)
(1.9165386610546997,-2.6538177132538747)
(1.895883121625396,-2.664306390456196)
(1.8751776411040335,-2.674675058364062)
(1.8544230577478276,-2.684923454657244)
(1.8336202108332949,-2.695051321810943)
(1.8127699406253435,-2.705058407100871)
(1.7918730883463558,-2.71494446260809)
(1.770930496145261,-2.7247092452237145)
(1.749943007066546,-2.7343525166534364)
(1.728911465019311,-2.7438740434218696)
(1.707836714746247,-2.7532735968767117)
(1.686719601792643,-2.7625509531927395)
(1.6655609724753493,-2.771705893375646)
(1.6443616738517424,-2.7807382032656625)
(1.6231225536886829,-2.7896476735410416)
(1.6018444604314244,-2.7984340997213475)
(1.580528243172589,-2.8070972821705777)
(1.5591747516210328,-2.8156370261001107)
(1.5377848360707962,-2.8240531415714663)
(1.516359347369982,-2.8323454434989044)
(1.494899136889681,-2.840513751651845)
(1.4734050564928363,-2.8485578906571076)
(1.4518779585031556,-2.856477690000981)
(1.4303186956739995,-2.8642729840311145)
(1.4087281211572633,-2.8719436119582333)
(1.3871070884722716,-2.8794894178576795)
(1.3654564514746574,-2.886910250670784)
(1.3437770643252764,-2.894205964206052)
(1.3220697814590845,-2.901376417140178)
(1.3003354575540484,-2.9084214730188855)
(1.2785749475000598,-2.9153410002575946)
(1.2567891063678318,-2.922134872141914)
(1.234978789377854,-2.9288029668279427)
(1.2131448518692909,-2.935345167342422)
(1.191288149268954,-2.941761361582698)
(1.1694095370602409,-2.948051442316505)
(1.1475098707521043,-2.954215307181584)
(1.1255900058480586,-2.960252858685124)
(1.103650797815144,-2.9661640042030166)
(1.081693102052972,-2.9719486559789607)
(1.059717773862727,-2.9776067311233705)
(1.0377256684162592,-2.9831381516121116)
(1.0157176407251165,-2.9885428442850808)
(0.993694545609645,-2.993820740844585)
(0.9716572376681292,-2.998971777853575)
(0.9496065712458911,-3.0039958967336724)
(0.9275434004044857,-3.0088930437630546)
(0.9054685788908677,-3.013663170074153)
(0.8833829601066036,-3.018306231651167)
(0.861287397077142,-3.022822189327413)
(0.839182742421042,-3.0272110087825244)
(0.8170698483193128,-3.031472660539427)
(0.7949495664847152,-3.035607119961195)
(0.7728227481311518,-3.0396143672476867)
(0.7506902439430397,-3.0434943874320632)
(0.7285529040447607,-3.0472471703770663)
(0.7064115779701264,-3.050872710771192)
(0.6842671146318765,-3.0543710081246425)
(0.662120362291226,-3.057742066765135)
(0.6399721685274391,-3.060985895833528)
(0.6178233802074664,-3.0641025092792744)
(0.5956748434555893,-3.0670919258557165)
(0.5735274036231334,-3.069954169115188)
(0.5513819052582222,-3.072689267403974)
(0.529239192075561,-3.0752972538570797)
(0.507100106926276,-3.0777781663928265)
(0.48496549176781306,-3.080132047707308)
(0.46283618763385276,-3.082358945268636)
(0.44071303460429845,-3.084458911311058)
(0.41859687177530763,-3.08643200282886)
(0.39648853722938593,-3.0882782815701524)
(0.37438886800550314,-3.0899978140304527)
(0.3522987000693016,-3.091590671446102)
(0.33021886828331354,-3.093056929787532)
(0.30815020637729945,-3.094396669752353)
(0.2860935469185505,-3.0956099767582694)
(0.264049721282351,-3.0966969409358476)
(0.24201955962241403,-3.0976576571210988)
(0.22000389084142236,-3.098492224847901)
(0.19800354256163344,-3.099200748340261)
(0.17601934109551357,-3.0997833365044145)
(0.15405211141645517,-3.100240102920745)
(0.13210267712958204,-3.1005711658355475)
(0.11017186044256594,-3.100776648152639)
(0.08826048213654154,-3.10085667742478)
(0.06636936153709447,-3.1008113858449735)
(0.044499316485310865,-3.100640910237542)
(0.02265116330887646,-3.1003453920490998)
(0.0008257167932805569,-3.0999249773393323)
(-0.020976209846940708,-3.0993798167716156)
(-0.04275380499687603,-3.0987100656034885)
(-0.0645062586698035,-3.0979158836769427)
(-0.08623276253577189,-3.096997435408578)
(-0.10793250994999135,-3.0959548897795726)
(-0.12960469598124208,-3.0947884203255103)
(-0.15124851744014278,-3.09349820512604)
(-0.1728631729073859,-3.0920844267943903)
(-0.19444786276186488,-3.090547272466702)
(-0.21600178920871901,-3.088886933791226)
(-0.23752415630732318,-3.0871036069173505)
(-0.25901416999916665,-3.085197492484475)
(-0.28047103813567437,-3.0831687956107308)
(-0.3018939705059096,-3.081017725881538)
(-0.32328217886423466,-3.078744497338025)
(-0.344634876957847,-3.0763493284652603)
(-0.36595128055423976,-3.073832442180371)
(-0.38723060746859794,-3.071194065820473)
(-0.408472077591047,-3.0684344311304623)
(-0.4296749129138945,-3.0655537742506622)
(-0.4508383375586935,-3.0625523357042987)
(-0.4719615778032821,-3.0594303603848374)
(-0.49304386210868834,-3.0561880975431674)
(-0.5140844211459474,-3.0528258007746287)
(-0.5350824878228555,-3.0493437280059004)
(-0.5560372973105723,-3.0457421414817243)
(-0.5769480870701849,-3.042021307751492)
(-0.5978140968791131,-3.03818149765569)
(-0.6186345688574852,-3.0342229863121597)
(-0.6394087474943513,-3.03014605310226)
(-0.660135879673823,-3.0259509816568544)
(-0.680815214701124,-3.0216380598421484)
(-0.7014460043285008,-3.0172075797454005)
(-0.7220275027810773,-3.012659837660469)
(-0.7425589667825663,-3.0079951340732314)
(-0.7630396555808806,-3.003213773646845)
(-0.7834688309736686,-2.998316065206877)
(-0.803845757333701,-2.9933023217262797)
(-0.8241697016341833,-2.988172860310232)
(-0.8444399334739303,-2.982928002180838)
(-0.8646557251024553,-2.9775680726616898)
(-0.884816351444941,-2.972093401162273)
(-0.9049210901270865,-2.9665043211622537)
(-0.9249692214998458,-2.960801170195621)
(-0.9449600286640831,-2.954984289834675)
(-0.9648927974950683,-2.9490540256738975)
(-0.984766816666879,-2.943010727313685)
(-1.0045813776766988,-2.936854748343926)
(-1.0243357748689657,-2.930586446327462)
(-1.0440293054594416,-2.9242061827834167)
(-1.063661269559135,-2.917714323170358)
(-1.0832309701981142,-2.911111236869382)
(-1.1027377133491947,-2.9043972971670007)
(-1.122180807951519,-2.8975728812379593)
(-1.1415595659340079,-2.8906383701278617)
(-1.1608733022386686,-2.8835941487357255)
(-1.1801213348438244,-2.8764406057963554)
(-1.1993029847871741,-2.869178133862619)
(-1.2184175761887472,-2.8618071292875817)
(-1.237464436273747,-2.854327992206519)
(-1.2564428953952183,-2.8467411265187907)
(-1.2753522870566696,-2.8390469398696117)
(-1.29419194793447,-2.8312458436316685)
(-1.312961217900199,-2.8233382528866287)
(-1.3316594400428172,-2.8153245864065197)
(-1.350285960690721,-2.8072052666349987)
(-1.368840129433679,-2.7989807196684695)
(-1.3873212991446084,-2.790651375237109)
(-1.4057288260012428,-2.7822176666857503)
(-1.424062069507657,-2.773680030954663)
(-1.4423203925156622,-2.7650389085601956)
(-1.4605031612460557,-2.7562947435753102)
(-1.4786097453097407,-2.747447983610009)
(-1.4966395177287164,-2.7384990797916093)
(-1.5145918549569155,-2.7294484867449453)
(-1.532466136900921,-2.7202966625724194)
(-1.550261746940541,-2.71104406883396)
(-1.5679780719492076,-2.701691170526854)
(-1.5856145023143124,-2.6922384360654656)
(-1.6031704319573192,-2.682686337260853)
(-1.620645258353795,-2.673035349300264)
(-1.638038382553259,-2.6632859507265234)
(-1.655349209198916,-2.653438623417295)
(-1.6725771465472359,-2.6434938525642795)
(-1.689721606487377,-2.633452126652245)
(-1.7067820045604893,-2.623313937437995)
(-1.7237577599788476,-2.6130797799292034)
(-1.7406482956448694,-2.602750152363162)
(-1.757453038169939,-2.5923255561854006)
(-1.7741714178931356,-2.581806496028231)
(-1.7908028688997781,-2.5711934796891533)
(-1.8073468290398276,-2.5604870181092005)
(-1.8238027399461665,-2.5496876253511433)
(-1.8401700470526727,-2.5387958185776194)
(-1.8564481996122144,-2.5278121180291366)
(-1.87263665071443,-2.5167370470020245)
(-1.8887348573033924,-2.505571131826216)
(-1.9047422801951193,-2.494314901843005)
(-1.9206583840948999,-2.4829688893826654)
(-1.9364826376145188,-2.471533629741968)
(-1.9522145132892719,-2.4600096611616467)
(-1.9678534875948828,-2.4483975248037044)
(-1.9833990409641955,-2.4366977647286996)
(-1.9988506578037937,-2.42491092787288)
(-2.014207826510389,-2.4130375640252657)
(-2.0294700394870993,-2.401078225804605)
(-2.044636793159554,-2.3890334686362773)
(-2.059707587991832,-2.376903850729091)
(-2.07468192850226,-2.3646899330519813)
(-2.0895593232790453,-2.3523922793106458)
(-2.1043392849957385,-2.3400114559240737)
(-2.1190213304265413,-2.327548032001008)
(-2.133604980461476,-2.315002579316296)
(-2.1480897601213615,-2.302375672287192)
(-2.162475198572635,-2.2896678879495482)
(-2.1767608291420344,-2.2768798059339472)
(-2.190946189331087,-2.2640120084417306)
(-2.205030820830469,-2.251065080220964)
(-2.219014269534153,-2.2380396085423295)
(-2.232896085553456,-2.224936183174919)
(-2.2466758232308695,-2.211755396361963)
(-2.2603530411537465,-2.19849784279649)
(-2.2739273021678192,-2.185164119596899)
(-2.287398173390562,-2.171754826282468)
(-2.300765226224374,-2.158270564748781)
(-2.3140280363695984,-2.1447119392430825)
(-2.3271861838373837,-2.1310795563395786)
(-2.340239252962359,-2.117374024914643)
(-2.3531868324151723,-2.103595956121974)
(-2.3660285152148304,-2.089745963367657)
(-2.3787638987408855,-2.075824662285211)
(-2.3913925847454482,-2.0618326707104964)
(-2.4039141793650374,-2.0477706086566245)
(-2.4163282931322487,-2.0336390982887687)
(-2.428634540987277,-2.0194387638989055)
(-2.4408325422892347,-2.005170231880529)
(-2.452921920827321,-1.990834130703256)
(-2.4649023048318246,-1.9764310908874136)
(-2.4767733269849437,-1.9619617449785403)
(-2.488534624431437,-1.9474267275218353)
(-2.500185838789096,-1.9328266750365695)
(-2.5117266161590712,-1.9181622259903952)
(-2.523156607135987,-1.9034340207736564)
(-2.5344754668179164,-1.888642701673593)
(-2.5456828548161634,-1.8737889128485319)
(-2.556778435264887,-1.8588733003019917)
(-2.5677618768305384,-1.843896511856763)
(-2.5786328527211224,-1.82885919712893)
(-2.5893910406953107,-1.813762007501824)
(-2.600036123071336,-1.798605596099963)
(-2.6105677867357584,-1.78339061776291)
(-2.620985723152022,-1.7681177290190957)
(-2.631289628368853,-1.7527875880596244)
(-2.6414792030284824,-1.737400854711981)
(-2.651554152374683,-1.7219581904137327)
(-2.661514186260646,-1.7064602581861814)
(-2.6713590191566574,-1.6909077226079716)
(-2.681088370157628,-1.6753012497886497)
(-2.690701962990424,-1.6596415073421977)
(-2.7001995260210285,-1.6439291643605205)
(-2.7095807922615283,-1.6281648913869016)
(-2.718845499376918,-1.6123493603894021)
(-2.727993389691739,-1.59648324473425)
(-2.737024210196524,-1.5805672191591944)
(-2.7459377125540683,-1.564601959746785)
(-2.7547336531055415,-1.5485881438976874)
(-2.763411792876393,-1.5325264503038991)
(-2.7719718975821057,-1.5164175589219724)
(-2.780413737633743,-1.5002621509462197)
(-2.7887370881433537,-1.484060908781837)
(-2.7969417289291583,-1.4678145160180642)
(-2.8050274445205954,-1.4515236574012624)
(-2.8129940241631566,-1.4351890188080179)
(-2.820841261823067,-1.4188112872181697)
(-2.828568956191771,-1.4023911506878532)
(-2.8361769106902375,-1.385929298322507)
(-2.8436649334731174,-1.3694264202498476)
(-2.8510328374326765,-1.35288320759286)
(-2.8582804402025723,-1.3363003524427044)
(-2.8654075641614636,-1.3196785478316806)
(-2.8724140364364104,-1.3030184877061122)
(-2.879299688906132,-1.2863208668992503)
(-2.8860643582040417,-1.2695863811041577)
(-2.892707885721148,-1.2528157268465558)
(-2.8992301176087296,-1.2360096014576902)
(-2.9056309047808813,-1.2191687030471645)
(-2.911910102916833,-1.2022937304757653)
(-2.9180675724631233,-1.1853853833282737)
(-2.9241031786355793,-1.1684443618862803)
(-2.930016791421114,-1.1514713671009862)
(-2.9358082855793497,-1.134467100565982)
(-2.9414775406440663,-1.1174322644900514)
(-2.9470244409244604,-1.1003675616699287)
(-2.9524488755062284,-1.0832736954631044)
(-2.957750738252476,-1.0661513697605687)
(-2.9629299278044448,-1.0490012889595997)
(-2.9679863475820527,-1.0318241579365326)
(-2.9729199057842632,-1.0146206820195194)
(-2.9777305153892812,-0.997391566961314)
(-2.982418094154551,-0.9801375189120317)
(-2.9869825646165973,-0.962859244391929)
(-2.9914238540906637,-0.945557450264189)
(-2.995741894670203,-0.9282328437077003)
(-2.9999366232261546,-0.9108861321898502)
(-3.004007981406066,-0.8935180234393134)
(-3.0079559156330404,-0.8761292254188744)
(-3.011780377104479,-0.8587204462982265)
(-3.01548132179067,-0.8412923944268006)
(-3.0190587104331907,-0.8238457783066127)
(-3.0225125085431324,-0.8063813065650874)
(-3.0258426863991454,-0.7888996879279524)
(-3.0290492190453167,-0.7714016311920784)
(-3.0321320862888412,-0.7538878451983937)
(-3.035091272697563,-0.7363590388047787)
(-3.037926767597292,-0.7188159208589895)
(-3.040638565068982,-0.7012592001716126)
(-3.043226663945696,-0.6836895854890035)
(-3.045691067809428,-0.6661077854662864)
(-3.048031784987725,-0.6485145086403464)
(-3.050248828550151,-0.6309104634028578)
(-3.0523422163045577,-0.613296357973321)
(-3.054311970793195,-0.5956729003721524)
(-3.0561581192886313,-0.5780407983937609)
(-3.05788069378951,-0.5604007595796788)
(-3.059479731016129,-0.5427534911917178)
(-3.0609552724058386,-0.5250997001851287)
(-3.0623073641082805,-0.5074400931818356)
(-3.063536056980423,-0.4897753764436371)
(-3.0646414065814627,-0.4721062558455065)
(-3.06562347316752,-0.4544334368488689)
(-3.066482321686162,-0.43675762447494154)
(-3.0672180217707896,-0.41907952327811043)
(-3.0678306477347976,-0.4013998373193097)
(-3.068320278565607,-0.38371927013948476)
(-3.0686869979184945,-0.3660385247330395)
(-3.0689308941102755,-0.34835830352138053)
(-3.069052060112794,-0.33067930832643644)
(-3.0690505935462515,-0.31300224034426544)
(-3.0689265966723647,-0.2953278001186921)
(-3.0686801763873546,-0.27765668751496486)
(-3.0683114442147548,-0.25998960169348906)
(-3.067820516298067,-0.2423272410835738)
(-3.0672075133932273,-0.22467030335723917)
(-3.066472560860921,-0.20701948540308387)
(-3.065615788658712,-0.18937548330015047)
(-3.064637331333025,-0.17173899229190012)
(-3.063537328010932,-0.15411070676018204)
(-3.062315922391801,-0.13649132019929652)
(-3.0609732627387527,-0.11888152519007021)
(-3.059509501869963,-0.1012820133740074)
(-3.0579247971497905,-0.08369347542749134)
(-3.0562193104797593,-0.06611660103602682)
(-3.0543932082893446,-0.04855207886854842)
(-3.0524466615266106,-0.031000596551769434)
(-3.050379845648692,-0.013462840644614303)
(-3.0481929406120876,0.004060503387327271)
(-3.0458861308628133,0.021568751197262714)
(-3.0434596053263756,0.039061219582601295)
(-3.040913557397594,0.0565372265103231)
(-3.038248184930244,0.07399609114225245)
(-3.03546369022656,0.09143713386029781)
(-3.0325602800265576,0.10885967629161389)
(-3.029538165497208,0.12626304133371244)
(-3.0263975622214407,0.14364655317949726)
(-3.0231386901869923,0.16100953734223053)
(-3.019761773775098,0.17835132068045828)
(-3.0162670417490185,0.19567123142283177)
(-3.0126547272424062,0.2129685991929029)
(-3.0089250677475254,0.23024275503379923)
(-3.005078305103296,0.24749303143289175)
(-3.001114685483203,0.2647187623463318)
(-2.997034459383023,0.2819192832235607)
(-2.99283788160842,0.2990939310317244)
(-2.9885252112623673,0.31624204428001224)
(-2.9840967117324237,0.33336296304394497)
(-2.9795526506778547,0.35045602898956746)
(-2.9748933000165936,0.3675205853975562)
(-2.9701189359120574,0.3845559771872833)
(-2.9652298387598,0.4015615509407834)
(-2.9602262931740264,0.41853665492662645)
(-2.9551085879739447,0.4354806391237459)
(-2.949877016169971,0.45239285524515827)
(-2.9445318749497815,0.4692726567616148)
(-2.9390734656642166,0.4861193989251711)
(-2.9335020938130434,0.502932438792656)
(-2.927818069030546,0.5197111352491012)
(-2.9220217050710002,0.5364548490310228)
(-2.916113319793975,0.5531629427496849)
(-2.9100932351494992,0.5698347809142228)
(-2.9039617771630764,0.5864697299547107)
(-2.897719275920557,0.6030671582451324)
(-2.8913660655528726,0.6196264361262455)
(-2.8849024842206124,0.6361469359284099)
(-2.878328874098466,0.6526280319942496)
(-2.87164558135951,0.6690691007012959)
(-2.8648529561593814,0.6854695204844916)
(-2.8579513526202684,0.7018286718586206)
(-2.8509411288148003,0.7181459374406491)
(-2.843822646749774,0.7344207019719435)
(-2.83659627234973,0.7506523523404425)
(-2.829262375440428,0.7668402776026971)
(-2.821821329732152,0.7829838690058056)
(-2.81427351280288,0.7990825200092955)
(-2.8066193060813363,0.8151356263068701)
(-2.798859094829892,0.831142585848051)
(-2.7909932681273255,0.847102798859766)
(-2.7830222188514666,0.8630156678677876)
(-2.774946343661696,0.8788805977180972)
(-2.7667660429813012,0.8946969955981369)
(-2.7584817209797237,0.9104642710579721)
(-2.750093785554655,0.9261818360313238)
(-2.7416026483140095,0.9418491048565237)
(-2.733008724557765,0.9574654942973677)
(-2.724312433259666,0.9730304235638304)
(-2.715514197048825,0.9885433143327064)
(-2.706614442191156,1.0040035907681297)
(-2.6976135985707237,1.0194106795419788)
(-2.688512099670916,1.0347640098542021)
(-2.6793103825555535,1.0500630134529914)
(-2.6700088878498063,1.0653071246548897)
(-2.6606080597210364,1.0804957803647561)
(-2.651108345859502,1.0956284200956343)
(-2.641510197458929,1.1107044859885067)
(-2.631814069196977,1.125723422831922)
(-2.622020419215564,1.1406846780815454)
(-2.6121297091010915,1.1555877018795602)
(-2.602142403864549,1.1704319470739548)
(-2.5920589719214693,1.1852168692377298)
(-2.5818798850718117,1.1999419266879503)
(-2.571605618479688,1.2146065805047)
(-2.5612366506530093,1.229210294549908)
(-2.5507734634229777,1.2437525354860797)
(-2.5402165419234954,1.2582327727948783)
(-2.5295663745704418,1.272650478795615)
(-2.5188234530408473,1.2870051286635997)
(-2.5079882722519597,1.3012962004483724)
(-2.4970613303401725,1.3155231750918384)
(-2.486043128639884,1.3296855364462374)
(-2.47493417166221,1.3437827712920416)
(-2.4637349670736013,1.3578143693556894)
(-2.4524460256743694,1.3717798233272136)
(-2.44106786137707,1.3856786288777485)
(-2.4296009911848317,1.39951028467689)
(-2.4180459351695083,1.4132742924099744)
(-2.4064032164498115,1.4269701567951723)
(-2.394673361169258,1.4405973856005183)
(-2.3828568984740754,1.4541554896607616)
(-2.370954360490979,1.4676439828941186)
(-2.3589662823048383,1.4810623823188898)
(-2.3468932019362874,1.494410208069932)
(-2.3347356603191693,1.5076869834150435)
(-2.3224942012779555,1.520892234771166)
(-2.310169371505002,1.5340254917204963)
(-2.297761720537758,1.547086287026454)
(-2.2852718007358552,1.5600741566495024)
(-2.272700167258103,1.572988639762873)
(-2.2600473780394097,1.585829278768105)
(-2.2473139937675812,1.5985956193105182)
(-2.2345005778600475,1.611287210294488)
(-2.221607696440491,1.623903603898636)
(-2.2086359183154136,1.6364443555908421)
(-2.1955858149505487,1.648909024143165)
(-2.182457960447252,1.6612971716466003)
(-2.169252931518783,1.673608363525696)
(-2.1559713074664817,1.6858421685530636)
(-2.142613670155879,1.69799815886372)
(-2.129180603992725,1.7100759099693048)
(-2.1156726958989225,1.7220750007721677)
(-2.1020905352883976,1.73399501357929)
(-2.0884347140428483,1.7458355341161171)
(-2.07470582648747,1.7575961515401801)
(-2.060904469366549,1.7692764584546579)
(-2.047031241819009,1.7808760509217336)
(-2.033086745353872,1.792394528475841)
(-2.019071583825629,1.8038314941367768)
(-2.0049863634095817,1.8151865544226338)
(-1.990831692577028,1.8264593193626513)
(-1.9766081820704593,1.837649402509852)
(-1.962316444878628,1.8487564209536078)
(-1.9479570962115695,1.859779995332009)
(-1.9335307534755475,1.8707197498441146)
(-1.9190380362479196,1.8815753122620515)
(-1.9044795662519634,1.8923463139429644)
(-1.8898559673315916,1.9030323898408457)
(-1.8751678654260373,1.9136331785181897)
(-1.860415888544459,1.9241483221575035)
(-1.8456006667404794,1.9345774665727118)
(-1.8307228320866615,1.9449202612203578)
(-1.8157830186489199,1.9551763592107065)
(-1.8007818624608938,1.9653454173186569)
(-1.7857200014982109,1.9754270959945597)
(-1.770598075652736,1.9854210593748383)
(-1.755416726706742,1.9953269752924905)
(-1.740176598307034,2.005144515287427)
(-1.724878335938991,2.014873354616678)
(-1.7095225869005795,2.024513172264434)
(-1.694110000276312,2.034063650951943)
(-1.6786412269111197,2.0435244771472676)
(-1.663116919384216,2.05289534107488)
(-1.6475377319828772,2.0621759367251156)
(-1.6319043206761787,2.0713659618634632)
(-1.61621734308871,2.0804651180397244)
(-1.6004774584741757,2.089473110597011)
(-1.5846853276890374,2.0983896486805773)
(-1.5688416131660181,2.107214445246541)
(-1.5529469788876336,2.1159472170704086)
(-1.537002090359642,2.124587684755476)
(-1.5210076145844533,2.133135572741067)
(-1.504964220034519,2.1415906093106143)
(-1.4888725766256363,2.149952526599615)
(-1.472733355690267,2.1582210606033883)
(-1.4565472299507665,2.166395951184722)
(-1.4403148734926057,2.1744769420813532)
(-1.4240369617375528,2.1824637809132725)
(-1.4077141714167984,2.1903562191899164)
(-1.3913471805440853,2.198154012317167)
(-1.3749366683887463,2.2058569196042175)
(-1.3584833154487586,2.2134647042702937)
(-1.3419878034237656,2.220977133451185)
(-1.325450815188018,2.2283939782056605)
(-1.3088730347633317,2.235715013521718)
(-1.2922551472920247,2.242940018322653)
(-1.2755978390097695,2.2500687754730184)
(-1.2589017972184775,2.257101071784385)
(-1.2421677102591258,2.264036698020978)
(-1.2253962674845633,2.270875448905141)
(-1.2085881592323195,2.277617123122658)
(-1.1917440767973335,2.2842615233279)
(-1.1748647124047313,2.290808456148834)
(-1.157950759182522,2.2972577321918757)
(-1.1410029111343098,2.303609166046575)
(-1.124021863111984,2.3098625762901435)
(-1.1070083107883713,2.3160177854918556)
(-1.0899629506299127,2.3220746202172426)
(-1.072886479869256,2.3280329110321833)
(-1.0557795964779273,2.3338924925068034)
(-1.038642999138898,2.3396532032192328)
(-1.0214773872191938,2.3453148857591994)
(-1.0042834607424886,2.3508773867314723)
(-0.9870619203616603,2.3563405567591555)
(-0.9698134673313832,2.361704250486792)
(-0.9525388034806571,2.3669683265833603)
(-0.9352386311853675,2.3721326477450773)
(-0.9179136533408458,2.377197080698054)
(-0.9005645733343866,2.382161496200803)
(-0.883192095017792,2.3870257690465793)
(-0.8657969226799104,2.3917897780655744)
(-0.8483797610191721,2.3964534061269305)
(-0.8309413151161007,2.401016540140635)
(-0.8134822904058638,2.4054790710592298)
(-0.7960033926507963,2.4098408938793687)
(-0.778505327912948,2.414101907643219)
(-0.7609888025266086,2.418262015439727)
(-0.7434545230708524,2.422321124405694)
(-0.7259031963421118,2.4262791457267063)
(-0.708335529326694,2.430135994637922)
(-0.6907522291733817,2.4338915904247003)
(-0.6731540031659841,2.437545856423045)
(-0.6555415586959243,2.4410987200199368)
(-0.6379156032348494,2.444550112653463)
(-0.6202768443072031,2.447899969812833)
(-0.6026259894628846,2.451148231038211)
(-0.5849637462498443,2.454294839920394)
(-0.5672908221867518,2.45733974410035)
(-0.5496079247356582,2.4602828952685827)
(-0.531915761274665,2.46312424916436)
(-0.514215039070656,2.4658637655747566)
(-0.4965064652519606,2.468501408333574)
(-0.4787907467811533,2.471037145320084)
(-0.4610685904277692,2.473470948457633)
(-0.44334070274109705,2.4758027937120666)
(-0.4256077900230002,2.478032661090026)
(-0.40787055830071833,2.480160534637078)
(-0.3901297132997669,2.4821864024356786)
(-0.3723859604167629,2.484110256603014)
(-0.35464000469236995,2.4859320932886493)
(-0.33689255078424163,2.4876519126720478)
(-0.31914430293995427,2.4892697189599273)
(-0.3013959649700327,2.4907855203834712)
(-0.28364824022096374,2.492199329195376)
(-0.2659018315482809,2.4935111616667376)
(-0.24815744128962514,2.494721038083824)
(-0.23041577123789614,2.4958289827446243)
(-0.2126775226144119,2.496835023955333)
(-0.19494339604211042,2.4977391940266056)
(-0.17721409151879655,2.498541529269699)
(-0.1594903083903932,2.499242069992461)
(-0.1417727453243033,2.4998408604951465)
(-0.12406210028272086,2.5003379490661106)
(-0.10635907049605535,2.5007333879773195)
(-0.08866435243636614,2.5010272334797414)
(-0.07097864179085565,2.501219545798553)
(-0.05330263343539783,2.501310389128235)
(-0.03563702140809354,2.5012998316274757)
(-0.017982498882930242,2.5011879454139487)
(-0.00033975814341515563,2.5009748065589497)
(0.01729050944368985,2.5006604950818536)
(0.034907613454601055,2.5002450949444457)
(0.052510864434701064,2.4997286940451002)
(0.07009957392465106,2.499111384212801)
(0.0876730544865021,2.498393261201027)
(0.10523061972968308,2.4975744246814755)
(0.12277158433700006,2.4966549782376504)
(0.14029526409053847,2.495635029358297)
(0.15780097589752234,2.4945146894306913)
(0.1752880378161219,2.493294073733771)
(0.19275576908118097,2.491973301431147)
(0.21020349012992154,2.4905524955639433)
(0.22763052262755612,2.4890317830435023)
(0.24503618949286002,2.487411294643938)
(0.26241981492364763,2.4856911649945617)
(0.27978072442224683,2.483871532572136)
(0.2971182448208491,2.481952539693011)
(0.3144317043068184,2.4799343325050907)
(0.3317204324479416,2.4778170609796906)
(0.34898376021761246,2.475600878903212)
(0.36622102001992324,2.4732859438687003)
(0.3834315457147209,2.4708724172672563)
(0.4006146726425581,2.4683604642793004)
(0.41776973764962294,2.465750253865701)
(0.4348960791125351,2.4630419587587524)
(0.45199303696312937,2.460235755453026)
(0.4690599527131264,2.457331824196067)
(0.4860961694787434,2.454330348978965)
(0.5031010320052374,2.451231517526771)
(0.5200738866913404,2.4480355212887956)
(0.5370140816136624,2.444742555428732)
(0.5539209665509953,2.4413528188146905)
(0.5707938930085332,2.437866514009056)
(0.5876322142420094,2.434283847258227)
(0.6044352852817795,2.4306050284822063)
(0.6212024629567822,2.426830271264074)
(0.637933105918468,2.422959792839303)
(0.6546265746646007,2.418993814084953)
(0.6712822315630032,2.4149325595087237)
(0.6878994408751861,2.4107762572378877)
(0.7044775687799407,2.4065251390080578)
(0.7210159833968067,2.402179440151861)
(0.7375140548094445,2.397739399587449)
(0.7539711550889704,2.3932052598068947)
(0.770386658317149,2.388577266864436)
(0.7867599406095142,2.3838556703646288)
(0.8030903801384234,2.37904072345031)
(0.8193773571559615,2.3741326827904903)
(0.8356202540168391,2.369131808568079)
(0.8518184552010921,2.3640383644674894)
(0.8679713473367948,2.358852617662122)
(0.8840783192225953,2.353574838801709)
(0.9001387618501948,2.348205301999551)
(0.9161520684267233,2.3427442848195916)
(0.9321176343970017,2.3371920682634113)
(0.9480348574657516,2.3315489367570525)
(0.9639031376196381,2.3258151781377525)
(0.9797218771492768,2.319991083640527)
(0.9954904806711043,2.314076947884646)
(1.0112083551491466,2.308073068859979)
(1.0268749099167127,2.3019797479132267)
(1.0424895566979422,2.2957972897340104)
(1.0580517096293076,2.2895260023408674)
(1.0735607852809488,2.2831661970670862)
(1.0890162026779386,2.2767181885464782)
(1.1044173833214495,2.2701822946989685)
(1.119763751209789,2.263558836716108)
(1.135054732859342,2.2568481390464563)
(1.1502897573253839,2.2500505293808386)
(1.1654682562228333,2.2431663386375025)
(1.180589663746841,2.2361959009471275)
(1.1956534166933002,2.2291395536377614)
(1.2106589544792186,2.2219976372196006)
(1.2256057191630223,2.2147704953696805)
(1.2404931554647083,2.20745847491645)
(1.2553207107858817,2.2000619258242096)
(1.27008783522972,2.1925812011774726)
(1.2847939816207734,2.1850166571651823)
(1.2994386055246816,2.1773686530648413)
(1.3140211652677671,2.1696375512265087)
(1.3285411219564847,2.1618237170567056)
(1.3429979394968174,2.1539275190022074)
(1.357391084613471,2.145949328533708)
(1.3717200268690262,2.1378895201294115)
(1.3859842386829189,2.1297484712584747)
(1.4001831953503177,2.1215265623643806)
(1.4143163750608982,2.1132241768481865)
(1.4283832589174386,2.1048417010516682)
(1.4423833309543836,2.096379524240357)
(1.456316078156196,2.087838038586489)
(1.4701809904756318,2.0792176391518264)
(1.4839775608518972,2.070518723870397)
(1.4977052852286392,2.0617416935311184)
(1.5113636625718645,2.052886951760339)
(1.5249521948876628,2.043954905004251)
(1.5384703872398955,2.0349459625112307)
(1.551917747767671,2.0258605363140596)
(1.5652937877027309,2.0166990412120733)
(1.5785980213867121,2.0074618947531713)
(1.5918299662882707,1.9981495172157762)
(1.604989143020068,1.9887623315906653)
(1.6180750753556334,1.9793007635627227)
(1.6310872902461029,1.9697652414925864)
(1.6440253178368205,1.9601561963982115)
(1.6568886914838035,1.9504740619363328)
(1.6696769477700657,1.940719274383846)
(1.6823896265218472,1.9308922726190842)
(1.695026270824656,1.9209934981030037)
(1.7075864270392112,1.9110233948603046)
(1.7200696448172443,1.9009824094604255)
(1.7324754771171595,1.8908709909984782)
(1.7448034802195564,1.880689591076081)
(1.757053213742632,1.8704386637821122)
(1.769224240657404,1.8601186656733755)
(1.7813161273028708,1.8497300557551766)
(1.7933284434009402,1.8392732954618214)
(1.805260762071307,1.8287488486370274)
(1.817112659846126,1.8181571815142494)
(1.828883716684579,1.8074987626969308)
(1.840573515987298,1.796774063138665)
(1.8521816446106258,1.7859835561232948)
(1.8637076928807828,1.7751277172448983)
(1.875151254607819,1.7642070243877361)
(1.8865119270995083,1.7532219577060812)
(1.897789311175037,1.7421729996040145)
(1.9089830111785708,1.731060634715101)
(1.920092634992673,1.7198853498820184)
(1.9311177940516053,1.7086476341361068)
(1.9420581033544277,1.6973479786768484)
(1.9529131814780307,1.6859868768512376)
(1.9636826505899345,1.6745648241331508)
(1.974366136461022,1.6630823181025625)
(1.9849632684780654,1.6515398584247731)
(1.9954736796561618,1.6399379468294744)
(2.0058970066509536,1.628277087089843)
(2.016232889770763,1.61655778500151)
(2.0264809729885673,1.6047805483614426)
(2.0366409039537734,1.5929458869468336)
(2.046712334003931,1.5810543124938585)
(2.056694918176203,1.5691063386764044)
(2.066588315218778,1.5571024810846954)
(2.0763921876020497,1.5450432572039285)
(2.0861062015297196,1.5329291863927679)
(2.0957300269496795,1.5207607898618132)
(2.1052633375648067,1.5085385906520372)
(2.1147058108435695,1.4962631136130917)
(2.1240571280304743,1.4839348853816352)
(2.133316974156419,1.4715544343595282)
(2.1424850380488025,1.4591222906920451)
(2.1515610123415687,1.446638986245968)
(2.1605445934850556,1.4341050545876586)
(2.1694354817556736,1.4215210309610766)
(2.1782333812654886,1.4088874522657195)
(2.1869379999715797,1.396204857034554)
(2.195549049685316,1.3834737854118258)
(2.2040662460814167,1.3706947791309172)
(2.2124893087068833,1.357868381492054)
(2.2208179609898004,1.344995137340039)
(2.229051930247931,1.3320755930418897)
(2.2371909476971874,1.3191102964644614)
(2.245234748459955,1.3060997969520125)
(2.253183071573242,1.2930446453036901)
(2.2610356599966615,1.2799453937510565)
(2.2687922606203013,1.2668025959354712)
(2.2764526242723795,1.2536168068855178)
(2.284016505726812,1.2403885829943064)
(2.2914836637105345,1.227118481996832)
(2.298853860910769,1.2138070629471844)
(2.3061268639820396,1.2004548861958217)
(2.3133024435530922,1.187062513366737)
(2.320380374233637,1.1736305073345994)
(2.327360434620917,1.1601594322019015)
(2.334242407306162,1.1466498532759921)
(2.341026078880818,1.1331023370461797)
(2.3477112399426954,1.119517451160683)
(2.35429768510188,1.1058957644036604)
(2.36078521298655,1.092237846672137)
(2.367173626248609,1.0785442689529066)
(2.373462731569132,1.0648156032994536)
(2.3796523396637177,1.0510524228087668)
(2.3857422652876084,1.0372553015982202)
(2.3917323272407076,1.0234248147823157)
(2.3976223483723973,1.0095615384495267)
(2.4034121555862256,0.9956660496389866)
(2.409101579844416,0.9817389263172581)
(2.4146904561722224,0.9677807473550245)
(2.4201786236621343,0.9537920925037455)
(2.4255659254778874,0.9397735423723604)
(2.4308522088583677,0.9257256784038932)
(2.436037325121307,0.9116490828520791)
(2.441121129666842,0.8975443387579666)
(2.4461034819809004,0.8834120299265092)
(2.4509842456384563,0.8692527409030926)
(2.4557632883065708,0.8550670569501319)
(2.4604404817473267,0.8408555640235761)
(2.465015701820567,0.8266188487494214)
(2.4694888284865044,0.8123574984002349)
(2.4738597458081206,0.7980721008716288)
(2.4781283419534583,0.7837632446587689)
(2.4822945091977235,0.7694315188328)
(2.486358143925229,0.7550775130173546)
(2.4903191466311854,0.7407018173649808)
(2.4941774219233226,0.7263050225335801)
(2.49793287852336,0.7118877196628561)
(2.5015854292683057,0.6974505003507392)
(2.505134991111602,0.682993956629828)
(2.508581485124116,0.6685186809437736)
(2.511924836494941,0.6540252661237453)
(2.5151649745320794,0.6395143053648041)
(2.5183018326629374,0.6249863922023521)
(2.5213353484346595,0.6104421204885169)
(2.5242654635143196,0.595882084368577)
(2.527092123688924,0.5813068782573946)
(2.5298152788652932,0.5667170968157883)
(2.5324348830697416,0.5521133349270089)
(2.534950894447625,0.5374961876731172)
(2.5373632752627193,0.5228662503114546)
(2.539671991896443,0.5082241182510252)
(2.541877014846907,0.4935703870289952)
(2.5439783187278233,0.4789056522871163)
(2.545975882267237,0.46423050974816016)
(2.5478696883061196,0.44954555519243883)
(2.549659723796771,0.4348513844342329)
(2.5513459798011002,0.42014859329832394)
(2.5529284514887167,0.4054377775964449)
(2.5544071381348767,0.3907195331038491)
(2.5557820431182687,0.37599445553581495)
(2.557053173918639,0.36126314052416303)
(2.558220542114262,0.3465261835938713)
(2.559284163379249,0.33178418013960054)
(2.5602440574806957,0.31703772540233044)
(2.561100248275679,0.30228741444592094)
(2.5618527637080954,0.2875338421338031)
(2.5625016358053343,0.27277760310558724)
(2.563046900674797,0.25801929175374844)
(2.563488598500275,0.24325950220033954)
(2.5638267735381324,0.22849882827367748)
(2.564061474113373,0.21373786348512416)
(2.5641927526155404,0.19897720100580435)
(2.5642206654944264,0.18421743364345539)
(2.5641452732556913,0.1694591538192034)
(2.5639666404562496,0.1547029535444239)
(2.5636848356995743,0.13994942439763314)
(2.5632999316307865,0.12519915750136057)
(2.5628120049316223,0.11045274349912268)
(2.562221136315251,0.09571077253233937)
(2.5615274105209065,0.08097383421738849)
(2.560730916308391,0.06624251762259163)
(2.5598317464524185,0.05151741124529858)
(2.558829997736804,0.0367991029889782)
(2.5577257709484917,0.022088180140364108)
(2.556519170871448,0.007385229346621757)
(2.555210306280381,-0.007309163407473015)
(2.553799289934326,-0.02199441282223594)
(2.5522862385700598,-0.036669934305833596)
(2.550671272895381,-0.051335143996939926)
(2.548954517582237,-0.06598945878737889)
(2.547136101259681,-0.08063229634469835)
(2.5452161565066995,-0.09526307513476631)
(2.543194819844885,-0.10988121444422559)
(2.5410722317309475,-0.12448613440298731)
(2.538848536549089,-0.13907725600665397)
(2.536523882603226,-0.1536540011388803)
(2.534098422109046,-0.16821579259370908)
(2.5315723111859554,-0.1827620540978306)
(2.528945709848829,-0.1972922103328571)
(2.5262187819996496,-0.21180568695745355)
(2.5233916954189923,-0.22630191062949825)
(2.520464621757336,-0.24078030902817077)
(2.517437736526267,-0.2552403108759505)
(2.51431121908952,-0.2696813459606429)
(2.5110852526538574,-0.2841028451572416)
(2.507760024259817,-0.29850424044986235)
(2.504335724772338,-0.31288496495349943)
(2.500812548871188,-0.32724445293583204)
(2.497190695041302,-0.34158213983889374)
(2.493470365562943,-0.3558974623007265)
(2.4896517665017206,-0.3701898581769951)
(2.4857351076984977,-0.3844587665624599)
(2.481720602759111,-0.3987036278125073)
(2.4776084690439815,-0.41292388356449694)
(2.4733989276575743,-0.42711897675915766)
(2.469092203437716,-0.4412883516618291)
(2.4646885249447656,-0.45543145388373013)
(2.4601881244506605,-0.46954773040306386)
(2.455591237927817,-0.48363662958613424)
(2.4508981050378758,-0.4976976012083961)
(2.446108969120336,-0.5117300964753633)
(2.4412240771810296,-0.5257335680435473)
(2.436243679880481,-0.5397074700412499)
(2.431168031522087,-0.5536512580893596)
(2.425997390040225,-0.5675643893219924)
(2.4207320169881594,-0.5814463224071351)
(2.415372177525861,-0.5952965175671971)
(2.409918140407659,-0.6091144365994712)
(2.404370177969781,-0.6228995428965457)
(2.3987285661177573,-0.636651301466614)
(2.3929935843136683,-0.650369178953772)
(2.387165515563285,-0.6640526436581426)
(2.3812446464030748,-0.6777011655560299)
(2.375231266887068,-0.6913142163199143)
(2.369125670573581,-0.7048912693384264)
(2.362928154511841,-0.7184317997362142)
(2.3566390192284614,-0.7319352843937228)
(2.3502585687137736,-0.7454012019669509)
(2.343787110408071,-0.7588290329070373)
(2.3372249551876707,-0.7722182594798601)
(2.3305724173509175,-0.7855683657854745)
(2.323829814603972,-0.7988788377775516)
(2.3169974680465657,-0.8121491632826384)
(2.3100757021575618,-0.8253788320194074)
(2.303064844780419,-0.8385673356178212)
(2.295965227108538,-0.8517141676381409)
(2.2887771836704536,-0.8648188235899424)
(2.2815010523149497,-0.8778808009509674)
(2.2741371741960004,-0.8908995991859621)
(2.266685893757631,-0.903874719765341)
(2.259147558718641,-0.9168056661838345)
(2.2515225200572,-0.9296919439790424)
(2.2438111319953284,-0.9425330607498256)
(2.2360137519832746,-0.9553285261747115)
(2.2281307406837567,-0.9680778520301109)
(2.2201624619560625,-0.9807805522085384)
(2.212109282840117,-0.9934361427366367)
(2.2039715735403145,-1.0060441417931987)
(2.1957497074093335,-1.0186040697270515)
(2.1874440609317953,-1.0311154490748307)
(2.1790550137077935,-1.0435778045787192)
(2.1705829484363526,-1.0559906632040115)
(2.162028250898723,-1.0683535541566727)
(2.153391309941618,-1.080666008900694)
(2.144672517460292,-1.0929275611754536)
(2.1358722683815192,-1.1051377470129098)
(2.1269909606464923,-1.1172961047547307)
(2.1180289951935793,-1.1294021750693017)
(2.1089867759409717,-1.1414555009686376)
(2.099864709769232,-1.1534556278252395)
(2.0906632065037543,-1.1654021033887532)
(2.0813826788970844,-1.177294477802628)
(2.0720235426111473,-1.1891323036206096)
(2.0625862161993753,-1.2009151358231536)
(2.053071121088731,-1.2126425318337204)
(2.0434786815616235,-1.2243140515349846)
(2.033809324737694,-1.235929257284945)
(2.024063480555573,-1.2474877139328764)
(2.014241581754447,-1.2589889888352477)
(2.00434406385559,-1.2704326518714901)
(1.9943713651437582,-1.2818182754596597)
(1.984323926648522,-1.293145434572)
(1.9742021921254318,-1.3044137067504162)
(1.9640066080371843,-1.315622672121792)
(1.9537376235346005,-1.3267719134132352)
(1.943395690437562,-1.337861015967222)
(1.9329812632158316,-1.348889567756585)
(1.9224947989697736,-1.359857159399439)
(1.9119367574110195,-1.3707633841739486)
(1.901307600842972,-1.3816078380330525)
(1.8906077941412918,-1.3923901196189734)
(1.8798378047342328,-1.4031098302777287)
(1.8689981025829299,-1.4137665740734287)
(1.8580891601615623,-1.4243599578025306)
(1.8471114524374537,-1.4348895910079467)
(1.8360654568510872,-1.4453550859930249)
(1.8249516532959844,-1.4557560578354602)
(1.8137705240985857,-1.4660921244010265)
(1.8025225539979428,-1.4763629063572574)
(1.7912082301254237,-1.4865680271869528)
(1.7798280419842492,-1.4967071132016097)
(1.7683824814290052,-1.5067797935547147)
(1.7568720426450601,-1.5167857002549086)
(1.7452972221278598,-1.526724468179078)
(1.7336585186622235,-1.5365957350852564)
(1.721956433301462,-1.546399141625469)
(1.7101914693465101,-1.5561343313584193)
(1.6983641323248981,-1.5658009507620871)
(1.6864749299697182,-1.575398649246161)
(1.6745243721984722,-1.5849270791643766)
(1.6625129710918318,-1.5943858958267685)
(1.6504412408723825,-1.603774757511701)
(1.6383096978832272,-1.613093325477894)
(1.626118860566573,-1.6223412639762191)
(1.6138692494421787,-1.63151824026147)
(1.601561387085826,-1.6406239246039138)
(1.5891957981076297,-1.6496579903007977)
(1.5767730091303158,-1.6586201136876835)
(1.5642935487674585,-1.6675099741496642)
(1.5517579476015897,-1.6763272541324798)
(1.5391667381622962,-1.6850716391534635)
(1.5265204549042086,-1.693742817812422)
(1.513819634184974,-1.702340481802314)
(1.5010648142431022,-1.7108643259198622)
(1.4882565351758064,-1.7193140480760263)
(1.4753953389167567,-1.7276893493063137)
(1.4624817692137535,-1.735989933781009)
(1.4495163716063915,-1.744215508815238)
(1.4364996934035836,-1.7523657848789342)
(1.4234322836611342,-1.7604404756066376)
(1.4103146931591506,-1.7684392978072119)
(1.3971474743794754,-1.7763619714733798)
(1.3839311814829773,-1.7842082197911815)
(1.370666370286909,-1.7919777691492558)
(1.3573535982421023,-1.7996703491480157)
(1.3439934244101281,-1.8072856926087009)
(1.3305864094404787,-1.8148235355822577)
(1.3171331155475932,-1.8222836173581518)
(1.303634106487928,-1.8296656804729736)
(1.2900899475368823,-1.8369694707189932)
(1.2765012054657927,-1.8441947371525025)
(1.2628684485187383,-1.851341232102084)
(1.249192246389433,-1.858408711176719)
(1.2354731701979973,-1.8653969332737728)
(1.2217117924676775,-1.8723056605868302)
(1.2079086871015783,-1.8791346586134268)
(1.1940644293592841,-1.8858836961626178)
(1.1801795958335075,-1.8925525453624257)
(1.1662547644266335,-1.8991409816671525)
(1.1522905143272535,-1.9056487838645582)
(1.1382874259866846,-1.912075734082897)
(1.1242460810953805,-1.9184216177978297)
(1.1101670625593905,-1.9246862238391866)
(1.0960509544766934,-1.9308693443976315)
(1.0818983421135904,-1.9369707750311154)
(1.0677098118809745,-1.9429903146712741)
(1.0534859513106245,-1.9489277656296498)
(1.0392273490314363,-1.954782933603789)
(1.0249345947456545,-1.9605556276831768)
(1.0106082792050346,-1.9662456603550702)
(0.9962489941869778,-1.9718528475101977)
(0.9818573324706944,-1.9773770084482647)
(0.9674338878132488,-1.9828179658833975)
(0.9529792549256648,-1.9881755459493964)
(0.9384940294489239,-1.9934495782048685)
(0.9239788079300314,-1.9986398956382336)
(0.9094341877979382,-2.0037463346725852)
(0.8948607673395716,-2.0087687351703845)
(0.8802591456757447,-2.0137069404380785)
(0.8656299227370795,-2.0185607972305237)
(0.8509736992399093,-2.0233301557552936)
(0.836291076662166,-2.028014869676853)
(0.8215826572192565,-2.032614796120592)
(0.806849043839863,-2.0371297956767065)
(0.7920908401418238,-2.0415597324039507)
(0.7773086504079235,-2.0459044738332715)
(0.7625030795616764,-2.0501638909712545)
(0.7476747331431408,-2.0543378583034917)
(0.7328242172846561,-2.0584262537977525)
(0.7179521386866534,-2.0624289589070646)
(0.7030591045933272,-2.0663458585726238)
(0.6881457227684535,-2.0701768412265706)
(0.6732126014710642,-2.073921798794651)
(0.658260349431203,-2.0775806266986976)
(0.6432895758256006,-2.0811532238590087)
(0.6283008902534181,-2.0846394926965703)
(0.6132949027119438,-2.088039339135141)
(0.5982722235722543,-2.091352672603196)
(0.5832334635549675,-2.094579406035744)
(0.5681792337058809,-2.097719455875982)
(0.5531101453717102,-2.100772742076836)
(0.538026810175719,-2.103739188102344)
(0.5229298399934781,-2.106618720928921)
(0.5078198469285116,-2.1094112710464388)
(0.4926974432879871,-2.1121167724592382)
(0.47756324155845364,-2.1147351626869337)
(0.4624178543814949,-2.1172663827651212)
(0.44726189452948456,-2.119710377245928)
(0.43209597488124407,-2.1220670941984356)
(0.4169207083978035,-2.1243364852089455)
(0.40173670809813555,-2.126518505381126)
(0.3865445870348397,-2.1286131133360087)
(0.3713449582699508,-2.130620271211858)
(0.3561384348506444,-2.132539944663873)
(0.34092562978506463,-2.1343721028637956)
(0.3257071560180261,-2.136116718499332)
(0.3104836264068932,-2.1377737677734787)
(0.29525565369733237,-2.139343230403676)
(0.28002385049915846,-2.1408250896208423)
(0.26478882926218594,-2.142219332168268)
(0.24955120225206415,-2.143525948300364)
(0.23431158152618398,-2.144744931781283)
(0.2190705789095396,-2.1458762798833972)
(0.20382880597069108,-2.146919993385622)
(0.18858687399766091,-2.1478760765716376)
(0.1733453939739179,-2.1487445372279437)
(0.15810497655435451,-2.149525386641797)
(0.14286623204129842,-2.1502186395989753)
(0.12762977036054982,-2.150824314381462)
(0.11239620103740229,-2.151342432764948)
(0.09716613317279413,-2.1517730200162)
(0.0819401754193661,-2.1521161048903235)
(0.06671893595761669,-2.1523717196278533)
(0.05150302247209001,-2.1525398999517376)
(0.03629304212756047,-2.15262068506415)
(0.02108960154527656,-2.1526141176432168)
(0.005893306779200125,-2.1525202438395503)
(-0.009295236707653526,-2.152339113272697)
(-0.024475424066917665,-2.15207077902742)
(-0.03964665108850059,-2.1517152976498526)
(-0.054808314224168764,-2.1512727291435256)
(-0.06995981061110729,-2.1507431369652608)
(-0.08510053809547617,-2.150126588020902)
(-0.10022989525584644,-2.1494231526609533)
(-0.11534728142666434,-2.148632904676053)
(-0.130452096721674,-2.147755921292336)
(-0.14554374205723708,-2.1467922831666364)
(-0.16062161917570766,-2.1457420743815745)
(-0.175685130668654,-2.1446053824405182)
(-0.1907336800001384,-2.1433822982623925)
(-0.20576667152986208,-2.142072916176366)
(-0.22078351053634465,-2.1406773339163974)
(-0.23578360323999756,-2.1391956526156783)
(-0.2507663568261664,-2.137627976800898)
(-0.2657311794681715,-2.1359744143864203)
(-0.2806774803501957,-2.134235076668299)
(-0.29560466969024723,-2.1324100783181876)
(-0.3105121587629531,-2.13049953737709)
(-0.32539935992239577,-2.128503575249005)
(-0.3402656866248366,-2.126422316694434)
(-0.355110553451399,-2.124255889823759)
(-0.36993337613075244,-2.1220044260904767)
(-0.38473357156161847,-2.1196680602843325)
(-0.39951055783534983,-2.117246930524303)
(-0.41426375425838274,-2.11474117825146)
(-0.42899258137464397,-2.112150948221704)
(-0.44369646098787713,-2.109476388498361)
(-0.45837481618399273,-2.1067176504446774)
(-0.4730270713532343,-2.1038748887161622)
(-0.4876526522123652,-2.1009482612528165)
