(-9.720716771774068,3.973975109719175e-14)
(-9.720610115983346,0.009934044612487475)
(-9.720290195153426,0.019864230880727245)
(-9.71975714886001,0.029786703593978385)
(-9.719011209559081,0.03969761380346996)
(-9.718052702332026,0.04959312194134568)
(-9.71688204452952,0.05946940092508535)
(-9.715499745314938,0.06932263924267311)
(-9.713906405108133,0.07914904401379463)
(-9.712102714930824,0.0889448440224075)
(-9.710089455654883,0.09870629271610358)
(-9.707867497154984,0.10842967116776871)
(-9.705437797367372,0.11811129099514252)
(-9.702801401256648,0.12774749723398962)
(-9.699959439692622,0.13733467116071368)
(-9.69691312823941,0.14686923306037233)
(-9.693663765859318,0.15634764493619377)
(-9.690212733533842,0.1657664131568391)
(-9.686561492804694,0.17512209103781384)
(-9.682711584237572,0.18441128135359525)
(-9.678664625811649,0.1936306387772124)
(-9.674422311237864,0.20277687224419486)
(-9.669986408209263,0.2118467472379902)
(-9.665358756586606,0.22083708799413743)
(-9.660541266522666,0.229744779620679)
(-9.655535916528677,0.23856677013249167)
(-9.650344751486529,0.2473000723974155)
(-9.644969880610168,0.25594176599226626)
(-9.639413475360021,0.2644889989670189)
(-9.63367776731402,0.272938989515656)
(-9.62776504599899,0.28128902755238705)
(-9.621677656686153,0.2895364761921409)
(-9.615417998154488,0.2976787731344508)
(-9.608988520425704,0.3057134319500452)
(-9.602391722474588,0.31363804326966815)
(-9.595630149918435,0.3214502758748452)
(-9.588706392689291,0.329147877690512)
(-9.581623082692655,0.3367286766796131)
(-9.574382891456278,0.3441905816399649)
(-9.566988527772645,0.3515315829038627)
(-9.559442735338626,0.3587497529410872)
(-9.551748290395716,0.3658432468661399)
(-9.54390799937438,0.372810302850702)
(-9.535924696545571,0.3796492424424702)
(-9.52780124168287,0.38635847079167884)
(-9.519540517738124,0.392936476786761)
(-9.51114542853383,0.39938183310073927)
(-9.502618896474969,0.40569319615007415)
(-9.493963860283298,0.41186930596781235)
(-9.485183272756602,0.4179089859930005)
(-9.476280098555652,0.4238111427784398)
(-9.467260527928513,0.42957964210109834)
(-9.458121012565686,0.4352039172877259)
(-9.448867849597695,0.4406878836850459)
(-9.439504029499224,0.4460307757240673)
(-9.430032544037859,0.45123190833450005)
(-9.420456384274718,0.45629067621075525)
(-9.410778538607405,0.4612065530131279)
(-9.401001990856939,0.4659790905068138)
(-9.391129718400185,0.4706079176414417)
(-9.381164690348992,0.4750927395738396)
(-9.371109865777509,0.4794333366367708)
(-9.36096819199851,0.4836295632563938)
(-9.35074260288994,0.48768134682120445)
(-9.340436017272427,0.49158868650523)
(-9.330051337338555,0.4953516520482295)
(-9.319591447134504,0.4989703824956481)
(-9.309059211094649,0.5024450849010675)
(-9.298457472629444,0.5057760329938541)
(-9.28778905276695,0.508963565814692)
(-9.277056748848258,0.5120080863216604)
(-9.266263333276804,0.5149100599694606)
(-9.255411552321677,0.5176700132643807)
(-9.244504124974872,0.5202885322975173)
(-9.233543741862166,0.5227662612587434)
(-9.222533064207527,0.5251039009338546)
(-9.211474722850667,0.5273022071872583)
(-9.20037131731728,0.5293619894325355)
(-9.189225414941546,0.5312841090931208)
(-9.178039550040337,0.533069478055297)
(-9.166816223138461,0.5347190571156344)
(-9.155557900244347,0.5362338544249297)
(-9.144267012175344,0.537614923930641)
(-9.132945953931936,0.5388633638197362)
(-9.121597084119927,0.5399803149638098)
(-9.110222724419854,0.5409669593682438)
(-9.098825159102573,0.5418245186271227)
(-9.087406634590089,0.5425542523855309)
(-9.075969359060693,0.5431574568107985)
(-9.064515502097311,0.5436354630741805)
(-9.053047194377998,0.5439896358443851)
(-9.041566527407593,0.5442213717942923)
(-9.030075553289283,0.544332098122132)
(-9.018576284535095,0.5443232710883278)
(-9.007070693914104,0.5441963745691215)
(-8.995560714337236,0.5439529186280558)
(-8.984048238777465,0.5435944381062825)
(-8.972535120224345,0.5431224912326449)
(-8.961023171671572,0.5425386582543699)
(-8.949514166136533,0.5418445400891742)
(-8.938009836710577,0.5410417569995103)
(-8.926511869531598,0.5401319481945994)
(-8.915021932315156,0.5391167669386603)
(-8.90354163186547,0.5379978847021619)
(-8.8920725426472,0.5367769863338866)
(-8.880616199871305,0.5354557697519872)
(-8.869174099705608,0.5340359447630467)
(-8.857747699508247,0.5325192319067567)
(-8.846338418082734,0.5309073613264805)
(-8.83494763595364,0.5292020716659545)
(-8.823576695661803,0.527405108992301)
(-8.812226902078057,0.525518225745512)
(-8.800899522734428,0.5235431797144953)
(-8.78959578817178,0.5214817330397558)
(-8.778316892302986,0.5193356512427294)
(-8.767063992790609,0.5171067022817611)
(-8.755838211438178,0.5147966556346802)
(-8.74464063459415,0.5124072814078903)
(-8.73347231356765,0.5099403494718641)
(-8.722334265055146,0.5073976286229034)
(-8.711227471577171,0.5047808857709926)
(-8.700152881924343,0.5020918851535517)
(-8.689111411611798,0.49933238757487053)
(-8.67810394334136,0.49650414967097656)
(-8.667131327470617,0.493608923199678)
(-8.656194382488248,0.49064845435549553)
(-8.645293895494849,0.487624483109173)
(-8.634430622688646,0.48453874257146107)
(-8.623605289855382,0.48139295838082263)
(-8.612818592861778,0.47818884811471923)
(-8.602071198152034,0.4749281207241136)
(-8.591363743246648,0.47161247599080747)
(-8.58069683724315,0.46824360400723564)
(-8.570071061318107,0.4648231846783159)
(-8.559486969229992,0.4613528872449497)
(-8.548945087822325,0.4578343698287661)
(-8.538445917526692,0.45426927899768615)
(-8.527989932865212,0.4506592493518847)
(-8.517577582951958,0.44700590312972605)
(-8.507209291992986,0.44331084983323155)
(-8.496885459784622,0.4395756858726533)
(-8.486606462209528,0.4358019942297142)
(-8.476372651730351,0.4319913441390705)
(-8.466184357880518,0.42814529078756786)
(-8.456041887751951,0.4242653750308391)
(-8.445945526479338,0.42035312312681905)
(-8.435895537720784,0.4164100464857267)
(-8.42589216413449,0.4124376414360882)
(-8.415935627851306,0.40843738900636084)
(-8.406026130942877,0.4044107547217353)
(-8.396163855885217,0.4003591884156467)
(-8.38634896601749,0.3962841240557755)
(-8.37658160599585,0.392186979583631)
(-8.366861902242151,0.38806915676793763)
(-8.357189963387386,0.38393204107094936)
(-8.3475658807097,0.37977700152746385)
(-8.337989728566914,0.3756053906361173)
(-8.328461564823366,0.37141854426255144)
(-8.318981431271,0.3672177815540817)
(-8.309549354044652,0.3630044048654677)
(-8.300165344031374,0.35877969969542456)
(-8.290829397273773,0.3545449346334934)
(-8.28154149536732,0.35030136131691686)
(-8.27230160585154,0.34605021439716027)
(-8.263109682595033,0.3417927115157258)
(-8.253965666174347,0.3375300532889233)
(-8.244869484246598,0.3332634233012562)
(-8.235821051915906,0.3289939881070988)
(-8.226820272093535,0.32472289724033804)
(-8.217867035851814,0.3204512832316703)
(-8.208961222771816,0.3161802616332454)
(-8.200102701284763,0.31191093105034845)
(-8.19129132900724,0.3076443731798422)
(-8.182526953070138,0.3033816528550716)
(-8.173809410441493,0.2991238180969534)
(-8.165138528243075,0.29487190017098136)
(-8.1565141240609,0.29062691364988513)
(-8.147936006249658,0.2863898564816737)
(-8.139403974231062,0.2821617100628282)
(-8.130917818786179,0.2779434393163807)
(-8.122477322341867,0.27373599277466126)
(-8.114082259251239,0.2695403026664652)
(-8.105732396068296,0.26535728500842815)
(-8.097427491816804,0.2611878397003851)
(-8.089167298253349,0.2570328506245026)
(-8.08095156012483,0.25289318574798075)
(-8.072780015420246,0.24876969722912753)
(-8.06465239561702,0.2446632215266028)
(-8.05656842592178,0.2405745795116657)
(-8.04852782550579,0.23650457658321877)
(-8.040530307735029,0.2324540027854951)
(-8.032575580395005,0.2284236329282071)
(-8.024663345910406,0.22441422670900169)
(-8.016793301559614,0.22042652883805253)
(-8.008965139684209,0.2164612691646477)
(-8.001178547893494,0.2125191628056216)
(-7.993433209264163,0.20860091027548225)
(-7.985728802535138,0.20470719761810663)
(-7.9780650022977335,0.20083869653986544)
(-7.970441479181108,0.1969960645440475)
(-7.962857900033199,0.1931799450664721)
(-7.955313928097138,0.18939096761215168)
(-7.947809243571074,0.18562974419271266)
(-7.940343462250923,0.1818968842588576)
(-7.932916257942004,0.1781929726588701)
(-7.925527281145622,0.1745185845585619)
(-7.9181761795758625,0.17087428188836395)
(-7.91086259831081,0.16726061348411472)
(-7.903586179939723,0.16367811522820283)
(-7.8963465647064055,0.16012731019097143)
(-7.889143390648787,0.15660870877230632)
(-7.881976293734757,0.15312280884332619)
(-7.8748449079944445,0.14967009588809957)
(-7.867748865648825,0.14625104314532403)
(-7.860687797234947,0.1428661117498834)
(-7.8536613317276895,0.13951575087423054)
(-7.846669096658186,0.13620039786952667)
(-7.839710718228993,0.13292047840648177)
(-7.832785821426041,0.12967640661583177)
(-7.825894030127499,0.1264685852284029)
(-7.8190349672095145,0.12329740571471333)
(-7.812208254649024,0.12016324842405936)
(-7.805413513623612,0.11706648272303587)
(-7.79865036460851,0.11400746713345881)
(-7.7919184274708195,0.11098654946963508)
(-7.785217321560989,0.10800406697494531)
(-7.778546665801642,0.10506034645770344)
(-7.771906078773799,0.10215570442625421)
(-7.76529517880056,0.09929044722327843)
(-7.758713584028296,0.09646487115927059)
(-7.752160912505445,0.09367926264516296)
(-7.745636782258916,0.09093389832406598)
(-7.7391408113682125,0.0882290452020994)
(-7.7326726180373,0.08556496077828864)
(-7.726231820664273,0.08294189317350933)
(-7.719818037908903,0.08036008125844649)
(-7.713430888758078,0.07781975478056528)
(-7.70706999258922,0.07532113449005629)
(-7.70073496923174,0.07286443226475868)
(-7.694425439026523,0.07044985123402671)
(-7.688141022942367,0.06807758581933594)
(-7.681881342405701,0.0657478221851762)
(-7.67564601968036,0.06346073786606145)
(-7.669434677711278,0.06121650221472104)
(-7.663246940225169,0.05901527643857188)
(-7.657082431779396,0.05685721371703411)
(-7.650940777809336,0.0547424593177354)
(-7.644821604674119,0.05267115071157393)
(-7.63872453970087,0.050643417686654174)
(-7.63264921122747,0.04865938246107477)
(-7.626595248643877,0.04671915979457587)
(-7.62056228243205,0.04482285709903772)
(-7.614549944204502,0.04297057454782526)
(-7.608557866741527,0.041162405183987)
(-7.6025856840271695,0.039398435027295585)
(-7.5966330312838855,0.037678743180136386)
(-7.590699545006051,0.036003401932245334)
(-7.584784862992221,0.03437247686429293)
(-7.578888624376307,0.03278602695031703)
(-7.573010469657575,0.031244104659010355)
(-7.567150040729605,0.029746756053858917)
(-7.561306980908158,0.02829402089214252)
(-7.555480934958047,0.026885932722791453)
(-7.549671549119,0.025522518983110244)
(-7.543878471130568,0.024203801094374942)
(-7.538101350256066,0.02292979455629916)
(-7.532339837305639,0.02170050904038171)
(-7.526593584658433,0.02051594848214531)
(-7.520862246283884,0.01937611117225723)
(-7.515145477762209,0.018280989846556215)
(-7.509442936304064,0.017230571774978665)
(-7.503754280769438,0.016224838849400052)
(-7.498079171685766,0.015263767670390609)
(-7.492417271265322,0.014347329632900703)
(-7.486768243421887,0.013475491010876903)
(-7.481131753786719,0.012648213040822809)
(-7.475507469723865,0.011865452004303782)
(-7.4698950603448075,0.011127159309416471)
(-7.4642941965224985,0.010433281571218414)
(-7.4587045509047485,0.00978376069113365)
(-7.453125797927042,0.009178533935346378)
(-7.447557613824788,0.008617534012180239)
(-7.441999676645002,0.00810068914848083)
(-7.436451666257429,0.007627923165013045)
(-7.4309132643651745,0.00719915555087026)
(-7.425384154514826,0.006814301536919685)
(-7.41986402210606,0.006473272168281553)
(-7.414352554400791,0.006175974375855461)
(-7.408849440531864,0.005922311046907901)
(-7.403354371511299,0.005712181094723422)
(-7.397867040238098,0.005545479527331107)
(-7.392387141505639,0.00542209751532209)
(-7.386914372008671,0.005341922458756118)
(-7.381448430349924,0.005304838053180569)
(-7.3759890170463125,0.005310724354757087)
(-7.370535834534819,0.005359457844520913)
(-7.365088587177986,0.005450911491769312)
(-7.359646981269086,0.005584954816596958)
(-7.354210725036954,0.005761453951584884)
(-7.348779528650517,0.005980271702655081)
(-7.343353104222976,0.006241267609094338)
(-7.337931165815739,0.0065442980027671065)
(-7.332513429442038,0.006889216066519933)
(-7.327099613070266,0.007275871891786007)
(-7.321689436627054,0.007704112535403882)
(-7.316282622000088,0.00817378207566154)
(-7.310878893040672,0.008684721667566226)
(-7.3054779755660455,0.009236769597359178)
(-7.300079597361487,0.009829761336281767)
(-7.294683488182148,0.010463529593598581)
(-7.289289379754722,0.011137904368891331)
(-7.2838970057788535,0.011852713003632843)
(-7.278506101928396,0.012607780232049094)
(-7.273116405852414,0.013402928231274439)
(-7.267727657176043,0.014237976670816891)
(-7.262339597501157,0.015112742761340562)
(-7.256951970406833,0.016027041302765225)
(-7.251564521449678,0.01698068473170742)
(-7.246176998163977,0.017973483168259606)
(-7.240789150061679,0.01900524446211651)
(-7.235400728632248,0.020075774238071217)
(-7.230011487342339,0.02118487594086908)
(-7.224621181635355,0.02233235087944351)
(-7.219229568930861,0.02351799827053689)
(-7.213836408623862,0.024741615281714292)
(-7.208441462083956,0.026002997073779344)
(-7.203044492654362,0.027301936842597567)
(-7.197645265650838,0.028638225860345624)
(-7.192243548360481,0.030011653516178186)
(-7.1868391100403946,0.03142200735633332)
(-7.181431721916307,0.032869073123681945)
(-7.176021157181024,0.03435263479672336)
(-7.170607190992815,0.03587247462804265)
(-7.165189600473722,0.0374283731822301)
(-7.159768164707718,0.039020109373276546)
(-7.154342664738859,0.040647460501448164)
(-7.148912883569282,0.04231020228965062)
(-7.143478606157149,0.044008108919285284)
(-7.138039619414526,0.045740953065613044)
(-7.132595712205151,0.047508505932626094)
(-7.127146675342176,0.04931053728743206)
(-7.121692301585786,0.051146815494172285)
(-7.116232385640792,0.05301710754746119)
(-7.110766724154146,0.0549211791053674)
(-7.105295115712385,0.056858794521941355)
(-7.099817360839019,0.05882971687929067)
(-7.094333261991864,0.060833708019216295)
(-7.088842623560325,0.06287052857440906)
(-7.083345251862603,0.06493993799922074)
(-7.077840955142874,0.06704169460000978)
(-7.07232954356839,0.0691755555650769)
(-7.066810829226571,0.07134127699417486)
(-7.061284626122013,0.07353861392762864)
(-7.055750750173465,0.07576732037505393)
(-7.050209019210766,0.07802714934367691)
(-7.044659252971729,0.08031785286627413)
(-7.039101273099001,0.08263918202872846)
(-7.033534903136855,0.0849908869972089)
(-7.027959968527978,0.08737271704498335)
(-7.022376296610201,0.08978442057886582)
(-7.016783716613199,0.09222574516530484)
(-7.01118205965515,0.09469643755611713)
(-7.005571158739372,0.09719624371387882)
(-6.999950848750923,0.0997249088369659)
(-6.994320966453166,0.10228217738426491)
(-6.988681350484311,0.10486779309954512)
(-6.983031841353913,0.10748149903550691)
(-6.977372281439364,0.11012303757750683)
(-6.971702514982347,0.11279215046696295)
(-6.966022388085242,0.11548857882445189)
(-6.960331748707555,0.11821206317249333)
(-6.95463044666227,0.1209623434580351)
(-6.948918333612202,0.12373915907463448)
(-6.943195263066334,0.12654224888435267)
(-6.937461090376124,0.129371351239353)
(-6.931715672731754,0.1322262040032183)
(-6.925958869158431,0.13510654457198223)
(-6.920190540512586,0.13801210989489368)
(-6.914410549478117,0.14094263649489774)
(-6.908618760562569,0.14389786048885564)
(-6.90281504009331,0.1468775176074994)
(-6.896999256213693,0.1498813432151251)
(-6.891171278879177,0.1529090723290322)
(-6.885330979853461,0.1559604396387077)
(-6.879478232704566,0.15903517952476684)
(-6.8736129128009225,0.16213302607764457)
(-6.867734897307419,0.1652537131160483)
(-6.861844065181457,0.16839697420517633)
(-6.855940297168969,0.17156254267469762)
(-6.850023475800422,0.17475015163650534)
(-6.844093485386806,0.1779595340022439)
(-6.8381502120156235,0.18119042250061249)
(-6.832193543546805,0.18444254969444507)
(-6.826223369608693,0.18771564799758517)
(-6.8202395815939285,0.1910094496915342)
(-6.814242072655375,0.19432368694189908)
(-6.808230737701993,0.1976580918146312)
(-6.8022054733947135,0.2010123962920599)
(-6.796166178142315,0.20438633228872866)
(-6.790112752097226,0.20777963166703228)
(-6.784045097151383,0.21119202625265865)
(-6.77796311693201,0.21462324784984382)
(-6.771866716797433,0.21807302825643213)
(-6.765755788681187,0.22154110053533474)
(-6.759630271685857,0.2250271939913928)
(-6.753490061194416,0.22853104175990255)
(-6.74733506944716,0.23205237576008758)
(-6.741165210394208,0.23559092797736678)
(-6.734980399691199,0.2391464304773539)
(-6.728780554694984,0.24271861541967654)
(-6.722565594459275,0.24630721507163456)
(-6.716335439730318,0.24991196182169167)
(-6.710090012942523,0.2535325881928074)
(-6.703829238214067,0.257168826855608)
(-6.697553041342523,0.2608204106414026)
(-6.6912613497952735,0.26448707256001847)
(-6.68495409272508,0.2681685457924158)
(-6.678631200936632,0.2718645637336179)
(-6.672292606900769,0.27557485998475045)
(-6.665938244745511,0.2792991683704257)
(-6.659568050251545,0.2830372229508582)
(-6.653181960847739,0.28678875803385134)
(-6.646779915606608,0.2905535081866354)
(-6.640361855239775,0.2943312082475716)
(-6.63392772209341,0.2981215933377217)
(-6.627477460143672,0.30192439887228467)
(-6.621011014992111,0.3057393605718996)
(-6.614528333861056,0.3095662144738251)
(-6.608029365589018,0.3134046969429818)
(-6.601514060626011,0.31725454468288183)
(-6.594982371028944,0.3211154947464229)
(-6.588434250456912,0.32498728454656783)
(-6.581869654166523,0.32886965186690065)
(-6.575288539007198,0.33276233487206675)
(-6.56869086341643,0.3366650721180936)
(-6.562076587415061,0.3405776025625994)
(-6.555445672602516,0.3444996655748845)
(-6.548798082152035,0.3484310009459147)
(-6.542133780805869,0.3523713488981937)
(-6.53545273487049,0.35632045009552454)
(-6.528754912211747,0.3602780456526665)
(-6.522040282250027,0.36424387714488393)
(-6.5153088159554,0.3682176866173971)
(-6.508560485842727,0.3721992165947191)
(-6.501795265966778,0.37618821008990355)
(-6.495013131917298,0.3801844106136829)
(-6.488214060814087,0.38418756218351663)
(-6.481398031302056,0.38819740933253405)
(-6.474565023546228,0.3922136971183893)
(-6.467715019226784,0.39623617113201187)
(-6.460848001534037,0.4002645775062769)
(-6.453963955163417,0.4042986629245712)
(-6.447062866310417,0.4083381746292762)
(-6.440144722665546,0.41238286043015737)
(-6.433209513409247,0.41643246871266826)
(-6.426257229206792,0.42048674844616485)
(-6.419287862203169,0.4245454491920353)
(-6.412301406017943,0.4286083211117437)
(-6.405297855740118,0.43267511497479144)
(-6.398277207922945,0.43674558216659454)
(-6.391239460578736,0.44081947469627963)
(-6.384184613173664,0.4448965452043995)
(-6.37711266662252,0.4489765469705687)
(-6.370023623283474,0.45305923392102315)
(-6.362917486952806,0.4571443606360946)
(-6.355794262859612,0.4612316823576195)
(-6.348653957660514,0.4653209549962604)
(-6.341496579434324,0.46941193513876356)
(-6.334322137676703,0.47350438005513323)
(-6.3271306432948,0.47759804770574116)
(-6.319922108601872,0.4816926967483568)
(-6.312696547311882,0.48578808654510974)
(-6.305453974534076,0.489883977169384)
(-6.298194406767542,0.4939801294126371)
(-6.290917861895766,0.49807630479115617)
(-6.283624359181127,0.5021722655527411)
(-6.276313919259435,0.506267774683326)
(-6.268986564134379,0.5103625959135271)
(-6.2616423171720195,0.5144564937251309)
(-6.254281203095215,0.5185492333575165)
(-6.246903247978059,0.5226405808140109)
(-6.239508479240278,0.526730302868184)
(-6.232096925641625,0.5308181670700775)
(-6.224668617276245,0.5349039417523748)
(-6.217223585567018,0.5389873960365092)
(-6.2097618632599,0.5430682998387077)
(-6.202283484418221,0.547146423875979)
(-6.194788484416979,0.5512215396720394)
(-6.187276899937119,0.5552934195631807)
(-6.17974876895977,0.5593618367040791)
(-6.172204130760495,0.5634265650735484)
(-6.164643025903491,0.5674873794802321)
(-6.157065496235784,0.5715440555682423)
(-6.149471584881422,0.5755963698227426)
(-6.141861336235602,0.5796440995754722)
(-6.134234795958838,0.5836870230102184)
(-6.126592010971056,0.5877249191682341)
(-6.118933029445704,0.5917575679535999)
(-6.111257900803828,0.5957847501385328)
(-6.103566675708132,0.5998062473686439)
(-6.095859406057032,0.6038218421681416)
(-6.088136144978662,0.607831317944985)
(-6.080396946824894,0.6118344589959818)
(-6.072641867165316,0.6158310505118387)
(-6.064870962781194,0.6198208785821615)
(-6.057084291659438,0.6238037302004024)
(-6.049281912986513,0.6277793932687569)
(-6.04146388714237,0.631747656603015)
(-6.033630275694317,0.635708309937361)
(-6.025781141390915,0.6396611439291229)
(-6.017916548155817,0.6436059501634789)
(-6.010036561081623,0.647542521158109)
(-6.00214124642369,0.6514706503678062)
(-5.994230671593929,0.6553901321890354)
(-5.9863049051546025,0.6593007619644465)
(-5.978364016812083,0.6632023359873431)
(-5.970408077410607,0.6670946515061033)
(-5.96243715892599,0.670977506728554)
(-5.954451334459359,0.6748507008263036)
(-5.946450678230836,0.6787140339390246)
(-5.9384352655732195,0.6825673071786914)
(-5.930405172925648,0.6864103226337815)
(-5.922360477827233,0.6902428833734207)
(-5.9143012589106885,0.6940647934514937)
(-5.906227595895954,0.697875857910704)
(-5.898139569583762,0.7016758827865992)
(-5.890037261849229,0.7054646751115417)
(-5.8819207556354085,0.7092420429186461)
(-5.873790134946831,0.7130077952456679)
(-5.865645484843033,0.7167617421388544)
(-5.857486891432062,0.7205036946567486)
(-5.849314441863955,0.7242334648739578)
(-5.841128224324243,0.7279508658848686)
(-5.832928328027383,0.7316557118073369)
(-5.824714843210211,0.7353478177863217)
(-5.816487861125371,0.7390269999974861)
(-5.808247474034721,0.7426930756507542)
(-5.799993775202736,0.746345862993829)
(-5.791726858889874,0.749985181315669)
(-5.783446820345955,0.7536108509499255)
(-5.775153755803498,0.7572226932783355)
(-5.766847762471066,0.7608205307340814)
(-5.758528938526577,0.764404186805106)
(-5.750197383110604,0.7679734860373902)
(-5.741853196319667,0.7715282540381901)
(-5.733496479199519,0.7750683174792332)
(-5.725127333738387,0.7785935040998831)
(-5.716745862860223,0.7821036427102531)
(-5.708352170417939,0.7855985631942916)
(-5.699946361186621,0.7890780965128235)
(-5.6915285408567255,0.7925420747065551)
(-5.683098816027279,0.795990330899039)
(-5.674657294199046,0.7994226992996025)
(-5.666204083767686,0.8028390152062362)
(-5.65773929401691,0.8062391150084462)
(-5.649263035111605,0.809622836190067)
(-5.640775418090969,0.8129900173320379)
(-5.632276554861604,0.816340498115141)
(-5.6237665581906215,0.8196741193227014)
(-5.615245541698715,0.8229907228432515)
(-5.606713619853244,0.8262901516731562)
(-5.598170907961281,0.8295722499192009)
(-5.589617522162654,0.8328368628011436)
(-5.581053579422992,0.8360838366542312)
(-5.572479197526734,0.8393130189316742)
(-5.563894495070145,0.8425242582070914)
(-5.555299591454312,0.8457174041769081)
(-5.546694606878131,0.8488923076627303)
(-5.53807966233128,0.8520488206136704)
(-5.529454879587185,0.8551867961086455)
(-5.5208203811959695,0.8583060883586308)
(-5.512176290477399,0.8614065527088858)
(-5.503522731513819,0.8644880456411371)
(-5.494859829143056,0.8675504247757293)
(-5.486187708951355,0.8705935488737347)
(-5.477506497266262,0.8736172778390346)
(-5.468816321149513,0.8766214727203572)
(-5.460117308389924,0.879605995713284)
(-5.451409587496265,0.8825707101622183)
(-5.442693287690107,0.8855154805623188)
(-5.433968538898685,0.8884401725613988)
(-5.425235471747742,0.8913446529617856)
(-5.416494217554359,0.8942287897221474)
(-5.407744908319782,0.8970924519592853)
(-5.398987676722241,0.8999355099498878)
(-5.390222656109749,0.9027578351322494)
(-5.3814499804929286,0.9055593001079554)
(-5.37266978453777,0.9083397786435327)
(-5.36388220355844,0.9110991456720599)
(-5.355087373510053,0.9138372772947472)
(-5.346285430981434,0.9165540507824808)
(-5.337476513187894,0.9192493445773247)
(-5.328660757963969,0.9219230382940017)
(-5.319838303756188,0.9245750127213229)
(-5.311009289615789,0.9272051498235953)
(-5.302173855191483,0.9298133327419852)
(-5.293332140722166,0.9323994457958522)
(-5.284484287029635,0.9349633744840443)
(-5.275630435511324,0.9375050054861637)
(-5.266770728133003,0.9400242266637875)
(-5.257905307421485,0.9425209270616675)
(-5.24903431645732,0.9449949969088808)
(-5.240157898867506,0.947446327619956)
(-5.2312761988181595,0.9498748117959585)
(-5.22238936100722,0.9522803432255449)
(-5.21349753065711,0.9546628168859793)
(-5.204600853507426,0.957022128944118)
(-5.1956994758076025,0.9593581767573551)
(-5.186793544309584,0.9616708588745401)
(-5.177883206260484,0.9639600750368539)
(-5.1689686093952485,0.9662257261786538)
(-5.160049901929316,0.968467714428282)
(-5.151127232551266,0.9706859431088432)
(-5.142200750415459,0.972880316738942)
(-5.133270605134711,0.9750507410333921)
(-5.1243369467729165,0.977197122903882)
(-5.115399925837695,0.9793193704596176)
(-5.106459693273034,0.9814173930079204)
(-5.097516400451932,0.9834911010547965)
(-5.088570199169019,0.9855404063054689)
(-5.079621241633209,0.9875652216648759)
(-5.07066968046033,0.9895654612381372)
(-5.061715668665742,0.9915410403309809)
(-5.052759359656977,0.9934918754501403)
(-5.043800907226386,0.9954178843037139)
(-5.034840465543733,0.9973189858014923)
(-5.025878189148857,0.9991951000552496)
(-5.016914232944286,1.0010461483790016)
(-5.007948752187861,1.00287205328923)
(-4.998981902485378,1.004672738505069)
(-4.990013839783212,1.0064481289484617)
(-4.981044720360944,1.008198150744282)
(-4.972074700824,1.009922731220416)
(-4.963103938096271,1.01162179890782)
(-4.954132589412761,1.013295283540533)
(-4.945160812312206,1.0149431160556641)
(-4.936188764629731,1.0165652285933375)
(-4.927216604489463,1.0181615544966136)
(-4.918244490297199,1.019732028311364)
(-4.9092725807330195,1.0212765857861228)
(-4.900301034743965,1.022795163871896)
(-4.891330011536653,1.024287700721944)
(-4.882359670569956,1.0257541356915214)
(-4.873390171547636,1.027194409337594)
(-4.864421674411012,1.0286084634185073)
(-4.855454339331617,1.0299962408936374)
(-4.8464883267038665,1.0313576859229947)
(-4.83752379713772,1.032692743866799)
(-4.828560911451364,1.0340013612850214)
(-4.8195998306638765,1.0352834859368907)
(-4.810640715987917,1.0365390667803684)
(-4.801683728822419,1.0377680539715828)
(-4.792729030745267,1.03897039886424)
(-4.783776783505997,1.0401460540089913)
(-4.77482714901851,1.0412949731527734)
(-4.765880289353765,1.042417111238112)
(-4.756936366732499,1.043512424402391)
(-4.747995543517952,1.0445808699770887)
(-4.739057982208582,1.0456224064869835)
(-4.730123845430807,1.0466369936493192)
(-4.721193295931734,1.0476245923729448)
(-4.712266496571912,1.0485851647574123)
(-4.703343610318085,1.0495186740920488)
(-4.694424800235951,1.0504250848549874)
(-4.685510229482927,1.0513043627121734)
(-4.676600061300926,1.0521564745163272)
(-4.667694459009143,1.0529813883058832)
(-4.658793585996841,1.0537790733038874)
(-4.649897605716155,1.0545494999168663)
(-4.641006681674903,1.0552926397336626)
(-4.632120977429397,1.0560084655242332)
(-4.623240656577273,1.056696951238419)
(-4.6143658827503184,1.0573580720046785)
(-4.605496819607335,1.0579918041287883)
(-4.5966336308269735,1.0585981250925138)
(-4.587776480100822,1.0591770135523628)
(-4.578925531125419,1.0597284493377184)
(-4.570080947596435,1.0602524134500864)
(-4.561242893200692,1.0607488880611975)
(-4.5524115316093035,1.061217856511612)
(-4.543587026470571,1.0616593033091917)
(-4.534769541402928,1.0620732141275346)
(-4.5259592399878725,1.062459575804381)
(-4.517156285762911,1.062818376339984)
(-4.508360842214537,1.0631496048954494)
(-4.499573072771184,1.0634532517910378)
(-4.490793140796238,1.0637293085044444)
(-4.482021209581014,1.0639777676690318)
(-4.473257442337774,1.0641986230720457)
(-4.464502002192755,1.0643918696527863)
(-4.455755052179205,1.0645575035007513)
(-4.44701675523043,1.0646955218537506)
(-4.43828727417286,1.0648059230959812)
(-4.42956677171913,1.0648887067560735)
(-4.420855410461154,1.064943873505112)
(-4.412153352863267,1.0649714251546085)
(-4.403460761255295,1.0649713646544574)
(-4.394777797825728,1.0649436960908545)
(-4.386104624614854,1.0648884246841799)
(-4.377441403507914,1.0648055567868548)
(-4.368788296228303,1.0646950998811628)
(-4.360145464330732,1.0645570625770424)
(-4.351513069194463,1.0643914546098425)
(-4.34289127201652,1.0641982868380548)
(-4.334280233804939,1.0639775712410058)
(-4.325680115371999,1.0637293209165226)
(-4.317091077327537,1.0634535500785658)
(-4.308513280072192,1.0631502740548315)
(-4.2999468837907315,1.0628195092843213)
(-4.29139204844538,1.0624612733148813)
(-4.282848933769143,1.0620755848007106)
(-4.274317699259164,1.0616624634998357)
(-4.265798504170109,1.061221930271561)
(-4.257291507507549,1.0607540070738795)
(-4.248796868021359,1.0602587169608568)
(-4.24031474419917,1.0597360840799879)
(-4.231845294259786,1.059186133669515)
(-4.223388676146663,1.0586088920557226)
(-4.214945047521381,1.0580043866501958)
(-4.2065145657571525,1.0573726459470525)
(-4.19809738793234,1.0567136995201443)
(-4.189693670823984,1.0560275780202226)
(-4.1813035709013695,1.0553143131720828)
(-4.172927244319602,1.0545739377716674)
(-4.164564846913205,1.0538064856831526)
(-4.156216534189724,1.0530119918359886)
(-4.1478824613233884,1.052190492221927)
(-4.139562783148741,1.0513420238920022)
(-4.1312576541543296,1.0504666249534966)
(-4.122967228476402,1.0495643345668675)
(-4.1146916598926335,1.0486351929426478)
(-4.106431101815851,1.047679241338316)
(-4.0981857072878025,1.0466965220551379)
(-4.089955628972947,1.0456870784349777)
(-4.081741019152245,1.0446509548570824)
(-4.073542029716998,1.043588196734832)
(-4.065358812162687,1.04249885051247)
(-4.057191517582852,1.0413829636617924)
(-4.049040296662972,1.0402405846788185)
(-4.040905299674406,1.0390717630804316)
(-4.032786676468297,1.0378765494009807)
(-4.024684576469563,1.0366549951888724)
(-4.016599148670864,1.0354071530031164)
(-4.008530541626625,1.0341330764098546)
(-4.000478903447049,1.0328328199788548)
(-3.9924443817921924,1.031506439279983)
(-3.984427123866024,1.0301539908796438)
(-3.9764272764105435,1.0287755323371923)
(-3.9684449856999016,1.0273711222013193)
(-3.9604803975345537,1.0259408200064162)
(-3.9525336572354317,1.0244846862688968)
(-3.9446049096381466,1.0230027824835073)
(-3.9366942990872174,1.0214951711196034)
(-3.928801969430318,1.0199619156173947)
(-3.9209280640125455,1.0184030803841722)
(-3.9130727256707365,1.0168187307905039)
(-3.9052360967277777,1.0152089331664007)
(-3.8974183189869653,1.0135737547974621)
(-3.889619533726378,1.0119132639209927)
(-3.8818398816932818,1.0102275297220884)
(-3.8740795030985566,1.0085166223297044)
(-3.8663385376111568,1.0067806128126895)
(-3.8586171243525893,1.0050195731757983)
(-3.8509154018914127,1.0032335763556761)
(-3.843233508237788,1.0014226962168193)
(-3.835571580838023,0.9995870075475078)
(-3.8279297565691803,0.9977265860557161)
(-3.820308171733667,0.9958415083649905)
(-3.8127069620539036,0.9939318520103121)
(-3.805126262666974,0.9919976954339231)
(-3.7975662081193353,0.9900391179811387)
(-3.790026932361538,0.9880561998961255)
(-3.7825085687429825,0.9860490223176591)
(-3.775011250006696,0.9840176672748546)
(-3.7675351082841537,0.9819622176828775)
(-3.7600802750901052,0.9798827573386217)
(-3.7526468813174496,0.9777793709163722)
(-3.7452350572321267,0.9756521439634342)
(-3.7378449324680516,0.973501162895749)
(-3.7304766360220643,0.9713265149934739)
(-3.723130296248908,0.9691282883965497)
(-3.715806040856253,0.9669065721002341)
(-3.708503996899743,0.9646614559506222)
(-3.7012242907780517,0.9623930306401324)
(-3.6939670482280036,0.9601013877029804)
(-3.6867323943197046,0.9577866195106218)
(-3.6795204534517034,0.9554488192671754)
(-3.672331349346183,0.9530880810048247)
(-3.6651652050442,0.9507044995791931)
(-3.658022142900923,0.9482981706647027)
(-3.6509022845809427,0.9458691907499064)
(-3.6438057510535646,0.9434176571327991)
(-3.636732662588182,0.940943667916108)
(-3.629683138749642,0.938447322002561)
(-3.6226572983936682,0.9359287190901363)
(-3.6156552596622973,0.9333879596672844)
(-3.6086771399793585,0.9308251450081354)
(-3.6017230560459836,0.9282403771676828)
(-3.5947931238361384,0.9256337589769461)
(-3.5878874585922005,0.9230053940381183)
(-3.5810061748205615,0.9203553867196804)
(-3.57414938628726,0.9176838421515137)
(-3.5673172060136498,0.9149908662199747)
(-3.5605097462721,0.9122765655629617)
(-3.5537271185817207,0.909541047564956)
(-3.546969433625812,0.9067844203106356)
(-3.540236801565803,0.9040067927358194)
(-3.5335293315539813,0.9012082744035889)
(-3.5268471320543524,0.898388975634975)
(-3.5201903107567967,0.8955490074725102)
(-3.513558974572983,0.892688481675152)
(-3.5069532296323427,0.8898075107131945)
(-3.5003731812780488,0.8869062077631475)
(-3.493818934063065,0.8839846867026129)
(-3.487290591746183,0.8810430621051273)
(-3.4807882572881357,0.8780814492349985)
(-3.4743120328477204,0.8750999640421191)
(-3.4678620197779626,0.8720987231567586)
(-3.4614383186223168,0.869077843884349)
(-3.4550410291108893,0.8660374442002381)
(-3.448670250156715,0.8629776427444389)
(-3.442326079852051,0.8598985588163529)
(-3.4360086154647176,0.8568003123694811)
(-3.4297179534344626,0.8536830240061184)
(-3.423454189369367,0.8505468149720248)
(-3.4172174180422834,0.8473918071510929)
(-3.4110077333873177,0.8442181230599819)
(-3.404825228496327,0.8410258858427547)
(-3.3986699956154744,0.8378152192654853)
(-3.3925421261417994,0.8345862477108508)
(-3.386441710619846,0.8313390961727213)
(-3.3803688387382946,0.8280738902507161)
(-3.3743235993266665,0.8247907561447599)
(-3.3683060803520317,0.8214898206496114)
(-3.3623163689157742,0.8181712111493912)
(-3.3563545512503796,0.8148350556120812)
(-3.350420712716272,0.8114814825840193)
(-3.3445149377986665,0.8081106211843736)
(-3.3386373101044833,0.8047226010996104)
(-3.3327879123592727,0.8013175525779352)
(-3.3269668264041976,0.7978956064237362)
(-3.321174133193035,0.7944568939919989)
(-3.3154099127892276,0.7910015471827218)
(-3.3096742443629643,0.7875296984353064)
(-3.3039672061882968,0.7840414807229417)
(-3.298288875640296,0.7805370275469738)
(-3.2926393291922427,0.7770164729312632)
(-3.2870186424128587,0.7734799514165304)
(-3.2814268899635723,0.7699275980546862)
(-3.275864145595814,0.7663595484031551)
(-3.2703304821483616,0.7627759385191819)
(-3.264825971544719,0.7591769049541316)
(-3.259350684790517,0.7555625847477726)
(-3.2539046919709778,0.7519331154225511)
(-3.2484880622483887,0.7482886349778592)
(-3.243100863859646,0.744629281884284)
(-3.23774316411379,0.7409551950778487)
(-3.2324150293896303,0.7372665139542474)
(-3.227116525133364,0.7335633783630651)
(-3.2218477158562573,0.7298459286019895)
(-3.216608665132362,0.7261143054110124)
(-3.211399435596253,0.7223686499666221)
(-3.2062200889408237,0.7186091038759841)
(-3.2010706859151083,0.7148358091711187)
(-3.1959512863221446,0.7110489083030592)
(-3.1908619490168735,0.7072485441360121)
(-3.185802731904072,0.703434859941501)
(-3.18077369193634,0.6996079993925062)
(-3.175774885112105,0.6957681065575931)
(-3.170806366473675,0.6919153258950356)
(-3.165868190105327,0.6880498022469289)
(-3.1609604091314463,0.6841716808332969)
(-3.1560830757146734,0.6802811072461905)
(-3.151236241054119,0.6763782274437767)
(-3.1464199553836094,0.6724631877444278)
(-3.141634267969957,0.668536134820795)
(-3.1368792271112844,0.6645972156938798)
(-3.1321548801353796,0.6606465777271022)
(-3.127461273398096,0.6566843686203527)
(-3.1227984522817707,0.6527107364040483)
(-3.1181664611937183,0.6487258294331797)
(-3.113565343564724,0.6447297963813493)
(-3.108995141847595,0.6407227862348069)
(-3.1044558975157543,0.636704948286478)
(-3.099947651061857,0.6326764321299936)
(-3.095470441996463,0.6286373876537044)
(-3.091024308846729,0.6245879650347004)
(-3.0866092891551618,0.6205283147328177)
(-3.082225419478384,0.6164585874846499)
(-3.0778727353859634,0.6123789342975466)
(-3.0735512714592623,0.6082895064436125)
(-3.069261061290337,0.6041904554537053)
(-3.0650021374808674,0.6000819331114252)
(-3.06077453164113,0.5959640914471035)
(-3.056578274389015,0.5918370827317891)
(-3.052413395349063,0.5877010594712276)
(-3.0482799231515685,0.5835561743998489)
(-3.044177885431691,0.5794025804747363)
(-3.040107308828636,0.5752404308696082)
(-3.0360682189848425,0.5710698789687859)
(-3.0320606405452386,0.566891078361172)
(-3.028084597156519,0.5627041828342143)
(-3.024140111466464,0.5585093463678775)
(-3.0202272051232946,0.5543067231286127)
(-3.016345898775076,0.5500964674633182)
(-3.0124962120691503,0.5458787338933133)
(-3.0086781636516093,0.5416536771082937)
(-3.0048917711668124,0.5374214519603074)
(-3.0011370512569315,0.53318221345771)
(-2.9974140195615506,0.5289361167591361)
(-2.9937226907172794,0.5246833171674602)
(-2.990063078357438,0.520423970123764)
(-2.986435195111755,0.5161582312013059)
(-2.9828390526061077,0.5118862560994822)
(-2.9792746614623127,0.5076082006377995)
(-2.975742031297941,0.5033242207498423)
(-2.9722411707261864,0.499034472477247)
(-2.9687720873557515,0.49473911196367115)
(-2.965334787790796,0.49043829544876966)
(-2.9619292776309094,0.48613217926217384)
(-2.9585555614711194,0.4818209198174659)
(-2.955213642901951,0.47750467360616783)
(-2.9519035245095107,0.47318359719171654)
(-2.948625207875618,0.4688578472034602)
(-2.9453786935779758,0.46452758033064334)
(-2.9421639811903693,0.46019295331640225)
(-2.938981069282914,0.4558541229517646)
(-2.9358299554223355,0.45151124606964627)
(-2.93271063617229,0.44716447953886174)
(-2.9296231070937218,0.4428139802581293)
(-2.92656736274526,0.43845990515008926)
(-2.9235433966836495,0.4341024111553163)
(-2.920551201464228,0.42974165522634783)
(-2.9175907686414337,0.42537779432171174)
(-2.9146620887693495,0.42101098539995563)
(-2.9117651514022946,0.41664138541369145)
(-2.9088999450954454,0.41226915130363484)
(-2.906066457405495,0.4078944399926575)
(-2.903264674891354,0.40351740837984656)
(-2.9004945831148885,0.3991382133345599)
(-2.8977561666416944,0.3947570116905007)
(-2.8950494090419014,0.39037396023979043)
(-2.892374292891035,0.38598921572705186)
(-2.889730799770894,0.3816029348435001)
(-2.8871189102704773,0.3772152742210334)
(-2.8845386039869445,0.3728263904263441)
(-2.881989859526617,0.3684364399550259)
(-2.879472654506016,0.36404557922569597)
(-2.876986965552925,0.3596539645741175)
(-2.874532768307512,0.3552617522473415)
(-2.872110037423471,0.35086909839784625)
(-2.869718746569208,0.3464761590776915)
(-2.8673588684290565,0.3420830902326826)
(-2.8650303747045465,0.337690047696534)
(-2.8627332361156883,0.33329718718505746)
(-2.8604674224023086,0.328904664290345)
(-2.8582329023254194,0.3245126344749718)
(-2.856029643668619,0.32012125306619993)
(-2.8538576132395375,0.31573067525020143)
(-2.851716776871307,0.3113410560662857)
(-2.8496070994240847,0.3069525504011375)
(-2.847528544786594,0.30256531298306777)
(-2.8454810758777125,0.2981794983762734)
(-2.8434646546481015,0.29379526097511155)
(-2.8414792420818515,0.2894127549983776)
(-2.8395247981981866,0.2850321344836035)
(-2.837601282053189,0.2806535532813599)
(-2.8357086517415633,0.27627716504957656)
(-2.8338468643984434,0.2719031232478715)
(-2.8320158762012215,0.2675315811318897)
(-2.8302156423714275,0.26316269174765744)
(-2.8284461171766315,0.2587966079259555)
(-2.8267072539323883,0.25443348227668733)
(-2.8249990050042126,0.25007346718327955)
(-2.8233213218095967,0.2457167147970816)
(-2.821674154820059,0.24136337703178856)
(-2.8200574535632157,0.23701360555786927)
(-2.8184711666249136,0.23266755179701532)
(-2.816915241651372,0.22832536691659733)
(-2.815389625351375,0.2239872018241391)
(-2.8138942634984874,0.2196532071618079)
(-2.8124291009333193,0.2153235333009127)
(-2.810994081565804,0.2109983303364246)
(-2.8095891483775377,0.20667774808150283)
(-2.8082142434241195,0.20236193606204786)
(-2.8068693078375597,0.19805104351125827)
(-2.8055542818286994,0.1937452193642079)
(-2.8042691046896673,0.18944461225244222)
(-2.803013714796377,0.18514937049858193)
(-2.801788049611057,0.1808596421109489)
(-2.800592045684802,0.17657557477820565)
(-2.799425638660178,0.17229731586401276)
(-2.798288763273836,0.1680250124017002)
(-2.797181353359188,0.1637588110889568)
(-2.79610334184908,0.15949885828253893)
(-2.795054660778542,0.15524529999298828)
(-2.7940352412875202,0.15099828187937922)
(-2.793045013623689,0.1467579492440687)
(-2.7920839071452623,0.14252444702747707)
(-2.7911518503238533,0.1382979198028784)
(-2.790248770747366,0.13407851177120966)
(-2.7893745951229056,0.12986636675590224)
(-2.7885292492797396,0.12566162819772705)
(-2.787712658172276,0.1214644391496593)
(-2.7869247458830806,0.11727494227176172)
(-2.7861654356259278,0.11309327982608983)
(-2.785434649748874,0.10891959367160953)
(-2.7847323097373615,0.10475402525913696)
(-2.7840583362173783,0.10059671562630339)
(-2.783412648958609,0.09644780539252654)
(-2.7827951668776483,0.09230743475401527)
(-2.7822058080412373,0.08817574347878332)
(-2.7816444896695165,0.08405287090168814)
(-2.7811111281393326,0.07993895591949417)
(-2.780605638987556,0.07583413698594005)
(-2.7801279369144365,0.07173855210684883)
(-2.779677935786992,0.06765233883523812)
(-2.779255548642416,0.06357563426646669)
(-2.7788606876915334,0.05950857503338887)
(-2.7784932643222686,0.055451297301540886)
(-2.7781531891031452,0.05140393676434226)
(-2.777840371786828,0.04736662863832064)
(-2.777554721313681,0.0433395076583556)
(-2.7772961458153573,0.03932270807294529)
(-2.777064552618421,0.035316363639500685)
(-2.776859848247999,0.03132060761965139)
(-2.776681938431451,0.027335572774581308)
(-2.7765307281020846,0.023361391360383864)
(-2.7764061214028826,0.019398195123438274)
(-2.776308021690274,0.01544611529581514)
(-2.7762363315379033,0.011505282590689957)
(-2.7761909527404764,0.0075758271978011394)
(-2.7761717863175877,0.0036578787789100357)
(-2.776178732517604,-0.00024843353670142045)
(-2.7762116908215524,-0.0041429811567184095)
(-2.7762705599470605,-0.008025636030253004)
(-2.7763552378523024,-0.011896270652279382)
(-2.776465621739986,-0.01575475806805173)
(-2.7766016080613514,-0.019600971877487532)
(-2.776763092520225,-0.02343478623953964)
(-2.776949970077054,-0.027256075876533236)
(-2.777162134953018,-0.031064716078484347)
(-2.7773994806341227,-0.034860582707393)
(-2.7776618998753553,-0.038643552201508356)
(-2.7779492847048357,-0.04241350157957545)
(-2.7782615264280133,-0.04617030844505038)
(-2.778598515631878,-0.0499138509902952)
(-2.778960142189212,-0.053644008000744765)
(-2.7793462952628367,-0.05736065885905063)
(-2.779756863309919,-0.06106368354919842)
(-2.78019173408628,-0.06475296266059655)
(-2.780650794650733,-0.06842837739214706)
(-2.7811339313694483,-0.07208980955628025)
(-2.7816410299203396,-0.07573714158297423)
(-2.7821719752974863,-0.07937025652373947)
(-2.7827266518155493,-0.08298903805558012)
(-2.7833049431142465,-0.08659337048493385)
(-2.7839067321628246,-0.09018313875157452)
(-2.784531901264577,-0.09375822843250116)
(-2.785180332061355,-0.09731852574578785)
(-2.785851905538134,-0.10086391755441725)
(-2.786546502027582,-0.10439429137007919)
(-2.7872640012146555,-0.10790953535694656)
(-2.7880042821412196,-0.11140953833542276)
(-2.7887672232106886,-0.1148941897858618)
(-2.7895527021926854,-0.11836337985226211)
(-2.790360596227736,-0.12181699934592931)
(-2.7911907818319635,-0.12525493974911592)
(-2.7920431349018213,-0.12867709321863058)
(-2.7929175307188423,-0.13208335258941772)
(-2.7938138439544096,-0.1354736113781158)
(-2.7947319486745408,-0.13884776378657596)
(-2.795671718344707,-0.1422057047053672)
(-2.7966330258346566,-0.1455473297172393)
(-2.797615743423272,-0.14887253510056664)
(-2.7986197428034427,-0.15218121783275818)
(-2.799644895086949,-0.15547327559364216)
(-2.80069107080938,-0.1587486067688193)
(-2.8017581399350617,-0.162007110452989)
(-2.8028459718620056,-0.16524868645324606)
(-2.803954435426883,-0.1684732352923458)
(-2.8050833989100066,-0.1716806582119471)
(-2.8062327300403354,-0.17487085717581594)
(-2.807402296000506,-0.17804373487300845)
(-2.808591963431874,-0.18119919472102133)
(-2.809801598439573,-0.18433714086890676)
(-2.811031066597587,-0.1874574782003706)
(-2.812280232953867,-0.19056011233682899)
(-2.813548962035422,-0.1936449496404381)
(-2.8148371178534637,-0.1967118972170992)
(-2.8161445639085514,-0.1997608629194277)
(-2.817471163195763,-0.2027917553496934)
(-2.818816778209861,-0.20580448386273106)
(-2.820181270950507,-0.20879895856882283)
(-2.821564502927473,-0.21177509033654418)
(-2.8229663351658654,-0.2147327907955885)
(-2.824386628211377,-0.217671972339549)
(-2.825825242135548,-0.22059254812868387)
(-2.8272820365410443,-0.22349443209263928)
(-2.828756870566947,-0.22637753893314602)
(-2.8302496028940616,-0.22924178412668725)
(-2.831760091750243,-0.23208708392713048)
(-2.833288194915732,-0.23491335536833313)
(-2.834833769728501,-0.23772051626671442)
(-2.8363966730896317,-0.24050848522379442)
(-2.837976761468681,-0.24327718162870715)
(-2.8395738909090813,-0.24602652566067515)
(-2.841187917033551,-0.24875643829146205)
(-2.8428186950495062,-0.25146684128778074)
(-2.8444660797545005,-0.25415765721368433)
(-2.846129925541673,-0.2568288094329141)
(-2.847810086405199,-0.25948022211122096)
(-2.849506415945768,-0.26211182021865514)
(-2.8512187673760683,-0.2647235295318195)
(-2.8529469935262783,-0.2673152766361011)
(-2.854690946849577,-0.269886988927858)
(-2.8564504794276644,-0.2724385946165837)
(-2.8582254429762908,-0.27497002272703525)
(-2.8600156888507975,-0.2774812031013267)
(-2.8618210680516727,-0.2799720664010004)
(-2.8636414312301164,-0.28244254410905323)
(-2.8654766286936106,-0.2848925685319382)
(-2.8673265104115035,-0.28732207280153316)
(-2.8691909260206128,-0.2897309908770758)
(-2.8710697248308197,-0.29211925754706425)
(-2.872962755830693,-0.29448680843112857)
(-2.874869867693106,-0.2968335799818685)
(-2.8767909087808734,-0.29915950948665804)
(-2.8787257271523954,-0.3014645350694173)
(-2.8806741705673,-0.3037485956923526)
(-2.882636086492118,-0.3060116311576624)
(-2.884611322105939,-0.30825358210921017)
(-2.8865997243060884,-0.3104743900341704)
(-2.8886011397138227,-0.3126739972646294)
(-2.8906154146800063,-0.3148523469791662)
(-2.892642395290826,-0.31700938320439254)
(-2.8946819273734876,-0.3191450508164631)
(-2.8967338565019336,-0.32125929554255017)
(-2.898798028002568,-0.32335206396228733)
(-2.9008742869599757,-0.32542330350918036)
(-2.902962478222667,-0.3274729624719841)
(-2.9050624464088073,-0.32950098999604494)
(-2.907174035911973,-0.33150733608461225)
(-2.9092970909068963,-0.3334919516001151)
(-2.9114314553552285,-0.3354547882654063)
(-2.913576973011304,-0.3373957986649754)
(-2.915733487427899,-0.3393149362461211)
(-2.9179008419620125,-0.3412121553201004)
(-2.920078879780645,-0.3430874110632366)
(-2.922267443866581,-0.34494065951799824)
(-2.924466377024168,-0.34677185759404033)
(-2.926675521885115,-0.34858096306921965)
(-2.9288947209142857,-0.35036793459056653)
(-2.931123816415493,-0.3521327316752322)
(-2.9333626505373,-0.3538753147113984)
(-2.9356110652788336,-0.3555956449591514)
(-2.9378689024955804,-0.3572936845513303)
(-2.940136003905205,-0.3589693964943324)
(-2.942412211093355,-0.3606227446688914)
(-2.9446973655194872,-0.36225369383081973)
(-2.946991308522672,-0.3638622096117179)
(-2.9492938813274203,-0.3654482585196512)
(-2.9516049250494993,-0.36701180793978916)
(-2.9539242807017616,-0.36855282613501705)
(-2.9562517891999613,-0.37007128224650904)
(-2.9585872913685747,-0.3715671462942717)
(-2.9609306279466376,-0.37304038917764965)
(-2.9632816395935566,-0.3744909826758024)
(-2.965640166894946,-0.3759188994481432)
(-2.968006050368446,-0.3773241130347474)
(-2.9703791304695466,-0.3787065978567271)
(-2.97275924759742,-0.3800663292165694)
(-2.97514624210074,-0.38140328329844625)
(-2.9775399542835093,-0.382717437168485)
(-2.979940224410873,-0.38400876877500967)
(-2.982346892714952,-0.3852772569487471)
(-2.9847597994006545,-0.38652288140299956)
(-2.9871787846514954,-0.38774562273378393)
(-2.989603688635417,-0.3889454624199398)
(-2.9920343515105934,-0.3901223828231983)
(-2.994470613431258,-0.391276367188224)
(-2.9969123145534944,-0.3924073996426204)
(-2.9993592950410592,-0.39351546519690256)
(-3.0018113950711696,-0.3946005497444333)
(-3.0042684548403185,-0.3956626400613332)
(-3.0067303145700643,-0.3967017238063501)
(-3.0091968145128183,-0.3977177895206992)
(-3.011667794957645,-0.39871082662786855)
(-3.014143096236044,-0.3996808254333915)
(-3.0166225587277244,-0.40062777712458764)
(-3.019106022866387,-0.4015516737702671)
(-3.0215933291454937,-0.4024525083204049)
(-3.0240843181240367,-0.4033302746057812)
(-3.0265788304323014,-0.40418496733758663)
(-3.0290767067776136,-0.4050165821069988)
(-3.0315777879501016,-0.40582511538472005)
(-3.034081914828426,-0.4066105645204878)
(-3.0365889283855396,-0.4073729277425499)
(-3.039098669694401,-0.40811220415710364)
(-3.041610979933706,-0.4088283937477086)
(-3.044125700393616,-0.40952149737466115)
(-3.0466426724814553,-0.4101915167743396)
(-3.049161737727426,-0.41083845455851203)
(-3.05168273779031,-0.41146231421361873)
(-3.0542055144631446,-0.4120631001000163)
(-3.0567299096789218,-0.41264081745118764)
(-3.059255765516249,-0.41319547237292836)
(-3.0617829242050343,-0.4137270718424902)
(-3.0643112281321216,-0.41423562370769906)
(-3.06684051984696,-0.41472113668603605)
(-3.069370642067233,-0.4151836203636919)
(-3.0719014376844944,-0.4156230851945818)
(-3.074432749769799,-0.4160395424993348)
(-3.0769644215793,-0.4164330044642461)
(-3.0794962965598653,-0.4168034841402013)
(-3.0820282183546706,-0.4171509954415635)
(-3.0845600308087766,-0.4174755531450361)
(-3.0870915779747095,-0.41777717288848293)
(-3.0896227041180206,-0.41805587116972864)
(-3.092153253722847,-0.4183116653453175)
(-3.0946830714974394,-0.41854457362924585)
(-3.0972120023797034,-0.4187546150916603)
(-3.09973989154272,-0.4189418096575266)
(-3.102266584400243,-0.4191061781052646)
(-3.1047919266122137,-0.41924774206535353)
(-3.107315764090227,-0.41936652401890506)
(-3.1098379430030136,-0.41946254729620575)
(-3.112358309781901,-0.41953583607522577)
(-3.114876711126258,-0.4195864153801015)
(-3.1173929940089313,-0.4196143110795819)
(-3.119907005681668,-0.4196195498854455)
(-3.122418593680525,-0.4196021593508887)
(-3.1249276058312647,-0.41956216786888)
(-3.1274338902547365,-0.4194996046704857)
(-3.12993729537225,-0.41941449982316276)
(-3.132437669910926,-0.41930688422902374)
(-3.1349348629090397,-0.41917678962307026)
(-3.1374287237213445,-0.41902424857139237)
(-3.139919102024389,-0.4188492944693448)
(-3.14240584782181,-0.4186519615396857)
(-3.1448888114496225,-0.4184322848306899)
(-3.1473678435814794,-0.4181903002142313)
(-3.149842795233926,-0.4179260443838316)
(-3.1523135177716473,-0.41763955485268445)
(-3.154779862912671,-0.4173308699516466)
(-3.157241682733596,-0.41700002882720105)
(-3.1596988296747606,-0.41664707143938706)
(-3.162151156545432,-0.41627203855970396)
(-3.1645985165289563,-0.4158749717689875)
(-3.1670407631879014,-0.4154559134552493)
(-3.169477750469182,-0.41501490681149455)
(-3.1719093327091676,-0.41455199583350794)
(-3.1743353646387678,-0.41406722531760853)
(-3.1767557013885144,-0.41356064085837874)
(-3.179170198493605,-0.4130322888463627)
(-3.181578711898951,-0.4124822164657366)
(-3.183981097964193,-0.4119104716919495)
(-3.186377213468705,-0.4113171032893376)
(-3.188766915616574,-0.4107021608087058)
(-3.1911500620415727,-0.41006569458488773)
(-3.193526510812099,-0.40940775573427074)
(-3.1958961204361116,-0.40872839615229645)
(-3.198258749866029,-0.4080276685109331)
(-3.200614258503631,-0.40730562625611916)
(-3.2029625062049223,-0.40656232360517824)
(-3.205303353284987,-0.4057978155442099)
(-3.2076366605228226,-0.40501215782544814)
(-3.209962289166143,-0.40420540696459734)
(-3.2122801009361854,-0.40337762023813506)
(-3.214589958032466,-0.40252885568059577)
(-3.2168917231375476,-0.4016591720818168)
(-3.219185259421758,-0.4007686289841691)
(-3.2214704305479063,-0.3998572866797511)
(-3.223747100675976,-0.39892520620756255)
(-3.2260151344677856,-0.3979724493506464)
(-3.228274397091646,-0.396999078633211)
(-3.2305247542269813,-0.3960051573177199)
(-3.2327660720689266,-0.39499074940195544)
(-3.234998217332935,-0.3939559196160624)
(-3.237221057259306,-0.3929007334195598)
(-3.2394344596177542,-0.39182525699832693)
(-3.2416382927119134,-0.39072955726156816)
(-3.243832425383828,-0.38961370183874916)
(-3.2460167270184384,-0.3884777590765042)
(-3.2481910675480163,-0.38732179803552624)
(-3.25035531745661,-0.3861458884874264)
(-3.2525093477844256,-0.38495010091156623)
(-3.254653030132237,-0.3837345064918731)
(-3.256786236665715,-0.38249917711362147)
(-3.2589088401197777,-0.3812441853601977)
(-3.261020713802908,-0.3799696045098326)
(-3.263121731601421,-0.37867550853231546)
(-3.2652117679837485,-0.377361972085684)
(-3.2672906980046656,-0.3760290705128823)
(-3.2693583973095093,-0.3746768798384085)
(-3.271414742138374,-0.3733054767649237)
(-3.2734596093302715,-0.3719149386698483)
(-3.2754928763272795,-0.3705053436019276)
(-3.277514421178653,-0.36907677027778013)
(-3.2795241225449234,-0.36762929807841876)
(-3.2815218597019653,-0.36616300704574717)
(-3.2835075125450284,-0.36467797787904005)
(-3.2854809615927723,-0.363174291931393)
(-3.287442087991239,-0.3616520312061535)
(-3.289390773517842,-0.36011127835333)
(-3.2913269005852777,-0.358552116665976)
(-3.293250352245469,-0.35697463007655417)
(-3.2951610121934376,-0.35537890315327736)
(-3.297058764771163,-0.35376502109642904)
(-3.298943494971431,-0.3521330697346574)
(-3.300815088441642,-0.3504831355212552)
(-3.302673431487579,-0.3488153055304121)
(-3.304518411077183,-0.34712966745344753)
(-3.3063499148442737,-0.34542630959502385)
(-3.308167831092253,-0.343705320869336)
(-3.309972048797778,-0.34196679079628284)
(-3.3117624576144187,-0.34021080949761506)
(-3.313538947876268,-0.3384374676930649)
(-3.3153014106015517,-0.33664685669645417)
(-3.3170497374961694,-0.3348390684117818)
(-3.318783820957261,-0.3330141953292959)
(-3.3205035540766965,-0.3311723305215357)
(-3.322208830644574,-0.32931356763936454)
(-3.3238995451526634,-0.3274380009079776)
(-3.3255755927978385,-0.3255457251228906)
(-3.3272368694854775,-0.32363683564591217)
(-3.328883271832828,-0.32171142840109124)
(-3.3305146971723514,-0.3197695998706544)
(-3.3321310435550364,-0.3178114470909139)
(-3.333732209753683,-0.3158370676481671)
(-3.3353180952661563,-0.31384655967457)
(-3.336888600318618,-0.31184002184399545)
(-3.3384436258687114,-0.3098175533678763)
(-3.3399830736087504,-0.3077792539910225)
(-3.3415068459688384,-0.3057252239874311)
(-3.343014846119989,-0.30365556415606887)
(-3.344506977977203,-0.3015703758166418)
(-3.3459831462025207,-0.2994697608053485)
(-3.3474432562080403,-0.2973538214706179)
(-3.34888721415891,-0.2952226606688213)
(-3.3503149269762917,-0.293076381759977)
(-3.3517263023402872,-0.2909150886034375)
(-3.3531212486928412,-0.2887388855535529)
(-3.3544996752406244,-0.2865478774553262)
(-3.355861491957845,-0.2843421696400477)
(-3.357206609589095,-0.28212186792091787)
(-3.3585349396520994,-0.27988707858865036)
(-3.359846394440488,-0.2776379084070589)
(-3.361140887026496,-0.27537446460863524)
(-3.3624183312636693,-0.27309685489010366)
(-3.363678641789506,-0.2708051874079673)
(-3.364921734028094,-0.268499570774035)
(-3.3661475241926984,-0.26618011405093567)
(-3.3673559292883333,-0.2638469267476207)
(-3.368546867114289,-0.2615001188148439)
(-3.369720256266633,-0.2591398006406382)
(-3.3708760161406857,-0.2567660830457685)
(-3.372014066933454,-0.2543790772791778)
(-3.373134329646046,-0.2519788950134175)
(-3.3742367260860413,-0.24956564834006043)
(-3.375321178869832,-0.24713944976511074)
(-3.376387611424943,-0.24470041220438676)
(-3.3774359479923155,-0.2422486489789043)
(-3.3784661136285408,-0.23978427381023865)
(-3.379478034208092,-0.2373074008158785)
(-3.3804716364255056,-0.2348181445045652)
(-3.381446847797533,-0.2323166197716189)
(-3.382403596665257,-0.22980294189426076)
(-3.3833418121961905,-0.22727722652691038)
(-3.3842614243863247,-0.2247395896964827)
(-3.3851623640621584,-0.22219014779766783)
(-3.386044562882685,-0.21962901758820316)
(-3.3869079533413586,-0.21705631618413102)
(-3.3877524687680127,-0.2144721610550466)
(-3.3885780433307597,-0.2118766700193392)
(-3.389384612037853,-0.20926996123941466)
(-3.3901721107395137,-0.20665215321691777)
(-3.3909404761297277,-0.20402336478793523)
(-3.3916896457480052,-0.20138371511819544)
(-3.3924195579811216,-0.19873332369825683)
(-3.393130152064805,-0.1960723103386814)
(-3.393821368085405,-0.19340079516521103)
(-3.3944931469815236,-0.19071889861391866)
(-3.3951454305456172,-0.18802674142636597)
(-3.395778161425559,-0.1853244446447415)
(-3.3963912831261736,-0.1826121296069958)
(-3.3969847400107294,-0.17988991794196768)
(-3.3975584773024194,-0.17715793156449652)
(-3.3981124410857806,-0.1744162926705381)
(-3.3986465783080986,-0.1716651237322601)
(-3.399160836780774,-0.16890454749313724)
(-3.399655165180658,-0.16613468696304035)
(-3.400129513051349,-0.1633556654133098)
(-3.4005838308044565,-0.16056760637183598)
(-3.4010180697208363,-0.15777063361811422)
(-3.401432181951797,-0.15496487117831012)
(-3.401826120520251,-0.1521504433203118)
(-3.4021998393218578,-0.14932747454877168)
(-3.402553293126119,-0.1464960896001476)
(-3.4028864375774437,-0.1436564134377408)
(-3.4031992291961806,-0.14080857124671836)
(-3.4034916253796124,-0.13795268842913894)
(-3.4037635844029253,-0.13508889059896947)
(-3.4040150654201295,-0.13221730357709735)
(-3.4042460284649745,-0.12933805338634052)
(-3.4044564344517894,-0.12645126624644465)
(-3.404646245176327,-0.12355706856908737)
(-3.4048154233165535,-0.12065558695286822)
(-3.4049639324334136,-0.11774694817829827)
(-3.4050917369715505,-0.11483127920278932)
(-3.405198802260014,-0.11190870715563142)
(-3.4052850945129,-0.10897935933297759)
(-3.4053505808300026,-0.10604336319280955)
(-3.4053952291973832,-0.10310084634992055)
(-3.4054190084879394,-0.10015193657087625)
(-3.4054218884619303,-0.09719676176898327)
(-3.4054038397674655,-0.0942354499992551)
(-3.4053648339409666,-0.09126812945336864)
(-3.4053048434075763,-0.08829492845462973)
(-3.4052238414815696,-0.08531597545292392)
(-3.405121802366689,-0.08233139901967425)
(-3.404998701156479,-0.0793413278427961)
(-3.404854513834564,-0.07634589072164719)
(-3.404689217274913,-0.07334521656197897)
(-3.4045027892420485,-0.070339434370887)
(-3.4042952083912468,-0.06732867325176183)
(-3.404066454268671,-0.06431306239923237)
(-3.4038165073115056,-0.06129273109411857)
(-3.4035453488480365,-0.05826780869837677)
(-3.4032529610976976,-0.05523842465004841)
(-3.4029393271710973,-0.05220470845820761)
(-3.4026044310699906,-0.04916678969790593)
(-3.4022482576872357,-0.04612479800512819)
(-3.401870792806708,-0.04307886307173304)
(-3.401472023103185,-0.04002911464040992)
(-3.401051936142188,-0.03697568249962579)
(-3.400610520379804,-0.03391869647857895)
(-3.4001477651624663,-0.03085828644215663)
(-3.3996636607266923,-0.027794582285882472)
(-3.399158198198811,-0.024727713930883015)
(-3.3986313695946344,-0.021657811318840533)
(-3.398083167819107,-0.018585004406956866)
(-3.397513586665919,-0.015509423162919051)
(-3.3969226208170866,-0.012431197559862025)
(-3.3963102658424957,-0.009350457571345975)
(-3.395676518199418,-0.006267333166317727)
(-3.395021375231986,-0.0031819543040975426)
(-3.3943448351706484,-0.00009445092935082006)
(-3.393646897131569,0.0029950470329278946)
(-3.392927561116018,0.006086409682424786)
(-3.392186828009712,0.00917950714852298)
(-3.3914246995821307,0.012274209595298161)
(-3.390641178485791,0.015370387226531697)
(-3.3898362682555048,0.018467910290699056)
(-3.389009973307577,0.021566649085961717)
(-3.3881622989389975,0.02466647396515987)
(-3.387293251326588,0.027767255340790022)
(-3.3864028375261146,0.030868863689983168)
(-3.3854910654713644,0.033971169559473324)
(-3.384557943973207,0.03707404357056807)
(-3.3836034827185957,0.04017735642410481)
(-3.38262769226956,0.04328097890540564)
(-3.381630584062162,0.04638478188922504)
(-3.3806121704053984,0.04948863634468891)
(-3.3795724644800957,0.05259241334023539)
(-3.3785114803377687,0.0556959840485319)
(-3.3774292328994293,0.0587992197514079)
(-3.3763257379543794,0.06190199184476134)
(-3.3752010121589726,0.06500417184346802)
(-3.374055073035324,0.06810563138627904)
(-3.3728879389700204,0.07120624224071118)
(-3.3716996292127615,0.0743058763079357)
(-3.370490163874997,0.07740440562764557)
(-3.36925956392852,0.08050170238292949)
(-3.3680078512040295,0.08359763890512843)
(-3.3667350483896596,0.08669208767868451)
(-3.3654411790294816,0.08978492134598454)
(-3.3641262675219727,0.092876012712189)
(-3.362790339118454,0.0959652347500605)
(-3.3614334199214824,0.09905246060477263)
(-3.3600555368832405,0.1021375635987176)
(-3.35865671780387,0.10522041723630132)
(-3.357236991329776,0.10830089520872628)
(-3.355796386951919,0.11137887139876868)
(-3.354334935004054,0.1144542198855394)
(-3.3528526666609464,0.1175268149492439)
(-3.3513496139365646,0.12059653107592148)
(-3.3498258096822258,0.12366324296218256)
(-3.34828128758473,0.1267268255199236)
(-3.3467160821644413,0.1297871538810474)
(-3.3451302287733595,0.13284410340215722)
(-3.3435237635931454,0.1358975496692452)
(-3.3418967236331287,0.13894736850237063)
(-3.340249146728273,0.14199343596032601)
(-3.33858107153712,0.1450356283452878)
(-3.3368925375396925,0.14807382220745866)
(-3.3351835850353875,0.15110789434969446)
(-3.3334542551408144,0.154137721832124)
(-3.3317045897876185,0.1571631819767469)
(-3.3299346317202736,0.1601841523720305)
(-3.3281444244938423,0.1632005108774836)
(-3.3263340124716985,0.16621213562822182)
(-3.3245034408232423,0.16921890503952147)
(-3.322652755521562,0.17222069781135085)
(-3.320782003341077,0.17521739293290095)
(-3.3188912318551584,0.1782088696870941)
(-3.3169804894337016,0.18119500765507876)
(-3.315049825240689,0.18417568672071308)
(-3.313099289231715,0.1871507870750321)
(-3.3111289321514827,0.19012018922069995)
(-3.309138805531271,0.19308377397645168)
(-3.3071289616863737,0.19604142248151565)
(-3.305099453713517,0.1989930162000231)
(-3.303050335488231,0.20193843692539828)
(-3.3009816616622185,0.2048775667847432)
(-3.2988934876606693,0.2078102882431983)
(-3.2967858696795664,0.21073648410828558)
(-3.2946588646829524,0.21365603753424825)
(-3.292512530400171,0.21656883202636237)
(-3.2903469253230897,0.21947475144523448)
(-3.2881621087032746,0.22237368001109142)
(-3.285958140549167,0.22526550230803932)
(-3.2837350816232025,0.22815010328832308)
(-3.2814929934389148,0.2310273682765517)
(-3.2792319382580324,0.23389718297392328)
(-3.276951979087507,0.23675943346241968)
(-3.274653179676556,0.23961400620899165)
(-3.272335604513646,0.2424607880697245)
(-3.269999318823474,0.24529966629398328)
(-3.267644388563914,0.24813052852854925)
(-3.265270880422922,0.2509532628217262)
(-3.2628788618154463,0.25376775762744036)
(-3.2604684008802742,0.25657390180931444)
(-3.2580395664768926,0.2593715846447271)
(-3.2555924281822843,0.26216069582885226)
(-3.2531270562877284,0.26494112547868254)
(-3.2506435217955607,0.26771276413703227)
(-3.2481418964159063,0.2704755027765201)
(-3.2456222525634013,0.273229232803534)
(-3.2430846633538764,0.27597384606218167)
(-3.2405292026010133,0.2787092348382141)
(-3.2379559448129895,0.2814352918629345)
(-3.2353649651890932,0.2841519103170838)
(-3.2327563396163037,0.28685898383471503)
(-3.2301301446658583,0.2895564065070385)
(-3.227486457589796,0.2922440728862504)
(-3.2248253563174702,0.2949218779893423)
(-3.2221469194520393,0.2975897173018907)
(-3.2194512262669326,0.30024748678182606)
(-3.2167383567023022,0.30289508286317707)
(-3.2140083913614332,0.30553240245980323)
(-3.211261411507145,0.3081593429690974)
(-3.2084974990581716,0.3107758022756739)
(-3.205716736585498,0.313381678755033)
(-3.2029192073087,0.31597687127720225)
(-3.200104995092248,0.3185612792103637)
(-3.1972741844417825,0.32113480242444964)
(-3.1944268605003754,0.3236973412947269)
(-3.1915631090447745,0.32624879670535273)
(-3.1886830164816122,0.3287890700529105)
(-3.1857866698435955,0.33131806324992635)
(-3.1828741567856906,0.3338356787283567)
(-3.1799455655812547,0.33634181944306546)
(-3.177000985118177,0.3388363888752669)
(-3.1740405048949833,0.3413192910359522)
(-3.171064215016914,0.34379043046929614)
(-3.1680722061919937,0.34624971225603196)
(-3.1650645697270785,0.34869704201681573)
(-3.162041397523871,0.3511323259155532)
(-3.1590027820749227,0.35355547066271975)
(-3.1559488164596217,0.35596638351864734)
(-3.15287959434015,0.3583649722967859)
(-3.149795209957422,0.36075114536695135)
(-3.1466957581270067,0.3631248116585428)
(-3.1435813342350354,0.3654858806637379)
(-3.140452034234073,0.3678342624406639)
(-3.13730795463899,0.37016986761654724)
(-3.1341491925227953,0.37249260739083906)
(-3.1309758455124688,0.3748023935383124)
(-3.127788011784763,0.37709913841214054)
(-3.1245857900619893,0.37938275494695084)
(-3.121369279607782,0.38165315666184796)
(-3.1181385802228516,0.38391025766342246)
(-3.1148937922407165,0.38615397264872603)
(-3.1116350165234103,0.3883842169082291)
(-3.1083623544571815,0.3906009063287475)
(-3.1050759079481653,0.39280395739635104)
(-3.101775779418052,0.3949932871992382)
(-3.0984620717997147,0.3971688134305979)
(-3.0951348885328502,0.39933045439143333)
(-3.0917943335595752,0.4014781289933728)
(-3.0884405113200204,0.40361175676144306)
(-3.0850735267479075,0.4057312578368289)
(-3.0816934852660984,0.40783655297959814)
(-3.078300492782148,0.409927563571407)
(-3.074894655683825,0.412004211618178)
(-3.0714760808346133,0.41406641975274683)
(-3.068044875569213,0.41611411123749636)
(-3.0646011476890234,0.4181472099669513)
(-3.0611450054575897,0.42016564047035326)
(-3.057676557596063,0.42216932791420786)
(-3.0541959132786225,0.42415819810481065)
(-3.0507031821279083,0.4261321774907362)
(-3.047198474210401,0.42809119316531463)
(-3.0436819000318334,0.43003517286906673)
(-3.0401535705325413,0.43196404499212837)
(-3.036613597082841,0.4338777385766317)
(-3.0330620914783606,0.4357761833190779)
(-3.0294991659353805,0.4376593095726633)
(-3.025924933086154,0.43952704834959655)
(-3.0223395059741964,0.44137933132337903)
(-3.0187429980495923,0.4432160908310586)
(-3.0151355231642625,0.44503725987546183)
(-3.011517195567241,0.4468427721273905)
(-3.007888129899911,0.448632561927804)
(-3.0042484411912636,0.45040656428995585)
(-3.00059824485311,0.4521647149015243)
(-2.9969376566753043,0.4539069501266968)
(-2.993266792820952,0.4556332070082386)
(-2.989585769821591,0.4573434232695303)
(-2.9858947045723787,0.4590375373165757)
(-2.9821937143272605,0.4607154882399878)
(-2.9784829166941256,0.4623772158169376)
(-2.9747624296299593,0.46402266051308677)
(-2.971032371435969,0.46565176348448434)
(-2.967292860752725,0.4672644665794359)
(-2.963544016555261,0.46886071234034954)
(-2.959785958148185,0.47044044400554874)
(-2.956018805160775,0.4720036055110628)
(-2.9522426775420674,0.47355014149238117)
(-2.9484576955559225,0.47507999728618705)
(-2.944663979776104,0.47659311893206174)
(-2.9408616510813173,0.47808945317415386)
(-2.9370508306502843,0.4795689474628309)
(-2.933231639956753,0.48103154995629116)
(-2.9294042007645533,0.4824772095221597)
(-2.9255686351225987,0.48390587573904303)
(-2.9217250653599103,0.48531749889806486)
(-2.917873614080627,0.48671203000436625)
(-2.914014404158986,0.48808942077858797)
(-2.9101475587343355,0.48944962365830724)
(-2.9062732012060972,0.4907925917994639)
(-2.902391455228753,0.4921182790777444)
(-2.898502444706812,0.49342664008994364)
(-2.8946062937897667,0.494717630155296)
(-2.8907031268670518,0.4959912053167795)
(-2.8867930685629903,0.4972473223423896)
(-2.88287624373174,0.49848593872637986)
(-2.8789527774522248,0.49970701269048556)
(-2.8750227950230594,0.500910503185102)
(-2.8710864219574863,0.5020963698904481)
(-2.8671437839782836,0.5032645732176958)
(-2.863195007012687,0.5044150743100645)
(-2.8592402171872853,0.5055478350438988)
(-2.8552795408229406,0.5066628180297047)
(-2.8513131044296642,0.5077599866131666)
(-2.8473410347015458,0.5088393048761257)
(-2.8433634585116,0.5099007376375376)
(-2.8393805029066876,0.5109442504543972)
(-2.8353922951023787,0.5119698096226323)
(-2.83139896247783,0.5129773821779734)
(-2.8274006325706735,0.5139669358967874)
(-2.823397433071874,0.5149384392968883)
(-2.819389491820604,0.5158918616383138)
(-2.815376936799103,0.5168271729240768)
(-2.8113598961275494,0.5177443439008811)
(-2.8073384980589062,0.5186433460598194)
(-2.8033128709737944,0.5195241516370264)
(-2.7992831433753382,0.5203867336143153)
(-2.7952494438840176,0.5212310657197804)
(-2.791211901232528,0.5220571224283694)
(-2.7871706442606237,0.5228648789624264)
(-2.7831258019099696,0.5236543112922062)
(-2.7790775032189896,0.5244253961363614)
(-2.775025877317704,0.5251781109623949)
(-2.7709710534225978,0.5259124339870888)
(-2.7669131608314412,0.5266283441768987)
(-2.762852328918148,0.5273258212483236)
(-2.758788687127618,0.5280048456682408)
(-2.7547223649705863,0.528665398654215)
(-2.7506534920184573,0.5293074621747822)
(-2.746582197898166,0.5299310189496906)
(-2.7425086122870077,0.5305360524501279)
(-2.738432864907503,0.5311225468989081)
(-2.7343550855222327,0.5316904872706375)
(-2.7302754039286894,0.5322398592918413)
(-2.7261939499541357,0.5327706494410693)
(-2.722110853450449,0.5332828449489695)
(-2.7180262442889824,0.533776433798331)
(-2.7139402523554153,0.5342514047240984)
(-2.7098530075446177,0.5347077472133595)
(-2.705764639755504,0.5351454515052979)
(-2.7016752788859066,0.5355645085911231)
(-2.6975850548274423,0.5359649102139641)
(-2.6934940974603636,0.5363466488687418)
(-2.6894025366484593,0.5367097178020063)
(-2.6853105022339077,0.5370541110117457)
(-2.6812181240321773,0.5373798232471666)
(-2.6771255318268863,0.5376868500084486)
(-2.6730328553647125,0.5379751875464629)
(-2.668940224350276,0.5382448328624663)
(-2.6648477684410286,0.5384957837077687)
(-2.6607556172421734,0.5387280385833632)
(-2.656663900301549,0.5389415967395341)
(-2.6525727471045606,0.5391364581754365)
(-2.6484822870690765,0.5393126236386392)
(-2.644392649540364,0.5394700946246472)
(-2.640303963786013,0.5396088733763933)
(-2.6362163589908607,0.5397289628836938)
(-2.632129964251945,0.539830366882687)
(-2.6280449085734294,0.5399130898552339)
(-2.6239613208615786,0.5399771370282915)
(-2.6198793299196903,0.5400225143732642)
(-2.6157990644430753,0.5400492286053153)
(-2.611720653014032,0.5400572871826598)
(-2.6076442240968065,0.5400466983058223)
(-2.6035699060326,0.5400174709168716)
(-2.5994978270345444,0.5399696146986211)
(-2.595428115182714,0.539903140073803)
(-2.591360898419127,0.539818058204218)
(-2.5872963045427664,0.5397143809898505)
(-2.5832344612046017,0.5395921210679583)
(-2.5791754959026285,0.5394512918121346)
(-2.5751195359768997,0.5392919073313415)
(-2.571066708604588,0.5391139824689128)
(-2.5670171407950373,0.5389175328015334)
(-2.5629709593848307,0.5387025746381867)
(-2.5589282910328786,0.5384691250190736)
(-2.5548892622155006,0.538217201714508)
(-2.550853999221509,0.5379468232237813)
(-2.546822628147345,0.5376580087739969)
(-2.542795274892174,0.5373507783188824)
(-2.538772065153017,0.537025152537568)
(-2.534753124419895,0.5366811528333425)
(-2.530738577970979,0.5363188013323783)
(-2.526728550867738,0.5359381208824316)
(-2.522723167950119,0.5355391350515123)
(-2.518722553831725,0.5351218681265262)
(-2.5147268328950187,0.5346863451118952)
(-2.510736129286505,0.5342325917281426)
(-2.5067505669119745,0.533760634410457)
(-2.5027702694317107,0.5332705003072267)
(-2.498795360255741,0.5327622172785484)
(-2.494825962539088,0.5322358138947054)
(-2.4908621991770326,0.5316913194346239)
(-2.486904192800396,0.5311287638842984)
(-2.48295206577082,0.5305481779351912)
(-2.4790059401760876,0.5299495929826087)
(-2.4750659378254265,0.5293330411240452)
(-2.4711321802448443,0.5286985551575051)
(-2.467204788672472,0.5280461685797951)
(-2.4632838840539164,0.5273759155847921)
(-2.4593695870376413,0.5266878310616869)
(-2.4554620179703464,0.5259819505931933)
(-2.4515612968923626,0.5252583104537423)
(-2.447667543533076,0.5245169476076429)
(-2.443780877306349,0.5237578997072164)
(-2.439901417305963,0.5229812050909111)
(-2.436029282301082,0.5221869027813861)
(-2.4321645907317255,0.521375032483567)
(-2.4283074607042443,0.5205456345826841)
(-2.42445800998684,0.5196987501422791)
(-2.420616356005073,0.5188344209021851)
(-2.416782615837411,0.5179526892764891)
(-2.412956906210756,0.5170535983514571)
(-2.409139343496038,0.5161371918834474)
(-2.405330043703783,0.5152035142967898)
(-2.4015291224797086,0.514252610681639)
(-2.397736695100353,0.5132845267918121)
(-2.3939528764687,0.5122993090425914)
(-2.390177781109828,0.5112970045085091)
(-2.3864115231665766,0.5102776609211028)
(-2.3826542163952333,0.5092413266666524)
(-2.3789059741612326,0.5081880507838837)
(-2.3751669094348777,0.5071178829616583)
(-2.3714371347870684,0.5060308735366285)
(-2.3677167623850623,0.5049270734908788)
(-2.3640059039882475,0.5038065344495347)
(-2.360304670943925,0.5026693086783495)
(-2.3566131741831273,0.5015154490812764)
(-2.3529315242164377,0.5003450091979994)
(-2.349259831129838,0.49915804320145774)
(-2.3455982045805697,0.4979546058953368)
(-2.341946753793024,0.49673475271153855)
(-2.338305587554642,0.49549853970763047)
(-2.3346748142118265,0.49424602356426706)
(-2.3310545416658965,0.4929772615825947)
(-2.327444877369035,0.491692311681624)
(-2.3238459283202797,0.4903912323955933)
(-2.3202578010615134,0.48907408287129106)
(-2.3166806016734878,0.48774092286537585)
(-2.3131144357718663,0.48639181274166027)
(-2.309559408503271,0.4850268134683704)
(-2.306015624541382,0.48364598661540137)
(-2.3024831880830208,0.4822493943515265)
(-2.29896220284428,0.4808370994416032)
(-2.295452772056664,0.4794091652437477)
(-2.2919549984632526,0.47796565570649013)
(-2.288468984314882,0.47650663536591154)
(-2.2849948313663537,0.4750321693427505)
(-2.281532640872661,0.4735423233395006)
(-2.2780825135852307,0.4720371636374741)
(-2.2746445497482033,0.4705167570938566)
(-2.271218849094712,0.46898117113872906)
(-2.2678055108432096,0.4674304737720764)
(-2.264404633693795,0.4658647335607759)
(-2.2610163158245666,0.46428401963556)
(-2.2576406548880175,0.46268840168796116)
(-2.254277748007423,0.46107794996723556)
(-2.2509276917732723,0.4594527352772734)
(-2.2475905822397113,0.4578128289734725)
(-2.2442665149210166,0.45615830295961285)
(-2.2409555847880918,0.45448922968469396)
(-2.2376578862649716,0.452805682139763)
(-2.2343735132253753,0.45110773385471836)
(-2.2311025589892624,0.4493954588950963)
(-2.227845116319415,0.44766893185883716)
(-2.2246012774180537,0.445928227873031)
(-2.2213711339234723,0.44417342259064707)
(-2.218154776906684,0.4424045921872438)
(-2.2149522968681152,0.44062181335765754)
(-2.211763783734301,0.4388251633126735)
(-2.208589326854623,0.4370147197756852)
(-2.205429014998049,0.4351905609793196)
(-2.2022829363499263,0.4333527656620626)
(-2.199151178508776,0.43150141306485457)
(-2.196033828483117,0.4296365829276708)
(-2.1929309726883237,0.42775835548608265)
(-2.189842696943495,0.42586681146780847)
(-2.186769086468367,0.42396203208923755)
(-2.1837102258802257,0.42204409905193857)
(-2.1806661991908687,0.4201130945391593)
(-2.1776370898035733,0.4181691012122982)
(-2.1746229805101107,0.41621220220736366)
(-2.1716239534877557,0.41424248113142115)
(-2.168640090296359,0.4122600220590111)
(-2.165671471875408,0.41026490952856987)
(-2.1627181785411453,0.4082572285388101)
(-2.1597802899836958,0.4062370645451078)
(-2.1568578852642077,0.4042045034558586)
(-2.1539510428120665,0.40215963162882445)
(-2.1510598404220698,0.40010253586746225)
(-2.148184355251681,0.39803330341723636)
(-2.1453246638182883,0.3959520219619222)
(-2.142480841996485,0.3938587796198804)
(-2.139652965015398,0.39175366494033453)
(-2.1368411074560085,0.38963676689961696)
(-2.1340453432485385,0.3875081748974131)
(-2.131265745669834,0.3853679787529754)
(-2.1285023873407862,0.3832162687013457)
(-2.1257553402237894,0.38105313538953783)
(-2.1230246756202,0.37887866987272434)
(-2.1203104641678543,0.3766929636104026)
(-2.1176127758385914,0.3744961084625446)
(-2.1149316799358124,0.37228819668573987)
(-2.112267245092058,0.3700693209293151)
(-2.1096195392666326,0.36783957423145286)
(-2.1069886297432308,0.36559905001528353)
(-2.1043745831276137,0.3633478420849755)
(-2.1017774653453034,0.36108604462180605)
(-2.0991973416392984,0.3588137521802194)
(-2.0966342765678325,0.35653105968387977)
(-2.094088334002148,0.3542380624216953)
(-2.091559577124306,0.3519348560438539)
(-2.0890480684250163,0.34962153655782163)
(-2.086553869701505,0.34729820032434766)
(-2.08407704205541,0.34496494405345035)
(-2.081617645890681,0.34262186480038803)
(-2.0791757409115568,0.34026905996162843)
(-2.0767513861205127,0.33790662727079396)
(-2.0743446398162875,0.33553466479460836)
(-2.0719555595919026,0.33315327092882274)
(-2.0695842023327327,0.33076254439413716)
(-2.0672306242145866,0.32836258423210607)
(-2.0648948807018463,0.3259534898010392)
(-2.0625770265455925,0.32353536077188905)
(-2.060277115781794,0.3211082971241235)
(-2.0579952017295153,0.3186723991415983)
(-2.055731336989145,0.31622776740841335)
(-2.0534855734406676,0.3137745028047609)
(-2.05125796224195,0.311312706502759)
(-2.049048553827071,0.30884247996228925)
(-2.0468573979046636,0.3063639249268066)
(-2.0446845434563095,0.3038771434191603)
(-2.04253003873494,0.30138223773738915)
(-2.0403939312632744,0.29887931045051325)
(-2.0382762678323014,0.29636846439432835)
(-2.036177094499758,0.293849802667168)
(-2.03409645658868,0.29132342862568705)
(-2.0320343986859433,0.2887894458806104)
(-2.0299909646408585,0.28624795829249083)
(-2.0279661975637886,0.2836990699674538)
(-2.02596013982479,0.28114288525293146)
(-2.023972833052297,0.2785795087333984)
(-2.02200431813182,0.2760090452260855)
(-2.020054635204689,0.2734315997767074)
(-2.018123823666814,0.27084727765516214)
(-2.0162119221674817,0.26825618435123716)
(-2.0143189686081815,0.2656584255703064)
(-2.0124450001414687,0.26305410722901756)
(-2.0105900531698317,0.26044333545098003)
(-2.008754163344628,0.25782621656243415)
(-2.0069373655650176,0.25520285708793294)
(-2.00513969397694,0.2525733637460032)
(-2.0033611819721235,0.249937843444804)
(-2.001601862187115,0.24729640327778826)
(-1.9998617665023573,0.2446491505193512)
(-1.9981409260412724,0.24199619262047098)
(-1.9964393711693926,0.23933763720435694)
(-1.9947571314935202,0.23667359206208302)
(-1.993094235860911,0.2340041651482165)
(-1.9914507123584912,0.23132946457645046)
(-1.9898265883121022,0.2286495986152231)
(-1.988221890285788,0.22596467568334455)
(-1.9866366440810852,0.22327480434560065)
(-1.9850708747363794,0.22058009330837997)
(-1.983524606526263,0.21788065141527288)
(-1.9819978629609356,0.2151765876426799)
(-1.9804906667856346,0.21246801109541696)
(-1.9790030399800902,0.20975503100231224)
(-1.9775350037580233,0.20703775671180794)
(-1.9760865785666553,0.20431629768754891)
(-1.9746577840862647,0.2015907635039834)
(-1.9732486392297683,0.1988612638419459)
(-1.971859162142329,0.19612790848425024)
(-1.9704893702009951,0.19339080731127692)
(-1.96913928001438,0.19065007029655254)
(-1.9678089074223593,0.18790580750234337)
(-1.9664982674957965,0.18515812907522483)
(-1.9652073745363232,0.18240714524167642)
(-1.963936242076112,0.17965296630365146)
(-1.9626848828777173,0.17689570263416482)
(-1.9614533089339143,0.1741354646728631)
(-1.9602415314675974,0.17137236292161126)
(-1.9590495609316836,0.16860650794007093)
(-1.9578774070090603,0.16583801034126913)
(-1.9567250786125647,0.1630669807871895)
(-1.9555925838849841,0.1602935299843434)
(-1.9544799301990918,0.15751776867935155)
(-1.9533871241577172,0.15473980765451878)
(-1.9523141715938375,0.1519597577234274)
(-1.951261077570706,0.14917772972650528)
(-1.95022784638201,0.14639383452661267)
(-1.9492144815520533,0.14360818300463293)
(-1.948220985835976,0.14082088605505)
(-1.947247361220007,0.13803205458153872)
(-1.9462936089217255,0.13524179949255316)
(-1.9453597293903888,0.13245023169692147)
(-1.9444457223072515,0.12965746209943332)
(-1.9435515865859445,0.1268636015964395)
(-1.9426773203728696,0.12406876107145068)
(-1.9418229210476214,0.1212730513907335)
(-1.9409883852234535,0.11847658339892357)
(-1.9401737087477609,0.11567946791461822)
(-1.9393788867025947,0.11288181572600217)
(-1.9386039134052178,0.11008373758644942)
(-1.93784878240867,0.10728534421014585)
(-1.937113486502388,0.10448674626770657)
(-1.9363980177128277,0.10168805438180517)
(-1.9357023673041422,0.09888937912279876)
(-1.9350265257788726,0.09609083100435876)
(-1.9343704828786727,0.09329252047911532)
(-1.9337342275850646,0.0904945579342909)
(-1.9331177481202262,0.08769705368735486)
(-1.932521031947803,0.08490011798166505)
(-1.9319440657737479,0.08210386098213643)
(-1.9313868355472048,0.07930839277089576)
(-1.9308493264613988,0.07651382334294413)
(-1.9303315229545759,0.07372026260184163)
(-1.929833408710961,0.07092782035537673)
(-1.9293549666617507,0.06813660631125484)
(-1.9288961789861276,0.06534673007278531)
(-1.9284570271123143,0.06255830113458484)
(-1.9280374917186487,0.05977142887827056)
(-1.9276375527346883,0.056986222568179756)
(-1.927257189342352,0.05420279134708268)
(-1.9268963799770777,0.051421244231901767)
(-1.926555102329019,0.048641690109449805)
(-1.9262333333442665,0.04586423773215866)
(-1.9259310492261006,0.04308899571383654)
(-1.9256482254362675,0.04031607252540488)
(-1.9253848366962913,0.037545576490675005)
(-1.925140856988805,0.03477761578210293)
(-1.924916259558921,0.03201229841657584)
(-1.9247110169156232,0.029249732251191318)
(-1.9245251008331867,0.026490024979047146)
(-1.9243584823526272,0.023733284125053603)
(-1.9242111317831878,0.02097961704172999)
(-1.9240830187038311,0.01822913090503593)
(-1.923974111964787,0.015481932710190839)
(-1.9238843796891059,0.012738129267514888)
(-1.9238137892742557,0.00999782719827699)
(-1.9237623073937349,0.007261132930544526)
(-1.9237298999987213,0.004528152695057166)
(-1.923716532319745,0.0017989925210951372)
(-1.9237221688683883,-0.0009262417676304105)
(-1.9237467734390192,-0.0036474445570834732)
(-1.923790309110539,-0.006364510446996628)
(-1.923852738248174,-0.009077334254959627)
(-1.9239340225052852,-0.011785811020482314)
(-1.9240341228252003,-0.014489836009067898)
