0.00033458674268833477
0.001154163403257812
0.002670779913396738
0.004757649949625393
0.006865741490492164
0.008204688909082743
0.00817071584534268
0.0067380685301697
0.004501371670205175
0.0023149571480492047
0.000798661293553075
0.0011541628173425873
0.0040016599119849
0.009307115614618867
0.016663391305176852
0.02416808104669404
0.029026234793472352
0.029050444767779134
0.024075901379245306
0.016163557886328592
0.008353541431925083
0.0028961210661954564
0.0026707783873709907
0.009307115022242412
0.02175629556341774
0.039148857777939076
0.057065648115657515
0.068879706462236
0.0692807566524546
0.05770228218340262
0.03893045239834522
0.02021886233016874
0.007044141861705694
0.004757653894759982
0.016663413258199814
0.0391489110854641
0.070799750330366
0.1037187756637928
0.12581605768519802
0.12717795322321926
0.1064483534229626
0.0721729670853444
0.037668075889453395
0.013187698701437872
0.006865758849039989
0.024168153666950326
0.05706582143173022
0.10371895017975005
0.1527027730136523
0.18615810912694325
0.18910687938538728
0.15906599826571063
0.10838002105256415
0.056843100397563
0.01999845649357091
0.008204683551919686
0.02902623054377075
0.06887970066012188
0.1258158827891706
0.18615754490762107
0.22806898861162803
0.2328286510325608
0.19680926496780363
0.13475683930712204
0.07102431774260166
0.0251100706391151
0.008170710290304733
0.02905043973256979
0.06928074894778719
0.1271777753870367
0.18910630698487915
0.23282864510546275
0.2388617665948876
0.20290420652426075
0.1396133352928408
0.07394503577681515
0.026270668979464076
0.006738066013690908
0.024075904731001106
0.05770229415683337
0.10644824115190143
0.1590655744363338
0.19680932678682048
0.20290427676816422
0.17320767741624607
0.119765239268323
0.063743659910165
0.02275723968919951
0.004501437091809942
0.016163801202692517
0.038931041337690535
0.07217396956218639
0.10838135386465961
0.134758894532659
0.13961546957593357
0.11976702819855273
0.08321967220634727
0.04450969556339039
0.015968241806929306
0.002314999896181239
0.008353700404245459
0.020219249527356417
0.03766875301753245
0.056844035036374425
0.07102569658272616
0.07394647742973984
0.06374488292716239
0.044509886765696886
0.023922468014627125
0.008624381807950443
0.0007986614514862724
0.002896123168872557
0.007044147568784454
0.013187693681767058
0.01999841777905703
0.025110095071009454
0.026270695859799013
0.0227572550478009
0.015968014314169724
0.008624221222727073
0.0031243615941545892