(-18.22127259045397,2.192657878520003e-12)
(-18.211245891068728,0.5480421768034367)
(-18.181188652218097,1.095352610106715)
(-18.1311693374743,1.6412021199931213)
(-18.061301672680305,2.1848666360429077)
(-17.971744079377277,2.7256297081411853)
(-17.862698888737665,3.2627849651171834)
(-17.734411343016628,3.7956385047614636)
(-17.58716839336704,4.323511199544533)
(-17.42129730457209,4.845740903308777)
(-17.23716407881265,5.361684545307445)
(-17.035171711984685,5.870720099201206)
(-16.815758297298483,6.3722484159743775)
(-16.579394991826106,6.865694911100234)
(-16.326583863107917,7.350511098333876)
(-16.057855631664076,7.826175962488994)
(-15.773767328795405,8.292197167751127)
(-15.474899886111682,8.748112097087445)
(-15.161855675107093,9.193488721410242)
(-14.835256014271206,9.627926298173444)
(-14.495738660931046,10.051055900619124)
(-14.14395530446777,10.462540780280973)
(-13.780569076846245,10.862076566649908)
(-13.406252095554839,11.24939130910163)
(-13.021683053094053,11.62424536726636)
(-12.627544866101523,11.986431156992037)
(-12.224522396026504,12.335772759798413)
(-11.81330025218889,12.672125404676983)
(-11.394560686627548,12.995374831239642)
(-10.96898158908183,13.305436544082227)
(-10.537234589070403,13.602254968294103)
(-10.099983270820937,13.885802516323828)
(-9.65788150557433,14.156078576479459)
(-9.211571904602115,14.413108433315998)
(-8.761684395141035,14.656942130037274)
(-8.308834920374437,14.887653282825664)
(-7.8536242635837,15.105337856718792)
(-7.396636995660977,15.31011291228968)
(-6.938440544321769,15.502115331963248)
(-6.479584382584927,15.68150053433053)
(-6.020599333400862,15.848441184309491)
(-5.56199698670592,16.003125906459278)
(-5.104269224661362,16.145758008190874)
(-4.647887850397402,16.276554219039962)
(-4.1933043152232194,16.395743451585194)
(-3.74094953897966,16.50356558901345)
(-3.2912338179978398,16.60027030375984)
(-2.844546814979852,16.686115911088468)
(-2.4012576250319797,16.76136826093689)
(-1.9617149120511796,16.82629967082393)
(-1.5262471096866408,16.881187902123553)
(-1.0951626877504068,16.926315204242368)
(-0.6687504352472844,16.96196729316851)
(-0.24727987138006252,16.9884325988719)
(0.16899838745364235,17.00600134317274)
(0.5798521771402741,17.014964772923634)
(0.9850673125472841,17.015614420585827)
(1.3844470863470042,17.008241412814083)
(1.7778117443720467,16.9931358264477)
(2.164997941651877,16.97058609108057)
(2.545858183024147,16.940878437187415)
(2.9202602519510625,16.904296388614274)
(3.2880866309113337,16.861120298097646)
(3.6492339164797394,16.81162692435809)
(4.003612231952235,16.756089049216055)
(4.3511446401268215,16.69477513310243)
(4.691766558610241,16.627949007278204)
(5.025425179788791,16.55586960103793)
(5.352078897379864,16.478790702147553)
(5.6716967412692565,16.39696074875638)
(5.984257822138495,16.310622651025955)
(6.289750787197243,16.22001364073129)
(6.588173288157628,16.12536514711377)
(6.879531462421112,16.026902697295828)
(7.163839428293304,15.924845839606848)
(7.441118794898586,15.819408088213962)
(7.7113981873336135,15.710796887501663)
(7.974712787477041,15.599213594697506)
(8.231103890761267,15.484853479298819)
(8.480618479110502,15.367905737914159)
(8.72330881015768,15.248553523194738)
(8.959232022762935,15.126973985645305)
(9.188449758835581,15.003338326808617)
(9.411027801219367,14.87781186343633)
(9.627035727660072,14.750554100590941)
(9.836546580482969,14.621718813386638)
(10.039636551779118,14.491454136133287)
(10.236384683785035,14.359902658036283)
(10.426872584118664,14.227201524615735)
(10.611184155506677,14.093482544064672)
(10.789405339615172,13.958872297819422)
(10.961623874577349,13.823492254667194)
(11.127929065796852,13.687458887765647)
(11.28841156959458,13.550883793996487)
(11.443163189258925,13.413873815120745)
(11.592276683054465,13.276531160246046)
(11.735845583741803,13.138953529157556)
(11.873964029161424,13.001234236102418)
(12.006726603436382,12.863462333654478)
(12.13422818835241,12.72572273632023)
(12.256563824479779,12.588096343579267)
(12.373828581607754,12.450660162082968)
(12.486117438070524,12.31348742676356)
(12.593525168552592,12.17664772063189)
(12.696146239971098,12.040207093067545)
(12.794074715043362,11.904228176427496)
(12.887404163158623,11.76877030082086)
(12.976227578184586,11.633889606917519)
(13.06063730285121,11.49963915667616)
(13.140724959365853,11.366069041894628)
(13.216581385926512,11.233226490500742)
(13.288296578811645,11.101155970516226)
(13.355959639737591,10.969899291639285)
(13.41965872818659,10.839495704403777)
(13.479481018420636,10.709981996883338)
(13.535512660907969,10.58139258891917)
(13.587838747901163,10.453759623859115)
(13.636543282916941,10.327113057803858)
(13.681709153879035,10.201480746363304)
(13.723418109696889,10.076888528933175)
(13.76175074006285,9.953360310507405)
(13.796786458261789,9.830918141047524)
(13.828603486796325,9.709582292434767)
(13.857278845641268,9.589371333034777)
(13.882888342949746,9.47030219990867)
(13.905506568042869,9.352390268707017)
(13.925206886523526,9.235649421286405)
(13.94206143736312,9.120092111090393)
(13.956141131818356,9.005729426338759)
(13.967515654042796,8.892571151070593)
(13.976253463265381,8.780625824088188)
(13.982421797415345,8.66990079584956)
(13.986086678079415,8.560402283358643)
(13.98731291668435,8.452135423102474)
(13.986164121803109,8.345104322085207)
(13.982702707489993,8.2393121070091)
(13.976989902554768,8.134760971652396)
(13.969085760691721,8.03145222249435)
(13.959049171384546,7.929386322636837)
(13.946937871512764,7.828562934072214)
(13.932808457590017,7.728980958346197)
(13.916716398568992,7.630638575664161)
(13.89871604915181,7.533533282488597)
(13.878860663548645,7.437661927674877)
(13.85720240963119,7.3430207471913205)
(13.833792383430824,7.249605397469426)
(13.80868062393506,7.15741098742849)
(13.781916128138613,7.0664321092185745)
(13.75354686630693,6.9766628677264935)
(13.723619797425604,6.888096908875465)
(13.692180884772576,6.8007274467861)
(13.659275111618426,6.7145472898043215)
(13.624946496996179,6.629548865459696)
(13.589238111524367,6.54572424438269)
(13.552192093255385,6.463065163218969)
(13.5138496635258,6.381563046576738)
(13.474251142786175,6.301209028041749)
(13.433435966390785,6.221993970293824)
(13.391442700328128,6.143908484357632)
(13.348309056875713,6.066942948019457)
(13.304071910163007,5.991087523440908)
(13.25876731162872,5.916332173999319)
(13.212430505359109,5.84266668038388)
(13.165095943295597,5.770080655975532)
(13.116797300301053,5.698563561537863)
(13.067567489074928,5.62810471924522)
(13.01743867490875,5.558693326073623)
(12.96644229027415,5.4903184665789855)
(12.914609049236585,5.422969125086531)
(12.861968961688827,5.35663419731438)
(12.808551347398737,5.291302501453317)
(12.754384849866995,5.226962788724414)
(12.699497449990766,5.163603753434808)
(12.643916479529867,5.101214042551674)
(12.58766863437286,5.039782264813408)
(12.530779987600509,4.97929699939653)
(12.473276002344988,4.919746804155953)
(12.415181544443262,4.861120223455725)
(12.356520894883383,4.803405795606779)
(12.29731776204333,4.746592059927604)
(12.237595293721798,4.69066756344311)
(12.17737608896076,4.635620867236627)
(12.116682209660226,4.581440552469206)
(12.055535191985618,4.528115226080203)
(11.993956057568543,4.475633526182268)
(11.931965324502151,4.423984127163744)
(11.869583018132246,4.373155744510701)
(11.806828681645875,4.323137139360456)
(11.743721386458988,4.27391712279798)
(11.680279742405238,4.225484559906093)
(11.61652190772792,4.177828373579785)
(11.552465598877179,4.130937548114719)
(11.488128100114894,4.08480113257944)
(11.423526272929383,4.039408243980358)
(11.358676565262378,3.9947480702284275)
(11.293595020550676,3.9508098729158134)
(11.228297286584727,3.9075829899107615)
(11.162798624186758,3.865056837778529)
(11.097113915710738,3.823220914035859)
(11.031257673366778,3.7820647992465197)
(10.965244047372444,3.7415781589648356)
(10.89908683393374,3.701750745534241)
(10.832799482976931,3.6625724000716757)
(10.766395106236066,3.624033052710906)
(10.69988648391021,3.5861227258738806)
(10.63328607264236,3.548831534373249)
(10.56660601251038,3.5121496868554134)
(10.499858134046095,3.476067486858409)
(10.433053965103772,3.4405753337649836)
(10.366204737580903,3.4056637236559264)
(10.299321393993853,3.3713232500681096)
(10.232414593911361,3.3375446046618458)
(10.165494720248294,3.3043185778017468)
(10.098571885422588,3.2716360590552944)
(10.031655937378005,3.2394880376128903)
(9.964756465475253,3.207865602633383)
(9.897882806254145,3.1767599435185216)
(9.831044049069456,3.146162350119828)
(9.764249041602882,3.116064212881349)
(9.697506395253775,3.0864570229212993)
(9.630824490411076,3.0573323720557433)
(9.564211481608849,3.0286819527672875)
(9.497675302568013,3.000497558121478)
(9.431223671126482,2.9727710816337014)
(9.364864094060108,2.9454945170891054)
(9.298603871796908,2.9186599583180266)
(9.232450103026515,2.8922595989292654)
(9.166409689207539,2.8662857320035706)
(9.100489338974585,2.840730749749335)
(9.034695572447472,2.815587143122734)
(8.969034725444532,2.7908475014142424)
(8.903512953602245,2.7665045118033817)
(8.838136236403088,2.7425509588836343)
(8.77291038111387,2.7189797241591194)
(8.707841026636249,2.695783785514873)
(8.642933647271551,2.6729562166621625)
(8.578193556401763,2.6504901865604977)
(8.51362591008853,2.6283789588177378)
(8.449235710592022,2.6066158910696453)
(8.385027809811424,2.585194434340357)
(8.321006912648862,2.5641081323849497)
(8.257177580298459,2.543350621015286)
(8.193544233462195,2.5229156274104656)
(8.130111155494209,2.5027969694128442)
(8.066882495475292,2.482988554810759)
(8.003862271218917,2.4634843806089854)
(7.941054372210592,2.444278532287838)
(7.8784625624819276,2.4253651830519396)
(7.816090483420906,2.406738593069466)
(7.753941656519886,2.388393108702743)
(7.692019486062647,2.3703231617310245)
(7.630327261751974,2.3525232685661557)
(7.568868161279105,2.334988029461985)
(7.507645252836303,2.3177121277180346)
(7.446661497573985,2.3006903288783334)
(7.385919752003548,2.283917479925796)
(7.325422770347246,2.267388508472996)
(7.265173206836256,2.251098421949728)
(7.205173617958137,2.235042306788028)
(7.145426464654894,2.2192153276050752)
(7.0859341144726775,2.2036127263846086)
(7.026698843664352,2.188229821657169)
(6.967722839245926,2.1730620076798006)
(6.909008201007947,2.1581047536154228)
(6.85055694348282,2.1433536027125557)
(6.792370997869247,2.128804171485507)
(6.734452213914474,2.1144521488955728)
(6.676802361755698,2.1002932955335707)
(6.619423133721134,2.086323442803974)
(6.562316146092106,2.0725384921109926)
(6.505482940826671,2.0589344140469534)
(6.448924987245987,2.0455072475831915)
(6.392643683684001,2.032253099263712)
(6.336640359101746,2.0191681424017025)
(6.280916274665486,2.0062486162804416)
(6.225472625293286,1.9934908253555974)
(6.1703105411656685,1.9808911384632077)
(6.115431089205108,1.968445988030727)
(6.060835274523318,1.956151869292274)
(6.006524041837596,1.944005339508176)
(5.9524982768566534,1.9320030171889637)
(5.89875880763689,1.9201415813239864)
(5.845306405909537,1.9084177706147318)
(5.792141788379501,1.8968283827130248)
(5.739265617996514,1.8853702734642694)
(5.686678505199132,1.8740403561557941)
(5.634381009132336,1.8628356007704274)
(5.582373638839194,1.8517530332454133)
(5.53065685442723,1.8407897347367572)
(5.479231068210096,1.8299428408891707)
(5.428096645825125,1.819209541111509)
(5.377253907327102,1.808587077857985)
(5.326703128259146,1.7980727459151038)
(5.276444540700854,1.787663891694453)
(5.226478334294509,1.7773579125312993)
(5.176804657249621,1.7671522559892419)
(5.127423617326469,1.7570444191707248)
(5.078335282798972,1.7470319480336118)
(5.029539683397475,1.7371124367138568)
(4.981036811231796,1.7272835268542013)
(4.932826621695039,1.717542906939009)
(4.884909034348565,1.7078883116352408)
(4.8372839337886,1.6983175211395343)
(4.789951170494786,1.68882836053151)
(4.742910561661166,1.6794186991331832)
(4.696161892009933,1.670086449874579)
(4.649704914588347,1.6608295686655277)
(4.60353935154918,1.6516460537736073)
(4.557664894915004,1.642533945208311)
(4.512081207326778,1.6334913241113593)
(4.466787922776902,1.6245163121531623)
(4.421784647327309,1.615607070935491)
(4.377070959812623,1.606761801400284)
(4.33264641252898,1.5979787432445896)
(4.288510531908659,1.5892561743416853)
(4.244662819180832,1.5805924101682793)
(4.201102751018845,1.571985803237874)
(4.157829780174209,1.5634347425402126)
(4.114843336097615,1.5549376529868013)
(4.0721428255472905,1.5464929948625303)
(4.029727633184975,1.5380992632833015)
(3.9875971221597437,1.529754987659707)
(3.9457506346799405,1.5214587311667007)
(3.9041874925736053,1.5132090902191893)
(3.8629069978374293,1.505004693953593)
(3.8219084331746953,1.4968442037153065)
(3.781191062522364,1.4887263125519279)
(3.740754131567444,1.4806497447124047)
(3.700596868253043,1.4726132551518614)
(3.6607184832742132,1.464615629042146)
(3.6211181705637845,1.456655681288109)
(3.5817951077684236,1.4487322560494484)
(3.542748456715196,1.440844226268164)
(3.5039773638686165,1.4329904932015267)
(3.4654809607785384,1.4251699859605886)
(3.4272583645190458,1.4173816610541052)
(3.389308678118424,1.409624501937903)
(3.3516309909805373,1.401897518569642)
(3.3142243792975363,1.3941997469689194)
(3.2770879064543283,1.386530248782747)
(3.240220623424878,1.3788881108562696)
(3.2036215691603656,1.371272444808818)
(3.167289770969621,1.3636823866151806)
(3.131224244891802,1.3561170961921256)
(3.0954239960615504,1.3485757569901151)
(3.0598880190668276,1.3410575755901673)
(3.0246152982995427,1.3335617813058591)
(2.9896048082991515,1.3260876257904355)
(2.954855514089437,1.318634382648928)
(2.920366371508533,1.3112013470552875)
(2.8861363275324425,1.3037878353744479)
(2.8521643205921383,1.2963931847892518)
(2.8184492808843946,1.2890167529322023)
(2.784990130676496,1.28165791752192)
(2.751785784604934,1.274316076004318)
(2.718835149968199,1.2669906451983326)
(2.6861371270137613,1.259681060946162)
(2.6536906092193675,1.2523867777680529)
(2.6214944835687066,1.2451072685214035)
(2.589547630821503,1.237842024064254)
(2.5578489257781882,1.2305905529230816)
(2.526397237539139,1.2233523809648699)
(2.4951914297585955,1.2161270510733941)
(2.4642303608933056,1.2089141228297644)
(2.433512884446044,1.201713172197159)
(2.4030378492039643,1.1945237912097915)
(2.3728040994720083,1.1873455876660386)
(2.3428104753013836,1.1801781848258517)
(2.313055812713275,1.17302122111233)
(2.283538943917841,1.1658743498175266)
(2.2542586975287455,1.1587372388124462)
(2.225213898773198,1.1516095702612306)
(2.196403369697771,1.144491040339497)
(2.1678259293700846,1.1373813589568003)
(2.139480394076466,1.130280249483087)
(2.111365577515752,1.1231874484792084)
(2.0834802909893337,1.1161027054312531)
(2.055823343587539,1.109025782488696)
(2.0283935423724238,1.1019564542062295)
(2.0011896925571167,1.094894507289201)
(1.9742105976815891,1.0878397403424376)
(1.9474550597851423,1.080791963622528)
(1.9209218795752883,1.073750998793293)
(1.894609856593357,1.066716678684481)
(1.8685177893765417,1.0596888470535668)
(1.8426444756165021,1.052667358350638)
(1.8169887123144886,1.0456520774863411)
(1.7915492959328854,1.038642879602873)
(1.7663250225432885,1.0316396498481006)
(1.7413146879710202,1.0246422831527735)
(1.7165170879361793,1.0176506840109918)
(1.6919310181912484,1.0106647662638595)
(1.6675552746553721,1.0036844528865698)
(1.6433886535453723,0.996709675778851)
(1.6194299515036938,0.9897403755588742)
(1.5956779657233815,0.9827765013606908)
(1.5721314940703024,0.9758180106351915)
(1.5487893352027469,0.9688648689545235)
(1.5256502886886802,0.9619170498200027)
(1.502713155120646,0.9549745344733513)
(1.4799767362286815,0.9480373117112094)
(1.457439834991181,0.9411053777027107)
(1.4351012557439229,0.9341787358099752)
(1.4129598041773008,0.927257393822137)
(1.3910142872486109,0.9203413741123443)
(1.369263514537789,0.9134306981755974)
(1.3477062969051126,0.9065253964032387)
(1.3263414470840822,0.8996255055083079)
(1.3051677797760892,0.8927310683599059)
(1.2841841117428292,0.8858421338201234)
(1.2633892618966078,0.8789587565834912)
(1.2427820513885006,0.8720809970190331)
(1.2223613036944903,0.8652089210147562)
(1.2021258446995051,0.8583425998246446)
(1.182074502779504,0.8514821099180778)
(1.1622061088815765,0.8446275328316906)
(1.1425194966021097,0.8377789550235604)
(1.1230135022630698,0.8309364677298055)
(1.1036869649863754,0.824100166823458)
(1.0845387267665094,0.817270152675681)
(1.0655676325412577,0.8104465300191929)
(1.046772530260737,0.8036294078139998)
(1.0281522709546242,0.7968188991152948)
(1.0097057087977306,0.7900151209435451)
(0.9914317011738767,0.7832181941567465)
(0.9733291087380824,0.7764282433248222)
(0.9553967954772045,0.7696453966060947)
(0.9376336287689069,0.7628697856258614)
(0.9200384794391301,0.7561015453570094)
(0.9026102218179539,0.7493408140026584)
(0.8853477337940234,0.7425877328808113)
(0.8682498968674031,0.7358424463109685)
(0.8513155962010577,0.729105101502711)
(0.8345437206708146,0.7223758484461802)
(0.817933162913991,0.7156548398044897)
(0.8014828193765566,0.7089422308079926)
(0.7851915903590133,0.702238179150422)
(0.7690583800608641,0.6955428448868254)
(0.7530820966238214,0.6888563903333536)
(0.7372616521736859,0.6821789799687777)
(0.7215959628609614,0.6755107803378304)
(0.7060839489002435,0.6688519599562008)
(0.690724534608351,0.6622026892173362)
(0.6755166484412493,0.6555631403008461)
(0.6604592230298342,0.6489334870826501)
(0.6455511952144747,0.6423139050467137)
(0.6307915060785196,0.6357045711984749)
(0.616179100980534,0.6291056639797874)
(0.6017129295855654,0.6225173631855365)
(0.5873919458952486,0.6159398498817642)
(0.573215108276866,0.6093733063253454)
(0.5591813794913592,0.602817915885194)
(0.5452897267203048,0.5962738629649649)
(0.5315391215918809,0.5897413329272259)
(0.5179285402058217,0.5832205120191399)
(0.504456963157447,0.5767115872994877)
(0.4911233755606653,0.570214746567206)
(0.47792676707007387,0.5637301782913058)
(0.46486613190212295,0.5572580715421335)
(0.4519404688553619,0.5507986159240471)
(0.43914878132980717,0.5443520015094091)
(0.4264900773454221,0.5379184187739339)
(0.4139633695597042,0.5314980585332424)
(0.4015676752845063,0.525091111880911)
(0.38930201650192614,0.5186977701275873)
(0.37716541987945607,0.5123182247414734)
(0.36515691678427636,0.5059526672900082)
(0.3532755432967967,0.49960128938278914)
(0.34152034022340005,0.49326428261568867)
(0.3298903531084303,0.4869418385161465)
(0.31838463224545255,0.4806341484896675)
(0.30700223268774357,0.47434140376741574)
(0.29574221425809477,0.46806379535500936)
(0.2846036415578895,0.46180151398237657)
(0.2735855839755007,0.45555475005477947)
(0.26268711569398606,0.4493236936048584)
(0.2519073156981334,0.44310853424580615)
(0.24124526778084104,0.4369094611255632)
(0.23070006054886408,0.43072666288208855)
(0.2202707874278984,0.42456032759962165)
(0.2099565466670892,0.4184106427659891)
(0.19975644134288117,0.41227779523088787)
(0.18966957936231757,0.4061619711651625)
(0.17969507346571625,0.40006335602105325)
(0.16983204122878742,0.39398213449338026)
(0.16007960506418692,0.38791849048169813)
(0.15043689222251008,0.3818726070533537)
(0.14090303479274305,0.3758446664074664)
(0.13147716970218912,0.3698348498397996)
(0.12215843871585925,0.36384333770853394)
(0.11294598843535639,0.3578703094008916)
(0.10383897029726866,0.35191594330064563)
(0.09483654057104697,0.34598041675644425)
(0.08593786035641934,0.34006390605099995)
(0.07714209558032345,0.3341665863710722)
(0.06844841699337106,0.32828863177828643)
(0.0598560001658716,0.32243021518072207)
(0.05136402548339151,0.31659150830529975)
(0.04297167814189154,0.3107726816709311)
(0.03467814814243478,0.304973904562446)
(0.026482630285464628,0.29919534500523687)
(0.01838432416467891,0.2934371697406708)
(0.010382434160514518,0.2876995442021995)
(0.002476169433211878,0.28198263249221145)
(-0.0053352560844823005,0.2762865973595517)
(-0.01305262369500703,0.2706116001777609)
(-0.020676709944030588,0.26495780092396876)
(-0.028208286628872373,0.2593253581584964)
(-0.03564812080727084,0.2537144290050651)
(-0.04299697480649621,0.2481251691316809)
(-0.050255606232810286,0.24255773273217218)
(-0.05742476798123786,0.23701227250831078)
(-0.06450520824569328,0.23148893965259434)
(-0.07149767052939292,0.22598788383159485)
(-0.07840289365559347,0.22050925316994002)
(-0.08522161177863886,0.21505319423484862)
(-0.0919545543952764,0.2096198520212721)
(-0.09860244635629375,0.20420936993757777)
(-0.1051660078784189,0.19882188979180365)
(-0.11164595455650798,0.1934575517784657)
(-0.11804299737597722,0.1881164944658829)
(-0.12435784272553532,0.18279885478406205)
(-0.13059119241013986,0.1775047680130715)
(-0.13674374366423098,0.17223436777196033)
(-0.14281618916517183,0.16698778600814235)
(-0.148809217046978,0.16176515298731692)
(-0.15472351091422903,0.15656659728383915)
(-0.1605597498562459,0.15139224577158492)
(-0.1663186084614628,0.1462422236152877)
(-0.1720007568320262,0.14111665426232434)
(-0.17760686059859077,0.13601565943495963)
(-0.18313758093535876,0.1309393591230424)
(-0.18859357457524806,0.1258878715771224)
(-0.19397549382531715,0.12086131330200908)
(-0.19928398658235608,0.11585979905074381)
(-0.20451969634864403,0.11088344181900137)
(-0.20968326224790823,0.1059323528398588)
(-0.21477531904143765,0.10100664157901702)
(-0.21979649714437857,0.09610641573036079)
(-0.22474742264219247,0.09123178121194789)
(-0.22962871730724146,0.08638284216233003)
(-0.23444099861557774,0.08155970093728851)
(-0.23918487976383374,0.0767624581069001)
(-0.2438609696862967,0.07199121245295674)
(-0.2484698730720768,0.06724606096678237)
(-0.2530121903824651,0.06252709884731512)
(-0.2574885178683679,0.057834419499596494)
(-0.2618994475879121,0.05316811453354017)
(-0.26624556742412675,0.04852827376305733)
(-0.27052746110280335,0.04391498520546709)
(-0.2747457082103977,0.03932833508126061)
(-0.27890088421211157,0.034768407814102696)
(-0.28299356047000485,0.03023528603121426)
(-0.287024304261306,0.02572905056396588)
(-0.2909936787967102,0.021249780448826562)
(-0.29490224323885644,0.016797552928528924)
(-0.29875055272085466,0.012372443453568695)
(-0.30253915836492246,0.00797452568392789)
(-0.30626860730106736,0.0036038714910798307)
(-0.3099394426858881,-0.0007394490397453562)
(-0.31355220372143566,-0.005055367607051475)
(-0.3171074256741395,-0.009343817690311987)
(-0.32060563989380714,-0.013604734546982647)
(-0.32404737383270416,-0.01783805520925013)
(-0.32743315106467136,-0.022043718480572138)
(-0.33076349130433036,-0.02622166493197782)
(-0.3340389104262962,-0.030371836898158453)
(-0.3372599204845069,-0.03449417847334156)
(-0.3404270297315526,-0.03858863550692814)
(-0.34354074263807055,-0.04265515559896255)
(-0.34660155991218594,-0.046693688095381394)
(-0.3496099785189785,-0.05070418408306393)
(-0.35256649170001536,-0.05468659638468364)
(-0.35547158899287723,-0.05864087955338832)
(-0.35832575625076013,-0.06256698986729323)
(-0.3611294756620724,-0.06646488532377859)
(-0.36388322577007715,-0.07033452563363038)
(-0.36658748149255177,-0.07417587221502135)
(-0.369242714141475,-0.07798888818727917)
(-0.37184939144271045,-0.08177353836454362)
(-0.37440797755575683,-0.08552978924923)
(-0.3769189330934415,-0.08925760902537497)
(-0.37938271514170024,-0.09295696755177987)
(-0.3817997772792911,-0.09662783635506764)
(-0.3841705695975826,-0.10027018862253591)
(-0.38649553872030173,-0.10388399919493815)
(-0.38877512782328133,-0.1074692445590791)
(-0.39100977665427983,-0.11102590284027372)
(-0.39319992155266975,-0.11455395379474141)
(-0.39534599546925103,-0.11805337880179621)
(-0.3974484279859858,-0.12152416085597845)
(-0.3995076453357208,-0.12496628455902277)
(-0.40152407042194294,-0.12837973611176684)
(-0.4034981228384894,-0.131764503305883)
(-0.4054302188892529,-0.13512057551556006)
(-0.40732077160785635,-0.13844794368903887)
(-0.409170190777345,-0.14174660034008726)
(-0.410978882949804,-0.1450165395393462)
(-0.4127472514660292,-0.14825775690559004)
(-0.4144756964750831,-0.1514702495968773)
(-0.41616461495390084,-0.1546540163016876)
(-0.41781440072683024,-0.15780905722984262)
(-0.419425444485157,-0.1609353741034928)
(-0.4209981338065782,-0.16403297014788765)
(-0.4225328531746925,-0.16710185008217482)
(-0.424029983998394,-0.17014202011004903)
(-0.4254899046312718,-0.17315348791039403)
(-0.42691299039096553,-0.176136262627801)
(-0.428299613578478,-0.17909035486303804)
(-0.4296501434974523,-0.18201577666347793)
(-0.4309649464733923,-0.18491254151342312)
(-0.43224438587285724,-0.18778066432444246)
(-0.4334888221226181,-0.19062016142554336)
(-0.43469861272875987,-0.19343105055337884)
(-0.43587411229571715,-0.19621335084239563)
(-0.437015672545291,-0.19896708281486997)
(-0.43812364233563067,-0.20169226837097098)
(-0.4391983676800833,-0.2043889307787408)
(-0.4402401917661206,-0.20705709466401057)
(-0.44124945497409235,-0.20969678600035024)
(-0.4422264948959872,-0.2123080320988913)
(-0.4431716463541562,-0.2148908615981632)
(-0.44408524141990685,-0.21744530445391497)
(-0.4449676094321096,-0.21997139192883408)
(-0.4458190770157479,-0.22246915658230773)
(-0.4466399681003218,-0.22493863226011404)
(-0.4474306039383043,-0.22737985408409883)
(-0.4481913031234763,-0.22979285844182)
(-0.4489223816091974,-0.23217768297618344)
(-0.4496241527266347,-0.23453436657506882)
(-0.45029692720290937,-0.23686294936087268)
(-0.45094101317920465,-0.239163472680118)
(-0.4515567162287835,-0.24143597909299552)
(-0.4521443393749637,-0.24368051236289448)
(-0.45270418310897187,-0.2458971174459674)
(-0.4532365454078172,-0.24808584048057652)
(-0.4537417217520191,-0.25024672877688886)
(-0.45422000514331573,-0.2523798308063128)
(-0.4546716861222622,-0.25448519619101084)
(-0.4550970527857931,-0.25656287569340497)
(-0.4554963908046802,-0.25861292120563684)
(-0.4558699834409918,-0.2606353857390589)
(-0.4562181115653414,-0.2626303234137335)
(-0.4565410536742386,-0.2645977894478984)
(-0.4568390859071796,-0.26653784014745785)
(-0.4571124820638509,-0.26845053289547827)
(-0.45736151362109434,-0.2703359261416844)
(-0.4575864497499224,-0.27219407939193313)
(-0.4577875573323578,-0.274025053197788)
(-0.4579651009782781,-0.2758289091459485)
(-0.4581193430421356,-0.277605709847825)
(-0.4582505436396083,-0.27935551892909366)
(-0.458358960664183,-0.2810784010192001)
(-0.45844484980365946,-0.28277442174095796)
(-0.4585084645565541,-0.2844436477001009)
(-0.4585500562484654,-0.28608614647488634)
(-0.458569874048329,-0.2877019866057113)
(-0.4585681649845675,-0.2892912375847151)
(-0.4585451739612784,-0.2908539698454358)
(-0.4585011437741365,-0.2923902547524905)
(-0.4584363151264538,-0.2939001645912307)
(-0.458350926644965,-0.2953837725574518)
(-0.45824521489565134,-0.29684115274711137)
(-0.45811941439938225,-0.2982723801461417)
(-0.45797375764761433,-0.2996775306201172)
(-0.4578084751178265,-0.30105668090414855)
(-0.45762379528908315,-0.30240990859263056)
(-0.4574199446573117,-0.3037372921291555)
(-0.4571971477506335,-0.30503891079634105)
(-0.45695562714454885,-0.30631484470576115)
(-0.4566956034771178,-0.30756517478788314)
(-0.45641729546389603,-0.3087899827819985)
(-0.45612091991296455,-0.30998935122623444)
(-0.4558066917397875,-0.31116336344760276)
(-0.45547482398199496,-0.31231210355201294)
(-0.4551255278140662,-0.3134356564143608)
(-0.4547590125619945,-0.31453410766868833)
(-0.4543754857177744,-0.3156075436982883)
(-0.45397515295392005,-0.3166560516259256)
(-0.45355821813774305,-0.3176797193040277)
(-0.4531248833457139,-0.31867863530498175)
(-0.45267534887763716,-0.319652888911366)
(-0.45220981327072707,-0.320602570106351)
(-0.4517284733137353,-0.32152776956398993)
(-0.4512315240608003,-0.32242857863966956)
(-0.4507191588453521,-0.32330508936054286)
(-0.45019156929390397,-0.32415739441599506)
(-0.44964894533971067,-0.32498558714815284)
(-0.4490914752364342,-0.32578976154245504)
(-0.4485193455716083,-0.32657001221823645)
(-0.44793274128010024,-0.3273264344193852)
(-0.44733184565751594,-0.32805912400499654)
(-0.4467168403733976,-0.32876817744006176)
(-0.44608790548446614,-0.3294536917863135)
(-0.4454452194477258,-0.3301157646928861)
(-0.4447889591334573,-0.3307544943873166)
(-0.44411929983816933,-0.331369979666301)
(-0.4434364152974768,-0.3319623198866763)
(-0.44274047769882546,-0.33253161495637373)
(-0.4420316576942336,-0.3330779653254247)
(-0.44131012441286716,-0.33360147197706436)
(-0.4405760454735502,-0.33410223641873366)
(-0.43982958699722996,-0.33458036067332264)
(-0.4390709136193334,-0.33503594727026864)
(-0.43830018850198577,-0.335469099236874)
(-0.4375175733463099,-0.33587992008951983)
(-0.4367232284044129,-0.33626851382499945)
(-0.4359173124914922,-0.3366349849119045)
(-0.43509998299777664,-0.33697943828202953)
(-0.43427139590032154,-0.33730197932180755)
(-0.4334317057748844,-0.3376027138638215)
(-0.43258106580754385,-0.3378817481783963)
(-0.4317196278063831,-0.3381391889651478)
(-0.4308475422129501,-0.3383751433446175)
(-0.42996495811379265,-0.33858971884999756)
(-0.42907202325180094,-0.33878302341886984)
(-0.4281688840374744,-0.33895516538495246)
(-0.42725568556019605,-0.33910625346991646)
(-0.4263325715993147,-0.33923639677534684)
(-0.42539968463523903,-0.33934570477455)
(-0.42445716586038074,-0.3394342873046446)
(-0.4235051551900858,-0.3395022545584723)
(-0.422543791273403,-0.33954971707675513)
(-0.4215732115038999,-0.3395767857401273)
(-0.4205935520302389,-0.33958357176134135)
(-0.41960494776683377,-0.3395701866774944)
(-0.4186075324042923,-0.3395367423422211)
(-0.41760143841990094,-0.3394833509180634)
(-0.41658679708792223,-0.3394101248687762)
(-0.41556373848991235,-0.3393171769517932)
(-0.4145323915249156,-0.33920462021055264)
(-0.4134928839195151,-0.33907256796714097)
(-0.41244534223797136,-0.3389211338147235)
(-0.41138989189216973,-0.33875043161020313)
(-0.4103266571514319,-0.3385605754667991)
(-0.40925576115243234,-0.33835167974680425)
(-0.4081773259089221,-0.3381238590542575)
(-0.4070914723213351,-0.3378772282278115)
(-0.4059983201864672,-0.33761190233344934)
(-0.40489798820693007,-0.33732799665746555)
(-0.40379059400061046,-0.337025626699318)
(-0.40267625411008645,-0.3367049081647128)
(-0.4015550840118909,-0.3363659569584375)
(-0.4004271981257242,-0.33600888917767174)
(-0.3992927098236404,-0.3356338211049059)
(-0.39815173143913296,-0.335240869201209)
(-0.39700437427609225,-0.3348301500994455)
(-0.39585074861783387,-0.3344017805974701)
(-0.39469096373589463,-0.333955877651508)
(-0.3935251278988692,-0.3334925583694841)
(-0.39235334838111,-0.3330119400044224)
(-0.39117573147140167,-0.33251413994788803)
(-0.3899923824815842,-0.3319992757235227)
(-0.38880340575498096,-0.33146746498056456)
(-0.3876089046749669,-0.3309188254874439)
(-0.38640898167322685,-0.33035347512543134)
(-0.385203738238209,-0.3297715318822989)
(-0.3839932749232207,-0.3291731138461137)
(-0.38277769135473666,-0.3285583391989456)
(-0.3815570862404123,-0.3279273262107365)
(-0.38033155737722896,-0.32728019323315105)
(-0.3791012016593531,-0.32661705869355284)
(-0.3778661150861541,-0.32593804108889657)
(-0.37662639276998444,-0.3252432589797656)
(-0.37538212894400136,-0.3245328309844768)
(-0.3741334169698679,-0.32380687577308537)
(-0.3728803493453957,-0.3230655120616504)
(-0.3716230177121627,-0.32230885860630687)
(-0.37036151286298263,-0.3215370341976557)
(-0.3690959247494283,-0.3207501576548953)
(-0.36782634248919516,-0.31994834782023945)
(-0.3665528543734533,-0.3191317235533108)
(-0.3652755478740838,-0.31830040372548857)
(-0.3639945096509448,-0.3174545072144367)
(-0.36270982555896886,-0.3165941528985799)
(-0.3614215806552983,-0.315719459651663)
(-0.3601298592062476,-0.31483054633738256)
(-0.35883474469435955,-0.3139275318039702)
(-0.35753631982522716,-0.3130105348789522)
(-0.35623466653439617,-0.3120796743637987)
(-0.3549298659941448,-0.31113506902878213)
(-0.353621998620155,-0.31017683760770803)
(-0.3523111440782662,-0.3092050987928678)
(-0.350997381291052,-0.30821997122986694)
(-0.349680788444344,-0.30722157351261337)
(-0.3483614429937833,-0.30621002417829907)
(-0.3470394216712104,-0.3051854417024187)
(-0.3457148004911047,-0.3041479444938694)
(-0.3443876547568372,-0.3030976508900532)
(-0.3430580590670131,-0.30203467915203336)
(-0.3417260873216384,-0.3009591474597442)
(-0.34039181272829555,-0.29987117390724405)
(-0.33905530780824855,-0.29877087649797146)
(-0.33771664440249644,-0.29765837314009025)
(-0.3363758936777907,-0.2965337816418686)
(-0.33503312613250624,-0.29539721970704996)
(-0.3336884116026179,-0.29424880493035166)
(-0.3323418192674875,-0.2930886547929175)
(-0.3309934176556435,-0.29191688665785753)
(-0.3296432746505417,-0.2907336177658393)
(-0.32829145749621785,-0.2895389652306751)
(-0.3269380328029528,-0.2883330460349629)
(-0.3255830665527904,-0.2871159770258025)
(-0.32422662410511904,-0.28588787491053347)
(-0.3228687702021126,-0.2846488562524683)
(-0.32150956897419025,-0.28339903746674355)
(-0.32014908394533026,-0.28213853481611245)
(-0.318787378038491,-0.28086746440691035)
(-0.3174245135807955,-0.2795859421849062)
(-0.31606055230882363,-0.27829408393128563)
(-0.31469555537374333,-0.27699200525867534)
(-0.31332958334650984,-0.27567982160719073)
(-0.3119626962228677,-0.2743576482404541)
(-0.3105949534284636,-0.2730256002417804)
(-0.30922641382380306,-0.27168379251027736)
(-0.3078571357091655,-0.2703323397570699)
(-0.30648717682959853,-0.26897135650151593)
(-0.30511659437965366,-0.2676009570674572)
(-0.3037454450082944,-0.2662212555795465)
(-0.30237378482357463,-0.26483236595956133)
(-0.30100166939742345,-0.2634344019227994)
(-0.2996291537702788,-0.26202747697445455)
(-0.29825629245574403,-0.26061170440610765)
(-0.2968831394451547,-0.2591871972921853)
(-0.2955097482121184,-0.25775406848645327)
(-0.294136171717049,-0.2563124306186104)
(-0.29276246241156384,-0.2548623960908571)
(-0.2913886722429623,-0.25340407707451923)
(-0.29001485265856436,-0.25193758550669426)
(-0.2886410546100301,-0.2504630330869737)
(-0.28726732855767984,-0.24898053127413342)
(-0.2858937244747383,-0.2474901912829199)
(-0.28452029185153593,-0.2459921240808249)
(-0.2831470796996435,-0.24448644038493947)
(-0.28177413655608863,-0.242973250658789)
(-0.28040151048734363,-0.24145266510924948)
(-0.279029249093455,-0.2399247936834562)
(-0.27765739951197793,-0.23838974606577587)
(-0.27628600842204154,-0.2368476316748257)
(-0.27491512204819635,-0.2352985596604492)
(-0.2735447861643703,-0.2337426389008156)
(-0.2721750460976703,-0.23217997799949275)
(-0.27080594673224606,-0.23061068528258516)
(-0.2694375325130931,-0.2290348687958838)
(-0.2680698474497291,-0.22745263630205312)
(-0.2667029351199563,-0.22586409527783946)
(-0.2653368386735275,-0.22426935291134714)
(-0.26397160083578713,-0.22266851609930252)
(-0.2626072639112294,-0.22106169144437215)
(-0.2612438697871699,-0.21944898525249304)
(-0.2598814599371624,-0.21783050353028569)
(-0.258520075424577,-0.21620635198239205)
(-0.25715975690601234,-0.21457663600898688)
(-0.25580054463477003,-0.21294146070319217)
(-0.2544424784642337,-0.21130093084859536)
(-0.2530855978512297,-0.20965515091674983)
(-0.2517299418593327,-0.20800422506476676)
(-0.2503755491622317,-0.2063482571328697)
(-0.24902245804692533,-0.20468735064200094)
(-0.2476707064169907,-0.2030216087915096)
(-0.24632033179577625,-0.20135113445675673)
(-0.24497137132958047,-0.19967603018687263)
(-0.24362386179078296,-0.19799639820245005)
(-0.2422778395809253,-0.1963123403933233)
(-0.24093334073386594,-0.19462395831632864)
(-0.23959040091870168,-0.19293135319314678)
(-0.23824905544293698,-0.19123462590809834)
(-0.2369093392553257,-0.18953387700607482)
(-0.23557128694893106,-0.18782920669035563)
(-0.23423493276399446,-0.1861207148206145)
(-0.23290031059086905,-0.1844085009107936)
(-0.23156745397285194,-0.18269266412715482)
(-0.23023639610906949,-0.18097330328621378)
(-0.22890716985725312,-0.1792505168527851)
(-0.2275798077365515,-0.1775244029380976)
(-0.2262543419302494,-0.17579505929779504)
(-0.2249308042885508,-0.17406258333009886)
(-0.22360922633124786,-0.17232707207391634)
(-0.22228963925038778,-0.17058862220703647)
(-0.22097207391292828,-0.16884733004424238)
(-0.21965656086340565,-0.16710329153562825)
(-0.21834313032646072,-0.16535660226474344)
(-0.21703181220944825,-0.16360735744689545)
(-0.21572263610497053,-0.16185565192745885)
(-0.21441563129341168,-0.16010158018012174)
(-0.21311082674542184,-0.15834523630529213)
(-0.21180825112437054,-0.15658671402840826)
(-0.21050793278881158,-0.15482610669836974)
(-0.20920989979490365,-0.15306350728589282)
(-0.2079141798988065,-0.15129900838198748)
(-0.20662080055903356,-0.14953270219641535)
(-0.20532978893880163,-0.1477646805561213)
(-0.20404117190841028,-0.14599503490383053)
(-0.20275497604746387,-0.14422385629644618)
(-0.2014712276471997,-0.14245123540374927)
(-0.2001899527127197,-0.14067726250685247)
(-0.1989111769652578,-0.138902027496865)
(-0.19763492584435843,-0.13712561987347396)
(-0.19636122451008073,-0.1353481287436474)
(-0.19509009784514306,-0.13356964282022668)
(-0.19382157045710005,-0.13179025042065076)
(-0.19255566668045598,-0.13001003946568498)
(-0.19129241057875698,-0.12822909747812009)
(-0.1900318259466823,-0.1264475115815503)
(-0.1887739363121066,-0.12466536849912395)
(-0.18751876493813996,-0.12288275455237525)
(-0.18626633482512212,-0.12109975566002862)
(-0.1850166687126893,-0.11931645733683581)
(-0.18376978908167116,-0.11753294469242902)
(-0.18252571815610433,-0.11574930243024611)
(-0.18128447790516916,-0.11396561484637947)
(-0.1800460900450888,-0.1121819658285476)
(-0.1788105760410548,-0.11039843885501904)
(-0.17757795710910274,-0.10861511699358534)
(-0.17634825421796388,-0.10683208290054534)
(-0.1751214880909353,-0.105049418819712)
(-0.1738976792077004,-0.10326720658146177)
(-0.17267684780611806,-0.10148552760174746)
(-0.17145901388404233,-0.09970446288118916)
(-0.17024419720109013,-0.09792409300416081)
(-0.16903241728039314,-0.09614449813789903)
(-0.16782369341033349,-0.09436575803161855)
(-0.1666180446462711,-0.09258795201566812)
(-0.16541548981226367,-0.09081115900070054)
(-0.16421604750272134,-0.08903545747685596)
(-0.16301973608412038,-0.08726092551294908)
(-0.1618265736966215,-0.08548764075572808)
(-0.16063657825573266,-0.08371568042907662)
(-0.15944976745392336,-0.08194512133331772)
(-0.15826615876224154,-0.08017603984444424)
(-0.15708576943189095,-0.07840851191346014)
(-0.15590861649581034,-0.07664261306567631)
(-0.1547347167702554,-0.07487841840004676)
(-0.15356408685631429,-0.07311600258852619)
(-0.15239674314145876,-0.0713554398754406)
(-0.15123270180105114,-0.069596804076866)
(-0.15007197879984835,-0.06784016858005364)
(-0.1489145898934919,-0.06608560634283478)
(-0.14776055062997343,-0.06433318989307209)
(-0.14660987635109957,-0.06258299132812586)
(-0.14546258219393376,-0.060835082314314365)
(-0.14431868309221615,-0.05908953408642131)
(-0.14317819377780208,-0.05734641744719651)
(-0.14204112878205824,-0.05560580276689397)
(-0.14090750243722336,-0.05386775998281107)
(-0.13977732887783362,-0.052132358598845394)
(-0.13865062204204257,-0.0503996676850872)
(-0.13752739567299893,-0.048669755877396324)
(-0.13640766332017482,-0.04694269137702369)
(-0.1352914383406886,-0.045218541950244565)
(-0.1341787339006163,-0.043497374927987706)
(-0.13306956297629732,-0.041779257205511316)
(-0.13196393835562734,-0.0400642552420644)
(-0.13086187263931254,-0.03835243506058909)
(-0.12976337824215642,-0.03664386224742046)
(-0.12866846739430282,-0.03493860195202624)
(-0.12757715214246793,-0.033236718886718274)
(-0.12648944435119186,-0.03153827732643967)
(-0.12540535570402403,-0.02984334110850826)
(-0.12432489770476053,-0.02815197363241504)
(-0.12324808167862611,-0.02646423785963238)
(-0.12217491877344488,-0.024780196313408075)
(-0.12110541996084091,-0.02309991107861507)
(-0.12003959603738162,-0.02142344380159636)
(-0.11897745762573646,-0.019750855690010675)
(-0.1179190151758101,-0.018082207512728363)
(-0.11686427896589155,-0.016417559599711636)
(-0.11581325910375526,-0.0147569718419122)
(-0.114765965527785,-0.013100503691203661)
(-0.1137224080080699,-0.011448214160312865)
(-0.11268259614749994,-0.0098001618227611)
(-0.11164653938283745,-0.008156404812834956)
(-0.11061424698580019,-0.006517000825557322)
(-0.10958572806411024,-0.004882007116674545)
(-0.10856099156257168,-0.0032514805026748438)
(-0.10754004626408603,-0.0016254773607907807)
(-0.10652290079069629,-4.053629043447896e-6)
(-0.10550956360462642,0.001612735193722339)
(-0.10450004300927679,0.003224834047769394)
(-0.10349434715024622,0.004832188312400606)
(-0.10249248401632274,0.006434743805864002)
(-0.10149446144048277,0.008032446785273033)
(-0.10050028710086661,0.009625243946469316)
(-0.0995099685217509,0.011213082423910628)
(-0.09852351307451535,0.01279590979052781)
(-0.09754092797860722,0.014373674057575607)
(-0.09656222030247989,0.015946323674463896)
(-0.09558739696454101,0.017513807528577934)
(-0.0946164647340835,0.019076074945094664)
(-0.09364943023220663,0.020633075686772244)
(-0.09268629993274582,0.02218475995373678)
(-0.09172708016316361,0.023731078383251298)
(-0.09077177710547925,0.025271982049482448)
(-0.08982039679713691,0.026807422463236436)
(-0.0888729451319078,0.02833735157169859)
(-0.08792942786077824,0.02986172175815836)
(-0.08698985059280204,0.031380485841709285)
(-0.08605421879598778,0.03289359707695992)
(-0.08512253779814927,0.03440100915370916)
(-0.0841948127877615,0.035902676196627015)
(-0.08327104881480231,0.03739855276491078)
(-0.08235125079160363,0.038888593851939296)
(-0.08143542349366087,0.04037275488491059)
(-0.08052357156049249,0.04185099172447016)
(-0.07961569949643252,0.04332326066432326)
(-0.07871181167146574,0.044789518430842896)
(-0.07781191232200939,0.04624972218266067)
(-0.07691600555174667,0.047703829510244704)
(-0.07602409533239994,0.04915179843547995)
(-0.07513618550451977,0.05059358741121423)
(-0.07425227977828416,0.05202915532080954)
(-0.07337238173426183,0.05345846147769014)
(-0.07249649482419299,0.05488146562485084)
(-0.07162462237175331,0.05629812793438851)
(-0.07075676757331556,0.05770840900699137)
(-0.06989293349869655,0.05911226987144362)
(-0.06903312309192132,0.06050967198410337)
(-0.06817733917195067,0.06190057722836985)
(-0.06732558443344686,0.06328494791415669)
(-0.06647786144747493,0.06466274677733072)
(-0.06563417266225047,0.06603393697916657)
(-0.06479452040386116,0.0673984821057558)
(-0.06395890687698717,0.06875634616744977)
(-0.06312733416560999,0.07010749359825241)
(-0.062299804233717684,0.07145188925523623)
(-0.06147631892602525,0.0727894984179107)
(-0.06065687996865015,0.0741202867876162)
(-0.059841488969828036,0.07544422048689367)
(-0.059030147420586536,0.07676126605883213)
(-0.05822285669545133,0.07807139046644543)
(-0.057419618053098816,0.07937456109197404)
(-0.056620432637056094,0.08067074573624804)
(-0.05582530147635959,0.08195991261798477)
(-0.05503422548622773,0.08324203037311761)
(-0.05424720546873094,0.08451706805409366)
(-0.05346424211343313,0.08578499512915241)
(-0.05268533599806465,0.08704578148162485)
(-0.051910487589165284,0.08829939740920352)
(-0.05113969724272697,0.08954581362318464)
(-0.05037296520484532,0.09078500124777569)
(-0.04961029161235084,0.09201693181927197)
(-0.048851676493456404,0.09324157728535787)
(-0.04809711976837031,0.0944589100042793)
(-0.04734662124994404,0.09566890274411513)
(-0.046600180644271745,0.09687152868194296)
(-0.045857797551338446,0.09806676140306048)
(-0.045119471465620044,0.0992545749001761)
(-0.04438520177669303,0.10043494357259508)
(-0.04365498776985005,0.10160784222538573)
(-0.042928828626708264,0.10277324606854492)
(-0.0422067234258162,0.10393113071617789)
(-0.041488671143238995,0.10508147218560933)
(-0.040774670653159824,0.10622424689656691)
(-0.04006472072847702,0.10735943167026449)
(-0.039358820041390685,0.10848700372858328)
(-0.03865696716399563,0.10960694069313824)
(-0.03795916056885037,0.11071922058440563)
(-0.03726539862956629,0.11182382182082903)
(-0.0365756796213881,0.11292072321789907)
(-0.035890001721762634,0.11400990398725387)
(-0.03520836301090287,0.11509134373570958)
(-0.034530761472370726,0.11616502246439118)
(-0.033857194993628416,0.11723092056773884)
(-0.0331876613666249,0.1182890188325942)
(-0.03252215828831603,0.11933929843722116)
(-0.03186068336126132,0.12038174095035754)
(-0.031203234094151627,0.12141632833022924)
(-0.030549807902372987,0.12244304292359348)
(-0.029900402108548624,0.12346186746472838)
(-0.02925501394309073,0.12447278507443103)
(-0.02861364054474697,0.12547577925907172)
(-0.02797627896112983,0.12647083390950878)
(-0.027342926149261287,0.12745793330012542)
(-0.026713578976118427,0.12843706208780278)
(-0.02608823421915647,0.12940820531084307)
(-0.025466888566818644,0.1303713483879932)
(-0.024849538619141666,0.1313264771173649)
(-0.024236180888163934,0.13227357767538503)
(-0.02362681179857596,0.13321263661573354)
(-0.023021427688135372,0.13414364086830036)
(-0.02242002480827144,0.1350665777380788)
(-0.02182259932453191,0.135981434904108)
(-0.021229147317150948,0.1368882004183875)
(-0.020639664781525974,0.13778686270476107)
(-0.020054147628785726,0.13867741055785404)
(-0.0194725916862064,0.13955983314192183)
(-0.0188949926978074,0.14043411998977)
(-0.018321346324814768,0.14130026100161006)
(-0.017751648146153928,0.14215824644398053)
(-0.01718589365900294,0.14300806694853)
(-0.01662407827921773,0.14384971351096745)
(-0.016066197341896907,0.1446831774898578)
(-0.015512246101826152,0.14550845060547604)
(-0.014962219734014345,0.14632552493868797)
(-0.01441611333414831,0.14713439292972824)
(-0.013873921919119661,0.14793504737709257)
(-0.013335640427475324,0.1487274814362933)
(-0.012801263719920429,0.14951168861874153)
(-0.012270786579822824,0.15028766279050862)
(-0.011744203713653034,0.15105539817114977)
(-0.011221509751514654,0.1518148893325086)
(-0.010702699247582995,0.15256613119751877)
(-0.010187766680596639,0.15330911903895697)
(-0.009676706454368564,0.15404384847826316)
(-0.00916951289817548,0.15477031548429465)
(-0.008666180267333954,0.1554885163720912)
(-0.008166702743584388,0.15619844780167377)
(-0.007671074435645833,0.15690010677675276)
(-0.007179289379567384,0.15759349064354253)
(-0.006691341539344918,0.15827859708945022)
(-0.0062072248072590165,0.15895542414185126)
(-0.005726933004404108,0.15962397016682742)
(-0.0052504598811385595,0.16028423386788843)
(-0.004777799117501879,0.16093621428471575)
(-0.004308944323791198,0.16157991079185602)
(-0.0038438890408777457,0.16221532309745654)
(-0.003382626740765571,0.1628424512419799)
(-0.0029251508269949825,0.16346129559689299)
(-0.002471454635119456,0.16407185686340411)
(-0.0020215314331622244,0.16467413607110015)
(-0.0015753744220519449,0.16526813457671527)
(-0.0011329767360656433,0.1658538540627241)
(-0.0006943314433206895,0.16643129653612046)
(-0.0002594315461962256,0.16700046432703122)
(0.00017173001825405691,0.1675613600873761)
(0.000599160377783013,0.16811398678961212)
(0.0010228667245810483,0.16865834772532662)
(0.001442856314768631,0.16919444650391147)
(0.0018591364679970922,0.1697222870512408)
(0.00227171456698488,0.1702418736082747)
(0.0026805980570915374,0.17075321072975416)
(0.0030857944458872375,0.17125630328280952)
(0.0034873113026566284,0.17175115644560776)
(0.003885156258072273,0.17223777570598542)
(0.004279337003633172,0.17271616686006044)
(0.0046698612913355095,0.17318633601086506)
(0.005056736933168007,0.17364828956698214)
(0.005439971800719116,0.17410203424113121)
(0.005819573824742128,0.1745475770487986)
(0.006195550994701375,0.1749849253068362)
(0.006567911358365161,0.17541408663203806)
(0.006936663021379819,0.1758350689398339)
(0.0073018141468116525,0.17624788044272358)
(0.007663372954774871,0.1766525296490468)
(0.008021347721959388,0.1770490253614083)
(0.008375746781217731,0.17743737667540538)
(0.008726578521150618,0.17781759297806657)
(0.009073851385694437,0.17818968394656662)
(0.009417573873675521,0.178553659546685)
(0.009757754538399546,0.1789095300314261)
(0.010094401987247426,0.17925730593961464)
(0.010427524881221246,0.1795969980943736)
(0.010757131934572497,0.1799286176017563)
(0.011083231914333979,0.18025217584925612)
(0.011405833639980224,0.18056768450436836)
(0.011724945982918619,0.18087515551321506)
(0.012040577866147045,0.18117460109893)
(0.012352738263790748,0.18146603376034376)
(0.01266143620074381,0.18174946627043442)
(0.012966680752225953,0.18202491167494733)
(0.013268481043355068,0.18229238329081487)
(0.013566846248773147,0.18255189470482058)
(0.013861785592216486,0.18280345977195048)
(0.01415330834612758,0.1830470926141155)
(0.014441423831200673,0.18328280761853097)
(0.014726141416057052,0.183510619436263)
(0.015007470516738638,0.18373054298078662)
(0.015285420596397146,0.1839425934264407)
(0.015560001164819813,0.18414678620698252)
(0.0158312217780921,0.18434313701407237)
(0.016099092038127368,0.18453166179575525)
(0.016363621592314574,0.18471237675501428)
(0.01662482013307564,0.18488529834822012)
(0.01688269739751409,0.18505044328366083)
(0.017137263166995566,0.1852078285200319)
(0.017388527266723068,0.185357471264874)
(0.01763649956538364,0.18549938897314674)
(0.017881189974709822,0.1856335993456504)
(0.018122608449113314,0.18576012032754818)
(0.018360764985298726,0.1858789701067956)
(0.01859566962182878,0.18599016711270183)
(0.018827332438751874,0.18609373001434126)
(0.01905576355721232,0.1861896777190458)
(0.01928097313905718,0.18627802937087395)
(0.019502971386458803,0.1863588043491)
(0.019721768541472652,0.18643202226665587)
(0.019937374885712986,0.1864977029686475)
(0.020149800739924527,0.18655586653073625)
(0.020359056463612808,0.18660653325768906)
(0.020565152454605416,0.18664972368180652)
(0.02076809914874732,0.1866854585613486)
(0.020967907019466728,0.1867137588790507)
(0.021164586577380306,0.1867346458405177)
(0.021358148369918888,0.18674814087278027)
(0.021548602980977025,0.1867542656226193)
(0.02173596103045737,0.1867530419550905)
(0.021920233173986853,0.186744491951967)
(0.02210143010238605,0.18672863791020194)
(0.022279562541499574,0.1867055023403399)
(0.02245464125160403,0.1866751079649843)
(0.02262667702714157,0.1866374777172478)
(0.02279568069633435,0.18659263473916077)
(0.02296166312078167,0.186540602380162)
(0.023124635195082555,0.186481404195494)
(0.023284607846457986,0.1864150639446936)
(0.02344159203442635,0.18634160558996032)
(0.023595598750325245,0.18626105329468803)
(0.02374663901704423,0.1861734314217964)
(0.023894723888540175,0.18607876453223027)
(0.024039864449620946,0.18597707738340227)
(0.02418207181537937,0.18586839492755663)
(0.02432135713097101,0.18575274231031644)
(0.024457731571159238,0.18563014486899018)
(0.024591206340018913,0.1855006281310848)
(0.024721792670468253,0.1853642178127002)
(0.024849501823996017,0.18522093981699253)
(0.024974345090195495,0.18507082023256305)
(0.02509633378654267,0.1849138853318979)
(0.025215479257829753,0.18475016156979407)
(0.025331792875968647,0.18457967558182237)
(0.025445286039549698,0.1844024541827135)
(0.02555597017349659,0.18421852436479547)
(0.02566385672866208,0.18402791329639964)
(0.02576895718154059,0.18383064832032828)
(0.025871283033825934,0.18362675695225514)
(0.025970845812074095,0.18341626687914422)
(0.02606765706739639,0.18319920595769346)
(0.02616172837501944,0.1829756022127253)
(0.026253071333958336,0.18274548383565364)
(0.02634169756665537,0.18250887918287864)
(0.026427618718650115,0.18226581677422782)
(0.02651084645815905,0.1820163252913503)
(0.026591392475771462,0.18176043357617788)
(0.026669268484051045,0.18149817062934176)
(0.026744486217246042,0.1812295656085617)
(0.026817057430865557,0.18095464782710205)
(0.026886993901329537,0.18067344675222516)
(0.02695430742566741,0.18038599200351432)
(0.027019009821108757,0.18009231335141798)
(0.027081112924785305,0.17979244071560346)
(0.027140628593326697,0.17948640416340234)
(0.02719756870252794,0.17917423390821824)
(0.027251945147023213,0.17885596030799622)
(0.027303769839898434,0.17853161386360347)
(0.02735305471237583,0.17820122521727996)
(0.027399811713422456,0.17786482515103963)
(0.027444052809462858,0.17752244458516314)
(0.02748578998400016,0.17717411457654172)
(0.027525035237248884,0.17681986631717733)
(0.027561800585810817,0.176459731132559)
(0.02759609806236094,0.1760937404801271)
(0.0276279397152532,0.17572192594770839)
(0.02765733760820289,0.17534431925191052)
(0.027684303819936515,0.1749609522366165)
(0.02770885044386239,0.1745718568713424)
(0.027730989587735826,0.17417706524973764)
(0.02775073337327331,0.1737766095879881)
(0.02776809393586493,0.17337052222326668)
(0.02778308342423422,0.1729588356121678)
(0.027795714000054164,0.1725415823291352)
(0.027805997837662653,0.1721187950649318)
(0.027813947123692284,0.17169050662502403)
(0.027819574056759083,0.17125674992811749)
(0.027822890847085335,0.17081755800448048)
(0.027823909716261846,0.17037296399451873)
(0.027822642896787198,0.16992300114710487)
(0.027819102631825257,0.16946770281811835)
(0.027813301174847004,0.16900710246883496)
(0.027805250789292153,0.16854123366439785)
(0.027794963748286907,0.16807013007225638)
(0.027782452334213243,0.1675938254606737)
(0.027767728838494612,0.1671123536971284)
(0.027750805561199073,0.1666257487467505)
(0.027731694810725255,0.1661340446708489)
(0.02771040890352009,0.16563727562531771)
(0.027686960163654066,0.1651354758591311)
(0.027661360922633656,0.1646286797127931)
(0.027633623518950465,0.16411692161678101)
(0.02760376029785126,0.16360023609007407)
(0.027571783610946064,0.16307865773854602)
(0.027537705815960087,0.16255222125349642)
(0.027501539276325798,0.16202096141006775)
(0.027463296360940713,0.1614849130657906)
(0.02742298944383809,0.16094411115900886)
(0.02738063090383935,0.16039859070735793)
(0.027336233124221194,0.159848386806276)
(0.027289808492461792,0.1592935346274623)
(0.027241369399910093,0.1587340694173948)
(0.027190928241403164,0.15817002649573433)
(0.027138497415051272,0.1576014412539312)
(0.02708408932183978,0.15702834915365707)
(0.02702771636541879,0.15645078572525525)
(0.02696939095166414,0.15586878656631784)
(0.026909125488488207,0.1552823873401323)
(0.02684693238545282,0.15469162377423365)
(0.026782824053473264,0.1540965316588374)
(0.026716812904567663,0.15349714684540403)
(0.026648911351473212,0.15289350524510445)
(0.026579131807378045,0.1522856428273644)
(0.026507486685621653,0.15167359561837984)
(0.026433988399403575,0.15105739969962378)
(0.02635864936143341,0.15043709120631932)
(0.026281481983664205,0.1498127063260376)
(0.0262024986769986,0.14918428129718242)
(0.026121711850959642,0.14855185240752816)
(0.026039133913415162,0.1479154559927316)
(0.02595477727025698,0.1472751284348878)
(0.025868654325151553,0.1466309061610366)
(0.02578077747917653,0.14598282564175624)
(0.02569115913056997,0.14533092338964487)
(0.02559981167443892,0.14467523595786339)
(0.02550674750244592,0.14401579993876326)
(0.025411979002511142,0.1433526519623408)
(0.025315518558536934,0.14268582869484772)
(0.025217378550124188,0.14201536683730925)
(0.025117571352262558,0.14134130312414298)
(0.025016109335050267,0.1406636743216454)
(0.024913004863416445,0.13998251722662355)
(0.024808270296792116,0.13929786866491609)
(0.02470191798891862,0.13860976549000567)
(0.02459396028741172,0.13791824458157467)
(0.024484409533649436,0.13722334284405546)
(0.024373278062341366,0.13652509720526443)
(0.024260578201369173,0.13582354461498009)
(0.02414632227139629,0.13511872204350459)
(0.024030522585655426,0.13441066648024952)
(0.023913191449643448,0.13369941493239382)
(0.023794341160887814,0.13298500442339228)
(0.02367398400857804,0.13226747199165292)
(0.023552132273388423,0.1315468546891364)
(0.02342879822712648,0.13082318957990743)
(0.02330399413252611,0.13009651373884737)
(0.023177732242889066,0.12936686425013452)
(0.023050024801892704,0.12863427820601558)
(0.02292088404329484,0.1278987927053299)
(0.02279032219063463,0.1271604448521565)
(0.022658351456987896,0.1264192717544919)
(0.022524984044722862,0.12567531052282357)
(0.02239023214515841,0.12492859826881528)
(0.022254107938374873,0.1241791721039262)
(0.022116623592917512,0.12342706913807326)
(0.021977791265520664,0.12267232647827732)
(0.0218376231008597,0.12191498122732271)
(0.02169613123127309,0.1211550704824134)
(0.021553327776560178,0.1203926313338218)
(0.021409224843617687,0.1196277008635988)
(0.021263834526252808,0.11886031614418521)
(0.02111716890492914,0.11809051423717948)
(0.020969240046469603,0.11731833219187798)
(0.020820060003816008,0.11654380704413783)
(0.020669640815791895,0.11576697581489054)
(0.020517994506814373,0.11498787550894159)
(0.020365133086696345,0.11420654311366493)
(0.02021106855031404,0.1134230155976385)
(0.020055812877420892,0.11263732990942776)
(0.019899378032385614,0.11184952297622305)
(0.019741775963919597,0.11105963170261629)
(0.019583018604861613,0.11026769296928922)
(0.01942311787188633,0.10947374363174754)
(0.01926208566531323,0.10867782051902122)
(0.019099933868822923,0.10787996043243271)
(0.018936674349227484,0.10708020014431409)
(0.018772318956212734,0.10627857639675307)
(0.018606879522148127,0.10547512590034126)
(0.01844036786175545,0.10466988533291795)
(0.01827279577195032,0.10386289133832047)
(0.018104175031587767,0.10305418052518184)
(0.01793451740119067,0.10224378946562566)
(0.01776383462274501,0.10143175469409406)
(0.017592138419462135,0.10061811270610832)
(0.017419440495526944,0.09980289995701254)
(0.017245752535880805,0.09898615286082428)
(0.017071086205996074,0.09816790778894359)
(0.016895453151606583,0.09734820106900977)
(0.016718864998539865,0.09652706898366942)
(0.01654133335246008,0.0957045477693538)
(0.016362869798593086,0.09488067361516316)
(0.01618348590158625,0.09405548266160975)
(0.016003193205221894,0.09322901099942488)
(0.01582200323220946,0.09240129466845783)
(0.01563992748399106,0.09157236965645699)
(0.015456977440449382,0.09074227189784768)
(0.015273164559773131,0.08991103727266944)
(0.015088500278180535,0.08907870160535902)
(0.014902996009720055,0.088245300663613)
(0.014716663146029856,0.08741087015723081)
(0.014529513056174916,0.08657544573697147)
(0.014341557086372957,0.0857390629934461)
(0.01415280655982231,0.08490175745594036)
(0.013963272776458981,0.08406356459131031)
(0.013772967012779923,0.08322451980284805)
(0.013581900521581399,0.08238465842919805)
(0.01339008453181602,0.0815440157432237)
(0.013197530248313206,0.08070262695087681)
(0.01300424885163459,0.07986052719012697)
(0.012810251497831817,0.07901775152987374)
(0.012615549318243713,0.07817433496882006)
(0.01242015341930912,0.0773303124344)
(0.01222407488236488,0.076485718781735)
(0.01202732476341011,0.07564058879250352)
(0.011829914092946819,0.07479495717394008)
(0.011631853875762193,0.07394885855767246)
(0.0114331550907321,0.07310232749875428)
(0.011233828690634794,0.07225539847457926)
(0.011033885601930537,0.0714081058838407)
(0.010833336724593681,0.07056048404545447)
(0.010632192931908074,0.06971256719758902)
(0.01043046507026833,0.06886438949655957)
(0.010228163959012361,0.06801598501587966)
(0.010025300390196765,0.06716738774516177)
(0.009821885128442152,0.06631863158918197)
(0.00961792891071556,0.06546975036680722)
(0.00941344244618275,0.06462077781001795)
(0.009208436415977088,0.06377174756294632)
(0.00900292147303901,0.06292269318080544)
(0.008796908241957264,0.062073648128979406)
(0.00859040731872969,0.06122464578198862)
(0.00838342927064198,0.06037571942256871)
(0.00817598463605628,0.05952690224064416)
(0.007968083924226052,0.05867822733241371)
(0.007759737615145766,0.057829727699357715)
(0.007550956159369212,0.05698143624731376)
(0.007341749977809713,0.056133385785505925)
(0.007132129461600417,0.05528560902563981)
(0.006922104971889438,0.05443813858092167)
(0.006711686839710177,0.05359100696518056)
(0.00650088536577099,0.05274424659189482)
(0.006289710820313139,0.05189788977333085)
(0.006078173442919783,0.05105196871958114)
(0.005866283442393695,0.05020651553768716)
(0.005654050996526224,0.04936156223074613)
(0.005441486251996796,0.04851714069699919)
(0.005228599324167869,0.047673282728952576)
(0.00501540029696554,0.04683002001250592)
(0.004801899222655952,0.045987384126059294)
(0.004588106121752384,0.04514540653965152)
(0.004374030982817186,0.04430411861411042)
(0.0041596837623239504,0.04346355160018016)
(0.003945074384492843,0.042623736637669205)
(0.003730212741127745,0.041784704754627)
(0.003515108691497939,0.04094648686646365)
(0.003299772062143687,0.04010911377516802)
(0.003084212646756252,0.03927261616843434)
(0.0028684402060105774,0.038437024618886234)
(0.002652464467421457,0.03760236958321334)
(0.002436295125215652,0.03676868140140998)
(0.0022199418401560775,0.035935990295929664)
(0.002003414239401906,0.035104326370925476)
(0.001786721916403411,0.03427371961144766)
(0.0015698744307031099,0.033444199882635306)
(0.0013528813078414552,0.03261579692898772)
(0.0011357520391859367,0.031788540373534485)
(0.0009184960818151448,0.030962459717127064)
(0.0007011228583630958,0.0301375843376374)
(0.0004836417568945684,0.02931394348922053)
(0.000266062130775252,0.028491566301569633)
(0.00004839329852415359,0.027670481779175672)
(-0.00016935545631781513,0.026850718800589472)
(-0.000387174885305294,0.026032306117680464)
(-0.0006050557752328205,0.02521527235495091)
(-0.0008229889482446522,0.024399646008773365)
(-0.0010409652619947133,0.023585455446731525)
(-0.001258975609739868,0.022772728906855014)
(-0.0014770109204801545,0.02196149449699417)
(-0.0016950621590818096,0.021151780194074345)
(-0.0019131203264016806,0.020343613843425947)
(-0.002131176459408554,0.01953702315811959)
(-0.00234922163128676,0.01873203571827957)
(-0.0025672469515865743,0.01792867897043976)
(-0.0027852435663115144,0.017126980226832)
(-0.003003202658062413,0.016326966664809033)
(-0.0032211154461208396,0.015528665326139123)
(-0.0034389731865935645,0.014732103116385906)
(-0.0036567671725122215,0.01393730680427274)
(-0.003874488733940257,0.013144303021060823)
(-0.004092129238091386,0.012353118259923003)
(-0.00430968008943773,0.011563778875324858)
(-0.004527132729816625,0.010776311082421993)
(-0.004744478638534658,0.009990740956455984)
(-0.004961709332479474,0.009207094432162551)
(-0.0051788163662173274,0.008425397303171205)
(-0.005395791332105455,0.007645675221435214)
(-0.005612625860384969,0.00686795369664502)
(-0.005829311619280567,0.006092258095666189)
(-0.00604584031511546,0.005318613641974912)
(-0.0062622036923905685,0.004547045415083689)
(-0.006478393533892971,0.0037775783500134815)
(-0.006694401660790478,0.003010237236738122)
(-0.006910219932722442,0.00224504671964301)
(-0.007125840247899194,0.001482031297004298)
(-0.007341254543187678,0.0007212153204415187)
(-0.0075564547942078945,-0.00003737700555860052)
(-0.0077714330154203815,-0.0007937216242236673)
(-0.007986181260216755,-0.0015477946269220192)
(-0.00820069162100343,-0.0022995722537268453)
(-0.008414956229289517,-0.0030490308938753118)
(-0.008628967255780861,-0.003796147086265063)
(-0.008842716910446856,-0.0045408975199400245)
(-0.00905619744261676,-0.005283259034547527)
(-0.009269401141054933,-0.006023208620834267)
(-0.009482320334039007,-0.006760723421076684)
(-0.009694947389452497,-0.007495780729561404)
(-0.00990727471484508,-0.00822835799301265)
(-0.010119294757516458,-0.008958432811059538)
(-0.010331000004596592,-0.00968598293663485)
(-0.010542382983115717,-0.010410986276448096)
(-0.010753436260075971,-0.01113342089136428)
(-0.010964152442523353,-0.011853264996865474)
(-0.011174524177619138,-0.012570496963425581)
(-0.01138454415271653,-0.013285095316926537)
(-0.011594205095412523,-0.013997038739056444)
(-0.011803499773637201,-0.014706306067698124)
(-0.012012420995698126,-0.015412876297317411)
(-0.012220961610355713,-0.016116728579330043)
(-0.012429114506887143,-0.016817842222490522)
(-0.01263687261514618,-0.017516196693245625)
(-0.012844228905622009,-0.01821177161609474)
(-0.013051176389512734,-0.018904546773940982)
(-0.013257708118762509,-0.019594502108427798)
(-0.013463817186129717,-0.02028161772032881)
(-0.01366949672525753,-0.020965873869791082)
(-0.013874739910697131,-0.021647250976742326)
(-0.014079539957999473,-0.022325729621177556)
(-0.014283890123727942,-0.023001290543480296)
(-0.014487783705542672,-0.023673914644717003)
(-0.014691214042244495,-0.024343582986950767)
(-0.014894174513812652,-0.025010276793546615)
(-0.015096658541454366,-0.025673977449422597)
(-0.015298659587664078,-0.026334666501386297)
(-0.015500171156261329,-0.02699232565835856)
(-0.015701186792436636,-0.027646936791670747)
(-0.01590170008278978,-0.028298481935327954)
(-0.016101704655383728,-0.028946943286254828)
(-0.016301194179771012,-0.029592303204549312)
(-0.016500162367039592,-0.030234544213749003)
(-0.016698602969860678,-0.030873649001009227)
(-0.0168965097825381,-0.03150960041741452)
(-0.017093876640981567,-0.032142381478149136)
(-0.017290697422829075,-0.03277197536271961)
(-0.01748696604740263,-0.03339836541519333)
(-0.017682676475813456,-0.03402153514437344)
(-0.017877822710927704,-0.034641468224040066)
(-0.018072398797441457,-0.035258148493090065)
(-0.01826639882189484,-0.03587155995577438)
(-0.018459816912698365,-0.036481686781851465)
(-0.018652647240168293,-0.03708851330678016)
(-0.018844884016548206,-0.0376920240318507)
(-0.019036521496019913,-0.03829220362439159)
(-0.019227553974758404,-0.03888903691793013)
(-0.01941797579093181,-0.03948250891227957)
(-0.01960778132473525,-0.04007260477374435)
(-0.0197969649983824,-0.04065930983524843)
(-0.01998552127617089,-0.04124260959644089)
(-0.020173444664472018,-0.041822489723846654)
(-0.020360729711734176,-0.042398936050944046)
(-0.020547371008548514,-0.042971934578379)
(-0.02073336318760999,-0.043541471473918965)
(-0.020918700923749412,-0.04410753307271261)
(-0.02110337893397785,-0.04467010587725335)
(-0.02128739197743397,-0.04522917655753082)
(-0.021470734855478082,-0.04578473195115474)
(-0.021653402411596048,-0.04633675906331147)
(-0.02183538953150627,-0.04688524506696744)
(-0.022016691143134155,-0.0474301773028167)
(-0.022197302216555633,-0.04797154327944454)
(-0.022377217764124997,-0.048509330673283245)
(-0.022556432840357344,-0.04904352732873303)
(-0.022734942542029384,-0.04957412125816386)
(-0.022912742008070256,-0.05010110064194039)
(-0.02308982641969997,-0.05062445382849368)
(-0.023266191000304474,-0.051144169334294935)
(-0.02344183101552453,-0.05166023584391391)
(-0.023616741773168973,-0.05217264220997597)
(-0.023790918623302255,-0.0526813774532314)
(-0.02396435695814875,-0.053186430762496274)
(-0.024137052212178833,-0.053687791494686436)
(-0.02430899986200827,-0.05418544917476679)
(-0.024480195426461727,-0.05467939349575931)
(-0.0246506344665246,-0.05516961431871905)
(-0.024820312585354602,-0.05565610167266014)
(-0.024989225428271745,-0.05613884575459924)
(-0.025157368682692225,-0.05661783692941426)
(-0.02532473807821793,-0.057093065729860545)
(-0.025491329386505533,-0.057564522856526426)
(-0.02565713842134828,-0.058032199177716556)
(-0.025822161038579605,-0.0584960857294192)
(-0.025986393136152853,-0.05895617371524652)
(-0.026149830653987047,-0.059412454506304176)
(-0.026312469574078255,-0.05986491964120231)
(-0.026474305920402688,-0.06031356082583917)
(-0.026635335758938276,-0.06075836993343121)
(-0.026795555197590568,-0.061199339004322825)
(-0.026954960386198157,-0.061636460245923515)
(-0.02711354751652444,-0.06206972603258724)
(-0.027271312822218473,-0.06249912890546183)
(-0.027428252578773335,-0.0629246615724424)
(-0.027584363103477196,-0.06334631690798542)
(-0.027739640755467216,-0.06376408795293166)
(-0.02789408193562597,-0.0641779679145008)
(-0.028047683086584632,-0.06458795016599504)
(-0.028200440692610813,-0.06499402824675178)
(-0.028352351279745888,-0.06539619586192656)
(-0.02850341141559736,-0.06579444688236859)
(-0.02865361770938907,-0.06618877534444434)
(-0.02880296681191684,-0.06657917544984748)
(-0.028951455415495753,-0.06696564156542975)
(-0.029099080253940455,-0.06734816822302667)
(-0.029245838102512352,-0.0677267501192723)
(-0.029391725777858636,-0.0681013821153245)
(-0.029536740138035422,-0.06847205923682552)
(-0.029680878082399963,-0.0688387766735333)
(-0.02982413655159653,-0.06920152977917271)
(-0.02996651252751483,-0.06956031407129956)
(-0.030108003033244925,-0.06991512523091568)
(-0.030248605132999547,-0.070265959102377)
(-0.030388315932102252,-0.07061281169307888)
(-0.030527132576979307,-0.07095567917331172)
(-0.03066505225497516,-0.07129455787586912)
(-0.030802072194452825,-0.07162944429597748)
(-0.030938189664649493,-0.07196033509091884)
(-0.031073401975683028,-0.07228722707976615)
(-0.031207706478439342,-0.07261011724322097)
(-0.03134110056456967,-0.07292900272325699)
(-0.03147358166638023,-0.073243880822864)
(-0.0316051472568888,-0.07355474900580777)
(-0.031735794849647836,-0.07386160489625809)
(-0.031865521998702274,-0.07416444627862588)
(-0.03199432629859116,-0.0744632710971718)
(-0.0321222053842758,-0.07475807745569688)
(-0.03224915693104812,-0.07504886361733165)
(-0.03237517865443052,-0.07533562800411539)
(-0.032500268310288474,-0.07561836919679073)
(-0.03262442369450925,-0.07589708593442146)
(-0.032747642643172814,-0.07617177711401445)
(-0.03286992303235726,-0.07644244179032776)
(-0.03299126277809134,-0.0767090791754277)
(-0.03311165983631743,-0.0769716886383982)
(-0.03323111220280849,-0.0772302697049514)
(-0.03334961791307921,-0.07748482205714763)
(-0.03346717504238607,-0.07773534553299705)
(-0.033583781705569096,-0.07798184012607627)
(-0.03369943605702374,-0.07822430598525593)
(-0.03381413629064409,-0.07846274341421812)
(-0.033927880639728875,-0.07869715287117561)
(-0.034040667376892035,-0.07892753496846495)
(-0.03415249481402164,-0.07915389047213198)
(-0.034263361302217604,-0.07937622030158205)
(-0.03437326523163615,-0.07959452552921292)
(-0.034482205031522294,-0.07980880737997346)
(-0.03459017917003608,-0.0800190672309309)
(-0.03469718615421112,-0.08022530661099526)
(-0.03480322452992811,-0.08042752720035862)
(-0.03490829288172596,-0.08062573083018335)
(-0.035012389832799355,-0.08081991948214204)
(-0.03511551404493403,-0.08101009528803785)
(-0.03521766421833647,-0.08119626052926966)
(-0.03531883909162619,-0.08137841763657981)
(-0.03541903744171585,-0.08155656918942013)
(-0.03551825808374581,-0.08173071791565746)
(-0.03561649987097154,-0.08190086669107265)
(-0.03571376169472897,-0.0820670185389054)
(-0.03581004248426856,-0.08222917662940142)
(-0.035905341206748626,-0.08238734427940772)
(-0.035999656867082654,-0.0825415249518466)
(-0.0360929885079188,-0.08269172225526704)
(-0.03618533520941439,-0.08283793994337794)
(-0.03627669608934845,-0.08298018191461591)
(-0.036367070302828375,-0.08311845221159248)
(-0.0364564570423217,-0.08325275502067782)
(-0.03654485553753165,-0.08338309467143482)
(-0.03663226505529403,-0.08350947563624704)
(-0.03671868489945863,-0.0836319025297093)
(-0.036804114410868144,-0.08375038010817201)
(-0.03688855296715482,-0.08386491326930252)
(-0.03697199998272202,-0.08397550705145192)
(-0.037054454908682075,-0.08408216663324977)
(-0.03713591723258231,-0.08418489733305551)
(-0.037216386478557566,-0.08428370460840884)
(-0.037295862206984144,-0.08437859405556805)
(-0.037374344014509384,-0.08446957140893738)
(-0.03745183153401431,-0.0845566425405786)
(-0.03752832443432575,-0.08463981345959316)
(-0.037603822420254424,-0.08471909031171021)
(-0.037678325232447116,-0.08479447937865285)
(-0.03775183264728242,-0.08486598707760946)
(-0.037824344476793385,-0.08493361996073319)
(-0.037895860568492035,-0.08499738471450297)
(-0.03796638080530305,-0.08505728815927695)
(-0.038035905105531724,-0.08511333724862427)
(-0.03810443342259605,-0.08516553906886361)
(-0.038171965745074365,-0.08521390083841605)
(-0.038238502096464226,-0.08525842990728638)
(-0.03830404253518735,-0.0852991337564246)
(-0.03836858715438671,-0.08533601999726662)
(-0.038432136081862876,-0.08536909637102943)
(-0.03849468947998942,-0.08539837074822101)
(-0.038556247545514344,-0.08542385112798284)
(-0.03861681050951892,-0.08544554563755807)
(-0.03867637863729477,-0.08546346253165812)
(-0.03873495222815505,-0.08547761019187858)
(-0.038792531615446095,-0.08548799712612423)
(-0.03884911716632713,-0.08549463196794874)
(-0.038904709281723196,-0.08549752347597715)
(-0.03895930839611277,-0.08549668053335983)
(-0.03901291497756218,-0.08549211214704311)
(-0.039065529527403026,-0.08548382744723218)
(-0.03911715258031352,-0.08547183568674559)
(-0.03916778470412033,-0.08545614624042952)
(-0.039217426499581896,-0.08543676860445033)
(-0.0392660786004387,-0.08541371239578188)
(-0.03931374167318403,-0.08538698735144196)
(-0.03936041641692915,-0.08535660332795851)
(-0.03940610356336122,-0.08532257030076294)
(-0.03945080387656378,-0.08528489836334843)
(-0.03949451815290903,-0.0852435977269427)
(-0.03953724722090141,-0.08519867871951202)
(-0.039578991941132916,-0.08515015178542579)
(-0.03961975320607294,-0.08509802748460789)
(-0.039659531939936425,-0.08504231649193948)
(-0.03969832909866363,-0.08498302959662249)
(-0.039736145669699054,-0.084920177701497)
(-0.03977298267186209,-0.08485377182240927)
(-0.03980884115527944,-0.08478382308748267)
(-0.03984372220123677,-0.08471034273650825)
(-0.03987762692195615,-0.08463334212024337)
(-0.03991055646062047,-0.08455283269981008)
(-0.0399425119911747,-0.08446882604589226)
(-0.03997349471809765,-0.08438133383818822)
(-0.040003505876460524,-0.08429036786462994)
(-0.04003254673161498,-0.08419594002074375)
(-0.040060618579230975,-0.08409806230900976)
(-0.04008772274497729,-0.08399674683806548)
(-0.04011386058452664,-0.08389200582213092)
(-0.040139033483395606,-0.08378385158023965)
(-0.04016324285674855,-0.08367229653554849)
(-0.04018649014937419,-0.083557353214755)
(-0.0402087768354178,-0.08343903424719801)
(-0.040230104418353826,-0.0833173523643008)
(-0.04025047443076009,-0.08319232039884844)
(-0.04026988843430278,-0.08306395128426454)
(-0.04028834801944251,-0.0829322580538955)
(-0.04030585480540941,-0.08279725384031257)
(-0.04032241044007046,-0.08265895187458754)
(-0.0403380165996877,-0.08251736548558851)
(-0.040352674988924496,-0.08237250809931379)
(-0.04036638734053831,-0.08222439323807265)
(-0.04037915541540032,-0.08207303451978655)
(-0.04039098100224399,-0.08191844565738908)
(-0.04040186591758301,-0.08176064045795814)
(-0.04041181200557273,-0.08159963282205163)
(-0.04042082113778188,-0.08143543674296864)
(-0.040428895213162085,-0.08126806630602659)
(-0.04043603615787853,-0.08109753568784793)
(-0.04044224592512918,-0.08092385915559469)
(-0.04044752649496537,-0.08074705106619966)
(-0.04045187987430349,-0.08056712586576756)
(-0.04045530809659725,-0.08038409808868928)
(-0.04045781322183968,-0.08019798235696951)
(-0.04045939733633602,-0.0800087933794865)
(-0.040460062552537195,-0.0798165459512117)
(-0.040459811008984756,-0.07962125495256347)
(-0.04045864487010446,-0.07942293534850213)
(-0.04045656632604459,-0.07922160218791156)
(-0.040453577592596664,-0.0790172706028533)
(-0.040449680910996905,-0.07880995580770013)
(-0.04044487854775591,-0.07859967309851143)
(-0.04043917279462442,-0.07838643785218591)
(-0.04043256596828758,-0.07817026552578889)
(-0.04042506041030817,-0.07795117165574539)
(-0.04041665848703309,-0.07772917185706726)
(-0.04040736258925325,-0.0775042818226697)
(-0.04039717513234471,-0.07727651732253882)
(-0.040386098555769516,-0.0770458942029661)
(-0.040374135323258724,-0.07681242838588134)
(-0.04036128792242266,-0.0765761358679766)
(-0.04034755886475549,-0.07633703272001902)
(-0.040332950685378614,-0.07609513508601753)
(-0.04031746594292408,-0.07585045918256907)
(-0.040301107219414226,-0.07560302129794043)
(-0.04028387712008255,-0.0753528377914446)
(-0.040265778273227304,-0.07509992509255113)
(-0.04024681333002646,-0.07484429970020146)
(-0.04022698496447959,-0.07458597818201508)
(-0.04020629587312901,-0.07432497717348342)
(-0.040184748774991376,-0.07406131337724046)
(-0.040162346411428344,-0.07379500356227811)
(-0.04013909154587727,-0.073526064563144)
(-0.04011498696379243,-0.07325451327918789)
(-0.04009003547250407,-0.07298036667382249)
(-0.040064239900984566,-0.07270364177368256)
(-0.04003760309976388,-0.07242435566785209)
(-0.04001012794074659,-0.07214252550715915)
(-0.03998181731699944,-0.07185816850333451)
(-0.03995267414278587,-0.07157130192819708)
(-0.039922701353177194,-0.07128194311298831)
(-0.03989190190399193,-0.07099010944748549)
(-0.039860278771750246,-0.07069581837925237)
(-0.03982783495329443,-0.07039908741293138)
(-0.03979457346588035,-0.07009993410930612)
(-0.03976049734679664,-0.06979837608470742)
(-0.0397256096533312,-0.06949443101002804)
(-0.039689913462649926,-0.06918811661014533)
(-0.03965341187152729,-0.06887945066293405)
(-0.039616107996292026,-0.06856845099869838)
(-0.039578004972541776,-0.0682551354991864)
(-0.039539105955152754,-0.06793952209694407)
(-0.0394994141180082,-0.06762162877443613)
(-0.03945893265386308,-0.06730147356336602)
(-0.03941766477418633,-0.066979074543814)
(-0.03937561370903005,-0.06665444984341894)
(-0.03933278270685121,-0.0663276176367157)
(-0.03928917503434962,-0.06599859614421734)
(-0.03924479397632515,-0.06566740363174432)
(-0.039199642835501626,-0.06533405840954669)
(-0.03915372493235302,-0.06499857883158822)
(-0.03910704360501457,-0.06466098329468387)
(-0.039059602209034754,-0.06432129023783521)
(-0.0390114041173286,-0.06397951814129794)
(-0.038962452719837455,-0.06363568552592272)
(-0.03891275142358816,-0.06328981095227296)
(-0.03886230365242182,-0.06294191301993328)
(-0.03881111284674972,-0.06259201036661424)
(-0.038759182463587304,-0.06224012166752011)
(-0.038706515976250355,-0.061886265634376304)
(-0.038653116874238426,-0.061530461014816025)
(-0.03859898866309733,-0.06117272659146886)
(-0.03854413486423432,-0.060813081181301444)
(-0.03848855901474206,-0.060451543634705125)
(-0.03843226466729766,-0.06008813283478905)
(-0.038375255389944664,-0.059722867696589244)
(-0.03831753476593915,-0.05935576716630255)
(-0.03825910639365206,-0.05898685022044706)
(-0.038199973886331784,-0.05861613586514272)
(-0.03814014087199084,-0.058243643135298166)
(-0.03807961099320815,-0.05786939109382258)
(-0.03801838790702748,-0.05749339883089033)
(-0.03795647528476445,-0.05711568546313275)
(-0.03789387681180448,-0.056736270132828025)
(-0.03783059618751681,-0.05635517200721436)
(-0.03776663712506607,-0.05597241027758953)
(-0.03770200335124097,-0.055588004158683715)
(-0.03763669860630117,-0.05520197288772741)
(-0.037570726643834436,-0.0548143357237889)
(-0.03750409123056498,-0.05442511194695891)
(-0.03743679614619886,-0.05403432085756913)
(-0.03736884518330885,-0.05364198177547316)
(-0.037300242147122346,-0.05324811403917991)
(-0.03723099085540123,-0.05285273700518413)
(-0.037161095138220315,-0.05245587004712714)
(-0.03709055883790669,-0.05205753255507332)
(-0.03701938580875654,-0.0516577439346871)
(-0.036947579917035844,-0.051256523606553486)
(-0.036875145040618056,-0.05085389100528534)
(-0.03680208506904669,-0.05044986557893105)
(-0.03672840390316784,-0.050044466788025724)
(-0.0366541054551151,-0.0496377141049427)
(-0.03657919364811644,-0.049229627013133055)
(-0.036503672416271615,-0.048820225006304396)
(-0.036427545704493566,-0.04840952758771732)
(-0.03635081746827058,-0.04799755426938489)
(-0.03627349167353583,-0.047584324571359825)
(-0.03619557229654328,-0.04716985802092916)
(-0.036117063323613224,-0.046754174151907454)
(-0.036037968751103926,-0.04633729250386772)
(-0.03595829258512656,-0.045919232621342815)
(-0.035878038841480935,-0.04550001405316153)
(-0.03579721154543913,-0.045079656351626675)
(-0.0357158147316154,-0.04465817907181833)
(-0.035633852443816366,-0.04423560177083899)
(-0.035551328734862934,-0.043811944006982996)
(-0.03546824766642636,-0.043387225339120504)
(-0.03538461330889648,-0.042961465325909366)
(-0.035300429741185,-0.04253468352502107)
(-0.03521570105064513,-0.04210689949240909)
(-0.03513043133281145,-0.04167813278162087)
(-0.03504462469131634,-0.04124840294302203)
(-0.034958285237727336,-0.04081772952306662)
(-0.03487141709133251,-0.04038613206355786)
(-0.03478402437906995,-0.03995363010093252)
(-0.03469611123530755,-0.03952024316552292)
(-0.034607681801705155,-0.03908599078083427)
(-0.03451874022706094,-0.03865089246283786)
(-0.03442929066714897,-0.03821496771917038)
(-0.034339337284602575,-0.03777823604851494)
(-0.03424888424868992,-0.037340716939836566)
(-0.034157935735174054,-0.03690242987159715)
(-0.03406649592626453,-0.036463394311171474)
(-0.03397456901026998,-0.03602362971401385)
(-0.03388215918162125,-0.035583155523007025)
(-0.033789270640617756,-0.03514199116773479)
(-0.03369590759331953,-0.034700156063759306)
(-0.033602074251351276,-0.03425766961194808)
(-0.03350777483177895,-0.033814551197720186)
(-0.033413013556947896,-0.03337082019037686)
(-0.03331779465434147,-0.0329264959424175)
(-0.03322212235640624,-0.032481597788776)
(-0.033126000900403844,-0.03203614504616822)
(-0.03302943452825442,-0.031590157012385746)
(-0.032932427486447646,-0.03114365296563986)
(-0.03283498402577608,-0.030696652163779616)
(-0.03273710840126546,-0.03024917384368908)
(-0.03263880487199943,-0.02980123722057332)
(-0.0325400777009582,-0.029352861487246636)
(-0.032440931154922206,-0.028904065813485365)
(-0.0323413695042113,-0.028454869345337946)
(-0.032241397022646986,-0.028005291204407076)
(-0.032141017987331565,-0.0275553504872472)
(-0.03204023667855773,-0.02710506626464114)
(-0.03193905737956068,-0.02665445758090431)
(-0.03183748437649253,-0.02620354345329645)
(-0.031735521958174605,-0.025752342871285736)
(-0.031633174415988285,-0.02530087479588068)
(-0.03153044604372488,-0.02484915815901922)
(-0.031427341137456995,-0.02439721186288845)
(-0.03132386399532541,-0.023945054779230583)
(-0.0312200189174565,-0.023492705748721587)
(-0.03111581020580831,-0.023040183580334436)
(-0.031011242163983994,-0.022587507050634968)
(-0.030906319097107338,-0.022134694903196132)
(-0.030801045311681926,-0.02168176584788036)
(-0.030695425115447223,-0.021228738560300196)
(-0.030589462817218714,-0.02077563168104922)
(-0.030483162726750123,-0.020322463815168675)
(-0.03037652915457807,-0.019869253531466978)
(-0.030269566411890454,-0.019416019361895107)
(-0.03016227881039261,-0.018962779800895196)
(-0.03005467066211238,-0.018509553304814186)
(-0.029946746279326048,-0.018056358291258196)
(-0.029838509974349028,-0.01760321313844369)
(-0.029729966059454993,-0.017150136184631445)
(-0.02962111884667761,-0.016697145727462327)
(-0.029511972647702115,-0.01624426002337729)
(-0.029402531773702237,-0.015791497286968395)
(-0.029292800535216816,-0.015338875690418875)
(-0.0291827832419935,-0.014886413362835256)
(-0.029072484202864173,-0.01443412838971146)
(-0.028961907725586912,-0.013982038812283576)
(-0.02885105811671902,-0.01353016262693543)
(-0.02873993968145768,-0.013078517784621869)
(-0.02862855672352168,-0.01262712219027007)
(-0.028516913545021113,-0.01217599370216804)
(-0.02840501444626185,-0.011725150131416553)
(-0.02829286372567792,-0.011274609241322989)
(-0.02818046567965827,-0.0108243887468191)
(-0.02806782460241057,-0.010374506313882086)
(-0.027954944785822406,-0.009924979558990207)
(-0.027841830519324214,-0.009475826048493114)
(-0.027728486089776006,-0.009027063298103231)
(-0.027614915781295955,-0.008578708772291296)
(-0.02750112387514346,-0.008130779883737818)
(-0.027387114649590073,-0.007683293992770444)
(-0.027272892379758943,-0.00723626840680568)
(-0.027158461337536046,-0.006789720379796147)
(-0.02704382579138814,-0.006343667111687659)
(-0.026928990006252224,-0.005898125747858416)
(-0.026813958243402394,-0.005453113378575568)
(-0.02669873476031212,-0.005008647038463169)
(-0.026583323810535048,-0.00456474370596421)
(-0.02646772964354216,-0.004121420302788177)
(-0.02635195650462414,-0.003678693693395765)
(-0.026236008634758664,-0.003236580684462825)
(-0.026119890270443136,-0.002795098024358535)
(-0.026003605643606806,-0.0023542624026211103)
(-0.025887158981467165,-0.001914090449425012)
(-0.025770554506390264,-0.0014745987350971554)
(-0.02565379643576951,-0.0010358037695638454)
(-0.02553688898190807,-0.0005977220018683871)
(-0.025419836351869483,-0.00016036981965834618)
(-0.025302642747369566,0.0002762364513254104)
(-0.02518531236464853,0.0007120805477345882)
(-0.025067849394328802,0.0011471462691387837)
(-0.02495025802129793,0.001581417478477356)
(-0.02483254242460388,0.0020148781025860767)
(-0.0247147067772874,0.0024475121326652163)
(-0.02459675524629409,0.0028793036247752616)
(-0.024478691992327262,0.003310236700299408)
(-0.02436052116975894,0.0037402955464432546)
(-0.0242422469264573,0.004169464416687485)
(-0.02412387340370712,0.004597727631272318)
(-0.02400540473605142,0.005025069577665686)
(-0.023886845051226253,0.00545147471101324)
(-0.023768198469966712,0.005876927554608532)
(-0.02364946910593826,0.00630141270034677)
(-0.02353066106560621,0.006724914809187311)
(-0.023411778448101907,0.007147418611582336)
(-0.0232928253451228,0.007568908907945038)
(-0.023173805840799637,0.007989370569085007)
(-0.023054724011594842,0.008408788536643794)
(-0.022935583926163364,0.00882714782353987)
(-0.022816389645255217,0.009244433514385659)
(-0.022697145221578275,0.00966063076593802)
(-0.022577854699721425,0.010075724807503718)
(-0.022458522115985802,0.010489700941378846)
(-0.022339151498313246,0.010902544543255371)
(-0.022219746866162432,0.011314241062635838)
(-0.022100312230378838,0.011724776023262376)
(-0.02198085159309877,0.012134135023505245)
(-0.021861368947622254,0.012542303736761087)
(-0.021741868278321686,0.012949267911890815)
(-0.021622353560514923,0.013355013373583769)
(-0.021502828760361126,0.013759526022746433)
