(-4.2787157640065125e-12,-67.20364849078392)
(-1.0694504018959636,-67.18749181710528)
(-2.137530506511093,-67.13905661656379)
(-3.202874696632322,-67.05844717778682)
(-4.264126683246626,-66.9458367405244)
(-5.319944090228247,-66.80146663913037)
(-6.369002944737227,-66.62564511420439)
(-7.410002043584137,-66.41874580297966)
(-8.441667167213268,-66.18120592180742)
(-9.4627551146631,-65.91352415666799)
(-10.472057534845295,-65.61625827999795)
(-11.468404531709279,-65.29002251423366)
(-12.450668023291904,-64.93548466430765)
(-13.41776483725183,-64.55336304288019)
(-14.368659528215712,-64.14442321332564)
(-15.302366905075873,-63.709474576419424)
(-16.21795425923598,-63.24936682728)
(-17.1145432876611,-62.76498630941537)
(-17.991311707412365,-62.25725229271485)
(-18.847494561097978,-61.7271132019248)
(-19.68238521531658,-61.17554282156946)
(-20.49533605667688,-60.60353650244695)
(-21.285758892321063,-60.01210739376631)
(-22.053125064037395,-59.402282723724)
(-22.79696528700039,-58.77510014987305)
(-23.516869225912224,-58.1316041990436)
(-24.21248482282573,-57.47284281486207)
(-24.883517392203867,-56.79986402911375)
(-25.529728499809668,-56.11371277133099)
(-26.150934642828208,-55.41542782909392)
(-26.747005749203186,-54.706038969626945)
(-27.31786351453432,-53.98656423138994)
(-27.863479595038445,-53.258007392515495)
(-28.38387367504215,-52.5213556211564)
(-28.87911142726008,-51.77757731109729)
(-29.34930238373901,-51.02762010436154)
(-29.794597734829793,-50.272409101028394)
(-30.21518807290581,-49.51284525506839)
(-30.611301096795138,-48.749803953718846)
(-30.983199292052927,-47.98413377675784)
(-31.331177601287433,-47.21665543099939)
(-31.655561097784446,-46.44816085442178)
(-31.956702674666946,-45.67941248355814)
(-32.23498076079417,-44.91114267711541)
(-32.490797073560145,-44.144053288247)
(-32.72457441770999,-43.3788153774728)
(-32.936754538261575,-42.61606905791901)
(-33.127796034613326,-41.85642346432696)
(-33.29817234194084,-41.10045683714921)
(-33.44836978631999,-40.34871677209352)
(-33.57888571915888,-39.60172027357066)
(-33.690226709231446,-38.859954480182815)
(-33.78290685659212,-38.12387689330229)
(-33.85744616388211,-37.393915964118904)
(-33.914369000186014,-36.670471687936704)
(-33.95420265146475,-35.95391625568696)
(-33.97747595737567,-35.24459475475873)
(-33.98471803399025,-34.54282591223761)
(-33.97645708143263,-33.84890287391896)
(-33.9532192750487,-33.16309401284312)
(-33.915527738360986,-32.48564376148951)
(-33.86390159575514,-31.816773462157645)
(-33.79885510258067,-31.156682230456607)
(-33.72089685012914,-30.50554782721239)
(-33.630529042773475,-29.863527534484422)
(-33.528246844409146,-29.23075903175565)
(-33.41453779123064,-28.60736126872135)
(-33.28988126779907,-27.993435331450403)
(-33.154748043308146,-27.389065299026463)
(-33.00959986493296,-26.79431908809441)
(-32.85488910514508,-26.20924928303959)
(-32.6910584598973,-25.633893949811753)
(-32.51854069461841,-25.068277431673824)
(-32.33775843501135,-24.512411125405837)
(-32.14912399971309,-23.966294236727194)
(-31.9530392719517,-23.429914513917176)
(-31.749895607422165,-22.903248958812835)
(-31.540073775695305,-22.38626451454656)
(-31.32394393257429,-21.878918729554034)
(-31.101865620916733,-21.38116039753491)
(-30.87418779754729,-20.89293017318798)
(-30.641248883995683,-20.4141611636665)
(-30.403376838904755,-19.944779495811268)
(-30.16088925006406,-19.484704859318914)
(-29.914093444134448,-19.033851026090574)
(-29.66328661232382,-18.592126346187975)
(-29.408755949800995,-18.15943422016224)
(-29.15077880842039,-17.73567354976428)
(-28.889622859725595,-17.320739165460793)
(-28.625546267913737,-16.914522232845474)
(-28.35879787102226,-16.516910637904164)
(-28.08961736917994,-16.127789351838977)
(-27.818235518785336,-15.747040776077267)
(-27.544874331560052,-15.374545068107347)
(-27.26974727750527,-15.010180448795479)
(-26.993059490866845,-14.653823491845595)
(-26.715007978287215,-14.30534939606755)
(-26.435781828391526,-13.964632241119137)
(-26.155562422120873,-13.631545227384828)
(-25.874523643186933,-13.305960900648017)
(-25.592832088080613,-12.987751362206167)
(-25.310647275121664,-12.67678846506807)
(-25.0281218520854,-12.372943996858165)
(-24.745401801996827,-12.076089850048167)
(-24.46262664671582,-11.786098180107228)
(-24.179929647989855,-11.502841552160735)
(-23.89743800568247,-11.226193076723192)
(-23.615273052923502,-10.956026535055802)
(-23.333550447960384,-10.692216494682265)
(-23.05238036251993,-10.434638415577751)
(-22.77186766651813,-10.183168747528084)
(-22.492112108984042,-9.937685019140437)
(-22.213208495080057,-9.6980659189602)
(-21.935246859135233,-9.464191369145183)
(-21.658312633615946,-9.235942592115588)
(-21.38248681398376,-9.013202170589299)
(-21.1078461194047,-8.795854101391795)
(-20.834463149289128,-8.583783843413059)
(-20.56240653565558,-8.376878360067424)
(-20.291741091323615,-8.175026156595564)
(-20.02252795395233,-7.978117312532315)
(-19.754824725950584,-7.786043509648265)
(-19.48868561029413,-7.598698055658185)
(-19.224161542292563,-7.4159759039748865)
(-18.96130031735573,-7.237773669772953)
(-18.700146714815652,-7.063989642613403)
(-18.440742617864984,-6.894523795867285)
(-18.18312712967772,-6.729277793163507)
(-17.927336685781846,-6.56815499207447)
(-17.67340516275675,-6.411060445241295)
(-17.42136398333131,-6.257900899129339)
(-17.17124221796033,-6.108584790594374)
(-16.92306668295931,-5.963022241429297)
(-16.676862035278724,-5.821125051051815)
(-16.432650863999807,-5.682806687484211)
(-16.190453778634847,-5.547982276767518)
(-15.950289494315113,-5.416568590943879)
(-15.712174913949797,-5.288484034733132)
(-15.476125207438933,-5.163648631021778)
(-15.242153888023198,-5.041984005275424)
(-15.01027288585266,-4.923413368978908)
(-14.780492618855783,-4.807861502201696)
(-14.552822060989335,-4.695254735380048)
(-14.32726880794843,-4.58552093040163)
(-14.10383914041501,-4.478589461072569)
(-13.882538084921883,-4.3743911930418165)
(-13.663369472407625,-4.272858463252641)
(-13.44633599453693,-4.17392505898651)
(-13.231439257858824,-4.077526196559921)
(-13.018679835874119,-3.983598499730882)
(-12.808057319081565,-3.892079977867495)
(-12.599570363070871,-3.8029100039274657)
(-12.393216734728773,-3.7160292922939306)
(-12.188993356623016,-3.6313798765094356)
(-11.986896349627125,-3.5489050869470034)
(-11.786921073847592,-3.468549528454063)
(-11.589062167912795,-3.390259058002506)
(-11.393313586681975,-3.31398076237512)
(-11.199668637433575,-3.2396629359195894)
(-11.008120014569698,-3.1672550583781907)
(-10.818659832933104,-3.0967077728609094)
(-10.631279659732472,-3.027972863924366)
(-10.445970545166071,-2.9610032358209435)
(-10.262723051776689,-2.895752890918122)
(-10.081527282587155,-2.832176908307279)
(-9.902372908061709,-2.7702314226167895)
(-9.725249191937182,-2.7098736030426056)
(-9.550145015966386,-2.6510616326084047)
(-9.37704890361482,-2.593754687665816)
(-9.205949042750396,-2.5379129176442983)
(-9.036833307364526,-2.483497425058976)
(-8.869689278361655,-2.430470245783701)
(-8.70450426345301,-2.378794329595781)
(-8.54126531618918,-2.3284335209976326)
(-8.379959254164667,-2.27935254032011)
(-8.220572676426745,-2.2315169651111906)
(-8.063091980119474,-2.1848932118132134)
(-7.907503376392684,-2.1394485177310467)
(-7.753792905604894,-2.0951509232930885)
(-7.601946451847733,-2.051969254606355)
(-7.451949756818562,-2.0098731063064683)
(-7.303788433067234,-1.9688328247028486)
(-7.157447976641685,-1.9288194912190597)
(-7.012913779156322,-1.8898049061277362)
(-6.870171139306284,-1.8517615725792373)
(-6.729205273849803,-1.8146626809228419)
(-6.5900013280800565,-1.7784820933188512)
(-6.452544385807186,-1.7431943286398648)
(-6.31681947887028,-1.7087745476589715)
(-6.182811596198441,-1.6751985385225883)
(-6.050505692439312,-1.6424427025052364)
(-5.919886696172691,-1.6104840400435274)
(-5.790939517726242,-1.579300137046255)
(-5.663649056609525,-1.5488691514775261)
(-5.538000208582055,-1.519169800209575)
(-5.41397787237039,-1.4901813461419)
(-5.291566956048709,-1.461883585583216)
(-5.170752383096724,-1.4342568358926195)
(-5.051519098148325,-1.4072819233764347)
(-4.933852072443747,-1.3809401714369218)
(-4.817736308997666,-1.3552133889692592)
(-4.70315684749504,-1.330083859002923)
(-4.590098768924052,-1.305534327679808)
(-4.478547200002754,-1.2815479929923574)
(-4.3684873172108025,-1.258108494689853)
(-4.259904350817274,-1.2351999035089236)
(-4.152783588544451,-1.2128067110609502)
(-4.0471103790564795,-1.190913819858822)
(-3.9428701352469826,-1.1695065335607735)
(-3.840048337334487,-1.1485705474273584)
(-3.738630535773793,-1.128091938987837)
(-3.6386023539912467,-1.108057158911658)
(-3.539949490951564,-1.0884530220817543)
(-3.442657723563595,-1.0692666988653994)
(-3.3467129089318974,-1.0504857065789746)
(-3.2521009864610564,-1.0320979011428892)
(-3.158807979819029,-1.0140914689228837)
(-3.066819998765951,-0.9964549187540607)
(-2.976123240854139,-0.97917707414397)
(-2.8867039930051996,-0.962247065651158)
(-2.798548632969609,-0.9456543234356027)
(-2.711643630674133,-0.9293885699775514)
(-2.6259755494620425,-0.9134398129612452)
(-2.5415310472310546,-0.8977983383201654)
(-2.4582968774736034,-0.8824547034403917)
(-2.376259890223989,-0.8673997305187771)
(-2.2954070329163256,-0.8526245000726618)
(-2.215725351158221,-0.8381203445979368)
(-2.137201989423012,-0.8238788423722514)
(-2.0598241916653475,-0.8098918114002351)
(-1.9835793018628591,-0.7961513034978535)
(-1.9084547644882142,-0.7826495985126234)
(-1.8344381249142592,-0.7693791986769412)
(-1.7615170297557123,-0.7563328230915406)
(-1.6896792271504404,-0.7435034023362683)
(-1.6189125669831637,-0.730884073205349)
(-1.5492050010545046,-0.7184681735644448)
(-1.480544583197979,-0.7062492373267704)
(-1.412919469347577,-0.694220989545683)
(-1.346317917558343,-0.6823773416211106)
(-1.2807282879823685,-0.6707123866173159)
(-1.216139042802432,-0.6592203946895036)
(-1.1525387461254895,-0.6478958086168326)
(-1.0899160638380434,-0.6367332394394534)
(-1.028259763425442,-0.6257274621972302)
(-0.9675587137569622,-0.6148734117678623)
(-0.9078018848385573,-0.6041661788021631)
(-0.8489783475349354,-0.5936010057542952)
(-0.7910772732627493,-0.5831732830048343)
(-0.7340879336563899,-0.572878545074525)
(-0.6779997002080065,-0.5627124669267075)
(-0.6228020438831394,-0.5526708603563709)
(-0.5684845347134575,-0.5427496704638821)
(-0.5150368413678449,-0.5329449722114485)
(-0.46244873070320774,-0.5232529670604397)
(-0.41071006729615805,-0.5136699796877134)
(-0.3598108129568189,-0.5041924547791432)
(-0.3097410262257951,-0.49481695389859137)
(-0.26049086185545073,-0.48554015243057874)
(-0.21205057027648838,-0.47635883659500144)
(-0.1644104970508008,-0.46726990053219)
(-0.11756108231155728,-0.4582703434567587)
(-0.0714928601913996,-0.4493572668786117)
(-0.02619645823962056,-0.4405278718896029)
(0.018337403170894856,-0.43177945651432054)
(0.062117911446152974,-0.4231094131235412)
(0.10515416238213666,-0.414515225908861)
(0.14745516078407078,-0.40599446841720416)
(0.18902982109280614,-0.3975448011437046)
(0.22988696801792516,-0.3891639691817114)
(0.2700353371769033,-0.3808497999285416)
(0.30948357573970026,-0.3726002008457593)
(0.34824024307827295,-0.36441315727265605)
(0.38631381142041654,-0.35628673029176794)
(0.4237126665074902,-0.34821905464519426)
(0.4604451082555012,-0.34020833670056017)
(0.4965193514190929,-0.3322528524654861)
(0.5319435262580149,-0.32435094564943895)
(0.5667256792056566,-0.31650102577186906)
(0.6008737735392112,-0.3087015663155853)
(0.6343956900511604,-0.30095110292431826)
(0.6672992277216446,-0.29324823164343394)
(0.699592104391447,-0.2855916072028508)
(0.731281957435225,-0.27797994134114545)
(0.7623763444346832,-0.27041200116991393)
(0.7928827438514374,-0.2628866075774718)
(0.8228085556992267,-0.25540263367097954)
(0.8521611022152837,-0.24795900325610828)
(0.8809476285305511,-0.24055468935337346)
(0.9091753033385697,-0.23318871275031977)
(0.9368512195627514,-0.22586014058869794)
(0.963982395021894,-0.2185680849858552)
(0.9905757730936884,-0.21131170168954516)
(1.0166382233760627,-0.2040901887653687)
(1.0421765423461684,-0.19690278531613933)
(1.067197454016872,-0.18974877023238199)
(1.091707610590554,-0.18262746097330623)
(1.1157135931101059,-0.1755382123775163)
(1.1392219121069833,-0.16848041550279452)
(1.1622390082461842,-0.16145349649427265)
(1.1847712529679935,-0.15445691548037796)
(1.206824949126467,-0.14749016549586202)
(1.2284063316244644,-0.1405527714313583)
(1.2495215680451874,-0.1336442890087983)
(1.2701767592800965,-0.12676430378214454)
(1.290377940153147,-0.1199124301628361)
(1.3101310800412467,-0.11308831046938314)
(1.3294420834908716,-0.10629161400057305)
(1.3483167908307403,-0.0995220361317351)
(1.3667609787805532,-0.09277929743353057)
(1.3847803610556413,-0.08606314281277692)
(1.402380588967542,-0.0793733406747779)
(1.4195672520204237,-0.07270968210667487)
(1.4363458785033247,-0.06607198008132588)
(1.4527219360781425,-0.059460068681268644)
(1.4687008323633743,-0.05287380234227576)
(1.4842879155135353,-0.046313055116054686)
(1.4994884747942698,-0.039777719951669344)
(1.5143077411531043,-0.03326770799524877)
(1.5287508877858151,-0.02678294790751919)
(1.5428230306984554,-0.020323385198839968)
(1.5565292292649373,-0.013888981581216034)
(1.569874486780247,-0.007479714337073917)
(1.5828637510092456,-0.0010955757041787228)
(1.59550191473105,0.00526342772342166)
(1.6077938162790346,0.01159727557896151)
(1.6197442400763769,0.01790593429132134)
(1.631357917167244,0.024189357638530903)
(1.6426395257435726,0.030447487286748873)
(1.653593691667423,0.0366802533150709)
(1.6642249889889584,0.042887574726424786)
(1.6745379404600473,0.04906935994495417)
(1.6845370180434602,0.05522550730009001)
(1.6942266434176991,0.06135590549770963)
(1.7036111884774385,0.06746043407860619)
(1.7126949758296062,0.07353896386460275)
(1.7214822792850972,0.079591357392561)
(1.7299773243461298,0.0856174693366075)
(1.7381842886892511,0.09161714691881168)
(1.7461073026440168,0.09759023030863909)
(1.753750449667346,0.10353655301136619)
(1.761117766813577,0.10945594224583872)
(1.7682132452002424,0.11534821931170819)
(1.7750408304696343,0.12121319994650501)
(1.7816044232460655,0.1270506946727179)
(1.7879078795890642,0.13286050913515113)
(1.7939550114423177,0.13864244442879717)
(1.7997495870785924,0.14439629741740453)
(1.8052953315405478,0.15012186104302602)
(1.8105959270775631,0.15581892462667948)
(1.8156550135785636,0.16148727416035152)
(1.8204761890009473,0.16712669259051394)
(1.8250630097955842,0.17273696009336292)
(1.8294189913279746,0.17831785434189582)
(1.8335476082955755,0.183869150765069)
(1.8374522951412975,0.18939062279911045)
(1.8411364464632352,0.19488204213120502)
(1.8446034174205908,0.20034317893571363)
(1.847856524135828,0.20577380210304297)
(1.8508990440930664,0.2111736794613505)
(1.8537342165326496,0.21654257799127086)
(1.8563652428419943,0.22188026403378613)
(1.858795286942603,0.22718650349146052)
(1.8610274756733063,0.232461062023192)
(1.8630648991697492,0.23770370523266712)
(1.8649106112400997,0.2429141988507217)
(1.8665676297370188,0.24809230891175546)
(1.8680389369259227,0.2532378019244238)
(1.8693274798496424,0.2583504450367842)
(1.8704361706893995,0.2634300061960315)
(1.8713678871223807,0.26847625430302785)
(1.8721254726757497,0.27348895936174195)
(1.872711737077404,0.27846789262375765)
(1.8731294566034116,0.2834128267279388)
(1.8733813744223256,0.288323535835358)
(1.8734702009363509,0.2931997957595822)
(1.8733986141195786,0.2980413840923555)
(1.8731692598532177,0.30284808032467764)
(1.8727847522579717,0.30761966596346896)
(1.8722476740235146,0.31235592464364437)
(1.8715605767350973,0.3170566422357609)
(1.8707259811973047,0.32172160694924423)
(1.8697463777548493,0.3263506094311772)
(1.8686242266103896,0.33094344286081795)
(1.8673619581392795,0.3354999030397797)
(1.8659619731990367,0.3400197884771837)
(1.864426643446094,0.3445029004758663)
(1.8627583116288466,0.34894904320365205)
(1.8609592918970355,0.353358023772787)
(1.8590318700982407,0.3577296523095719)
(1.8569783040728047,0.36206374202209884)
(1.8548008239453222,0.366360109264917)
(1.8525016324128536,0.37061857360087336)
(1.8500829050298842,0.3748389578603531)
(1.847546790490197,0.3790210881980986)
(1.844895410905858,0.3831647941477819)
(1.842130862083495,0.38726990867440503)
(1.8392552137980551,0.39133626822467177)
(1.8362705100643413,0.3953637127752832)
(1.8331787694064474,0.3993520858791288)
(1.8299819851253663,0.4033012347093512)
(1.8266821255648185,0.40721101010105765)
(1.8232811343755224,0.4110812665906201)
(1.819780929366376,0.4149118591049946)
(1.8161834075067766,0.4187026567721105)
(1.8124904395142523,0.42245352194041375)
(1.8087038729411336,0.42616432426548556)
(1.8048255319376296,0.4298349372408886)
(1.8008572175003446,0.43346523822070004)
(1.7968007077182364,0.43705510844007345)
(1.7926577580163352,0.44060443303375885)
(1.7884301013970403,0.44411310105279966)
(1.7841194486791314,0.4475810054793012)
(1.7797274887344634,0.4510080432394374)
(1.7752558887224068,0.45439411521470413)
(1.770706294322007,0.4577391262514475)
(1.7660803299619159,0.46104298516872944)
(1.761379599048146,0.46430560476462146)
(1.7566056841895423,0.4675269018208976)
(1.7517601474212268,0.47070679710621677)
(1.746844530425715,0.47384521537780705)
(1.741860354752103,0.4769420853817798)
(1.7368091220329547,0.47999733985198745)
(1.731692314199233,0.48301091550756325)
(1.7265113936931162,0.48598275304910094)
(1.7212678036787346,0.4889127971536779)
(1.7159629682509316,0.4918009964684957)
(1.7105982926420042,0.4946473036034537)
(1.7051751634263972,0.4974516751224541)
(1.6996949487234945,0.5002140715336869)
(1.6941589983984349,0.5029344572787482)
(1.6885686442609351,0.5056128007207445)
(1.6829252002623236,0.5082490741313628)
(1.6772299626905023,0.5108432536769393)
(1.6714842103632126,0.5133953194036182)
(1.6656892048192682,0.5159052552215218)
(1.6598461905080635,0.518373048888086)
(1.6539563949772103,0.5207986919905039)
(1.6480210290583366,0.5231821799273085)
(1.6420412870511076,0.5255235118891876)
(1.636018346905512,0.5278226908390452)
(1.629953370402305,0.5300797234912065)
(1.6238475033318192,0.5322946202900363)
(1.6177018756708692,0.534467395387745)
(1.6115176017581714,0.536598066621587)
(1.605295780467847,0.5386866554903604)
(1.599037495381426,0.5407331871303752)
(1.59274381495803,0.5427376902906949)
(1.5864157927030416,0.5447001973078947)
(1.5800544673350319,0.5466207440802361)
(1.5736608629511137,0.5484993700413033)
(1.5672359891907268,0.5503361181331379)
(1.5607808413977398,0.5521310347788817)
(1.5542964007810667,0.5538841698549759)
(1.5477836345736702,0.555595576662848)
(1.5412434961900283,0.5572653119002298)
(1.5346769253820791,0.5588934356320504)
(1.528084848393655,0.5604800112609462)
(1.5214681781133554,0.5620251054973456)
(1.514827814226014,0.5635287883292883)
(1.5081646433626112,0.5649911329918331)
(1.5014795392487816,0.5664122159361968)
(1.4947733628518194,0.5677921167985253)
(1.488046962526298,0.5691309183684637)
(1.4813011741582005,0.5704287065573972)
(1.4745368213077246,0.5716855703664374)
(1.467754715350582,0.5729016018542019)
(1.4609556556180199,0.5740768961043241)
(1.4541404295353904,0.5752115511928118)
(1.4473098127593744,0.5763056681551276)
(1.4404645693139269,0.5773593509531731)
(1.4336054517247303,0.5783727064420161)
(1.4267332011525062,0.5793458443365536)
(1.4198485475248541,0.5802788771779401)
(1.412952209666955,0.5811719202999607)
(1.4060448954307705,0.5820250917951975)
(1.3991273018231913,0.5828385124812104)
(1.3922001151327217,0.5836123058664866)
(1.3852640110550865,0.584346598116375)
(1.3783196548174272,0.585041518018988)
(1.3713677013014092,0.5856971969509092)
(1.3644087951649848,0.5863137688430204)
(1.3574435709630441,0.5868913701460756)
(1.350472653266812,0.5874301397964873)
(1.3434966567820406,0.5879302191818153)
(1.3365161864660913,0.5883917521064965)
(1.3295318376437801,0.5888148847574003)
(1.3225441961221052,0.5891997656694289)
(1.3155538383037895,0.5895465456911579)
(1.3085613312997313,0.5898553779504723)
(1.3015672330402843,0.590126417820226)
(1.2945720923854773,0.5903598228839372)
(1.2875764492340307,0.5905557529015582)
(1.2805808346313885,0.5907143697752236)
(1.2735857708765566,0.5908358375151362)
(1.266591771627968,0.5909203222054819)
(1.2595993420081815,0.5909679919703814)
(1.2526089787075843,0.5909790169399735)
(1.2456211700870103,0.5909535692165715)
(1.2386363962793476,0.5908918228408693)
(1.2316551292900755,0.5907939537582891)
(1.224677833096832,0.5906601397854264)
(1.2177049637478907,0.5904905605765638)
(1.2107369694597379,0.5902853975903319)
(1.2037742907135556,0.5900448340564829)
(1.1968173603507775,0.5897690549427946)
(1.1898666036676102,0.5894582469220876)
(1.1829224385086956,0.5891125983393324)
(1.1759852753596778,0.5887322991790398)
(1.1690555174388684,0.5883175410325927)
(1.1621335607880605,0.5878685170659096)
(1.1552197943622289,0.5873854219871046)
(1.1483146001184774,0.5868684520144396)
(1.1414183531039277,0.5863178048443183)
(1.1345314215428122,0.5857336796195086)
(1.1276541669225557,0.585116276897546)
(1.1207869440790836,0.5844657986192205)
(1.1139301012811107,0.5837824480773433)
(1.1070839803136594,0.5830664298855864)
(1.1002489165606653,0.5823179499476168)
(1.0934252390866837,0.5815372154262983)
(1.0866132707178113,0.5807244347131382)
(1.0798133281216904,0.5798798173979391)
(1.0730257218867538,0.579003574238589)
(1.0662507566005246,0.578095917131085)
(1.059488730927219,0.577157059079727)
(1.0527399376844067,0.5761872141675223)
(1.0460046639189586,0.5751865975268021)
(1.0392831909821405,0.5741554253100273)
(1.0325757946039054,0.5730939146607685)
(1.0258827449664165,0.5720022836849565)
(1.0192043067768062,0.5708807514222871)
(1.0125407393391046,0.5697295378178685)
(1.0058922966254298,0.5685488636940382)
(0.9992592273464465,0.5673389507224744)
(0.9926417750210108,0.5661000213963896)
(0.9860401780450926,0.5648322990031155)
(0.9794546697599842,0.5635360075967171)
(0.9728854785197285,0.5622113719709849)
(0.966332827757859,0.5608586176325314)
(0.9597969360533596,0.5594779707741987)
(0.9532780171959959,0.5580696582486128)
(0.9467762802508564,0.5566339075419781)
(0.9402919296222397,0.555170946748195)
(0.933825165116815,0.5536810045429841)
(0.9273761820061467,0.5521643101584903)
(0.9209451710884401,0.5506210933579077)
(0.9145323187497257,0.5490515844104845)
(0.9081378070242562,0.5474560140665834)
(0.901761813654355,0.545834613533198)
(0.8954045121494929,0.5441876144494402)
(0.8890660718448117,0.5425152488624967)
(0.8827466579589041,0.5408177492035807)
(0.8764464316510607,0.5390953482643766)
(0.8701655500777901,0.537348279173428)
(0.8639041664487179,0.5355767753729906)
(0.8576624300819466,0.5337810705959672)
(0.8514404864587183,0.5319613988431673)
(0.8452384772774447,0.5301179943607037)
(0.8390565405072247,0.5282510916177034)
(0.8328948104406771,0.5263609252841948)
(0.8267534177462159,0.5244477302092261)
(0.8206324895197245,0.5225117413992502)
(0.814532149335657,0.5205531939967006)
(0.8084525172975328,0.518572323258801)
(0.8023937100879234,0.5165693645366181)
(0.7963558410177465,0.5145445532543182)
(0.7903390200751386,0.5124981248886852)
(0.7843433539736893,0.5104303149488204)
(0.7783689462001186,0.508341358956087)
(0.7724158970614485,0.5062314924243321)
(0.7664843037315983,0.5041009508402327)
(0.7605742602974752,0.5019499696439355)
(0.7546858578044776,0.4997787842099105)
(0.7488191843015434,0.4975876298280159)
(0.7429743248856192,0.49537674168478746)
(0.7371513617456281,0.4931463548449456)
(0.7313503742059311,0.49089670423316384)
(0.7255714387692858,0.4886280246159698)
(0.7198146291592851,0.48634055058396103)
(0.7140800163623331,0.48403451653416324)
(0.708367668669056,0.48171015665268185)
(0.7026776517153215,0.4793677048974891)
(0.6970100285226871,0.4770073949814837)
(0.691364859538427,0.4746294603557297)
(0.6857422026750575,0.4722341341929694)
(0.6801421133493637,0.4698216493712567)
(0.6745646445210891,0.4673922384578791)
(0.6690098467309445,0.4649461336934734)
(0.663477768138392,0.462483566976312)
(0.6579684545588278,0.4600047698468608)
(0.6524819495003467,0.45750997347247957)
(0.6470182942000962,0.4549994086324121)
(0.6415775276601813,0.4524733057028702)
(0.6361596866831019,0.4499318946424431)
(0.6307648059067957,0.44737540497759987)
(0.6253929178392488,0.4448040657884913)
(0.6200440528926551,0.44221810569488795)
(0.6147182394172134,0.4396177528423403)
(0.6094155037344514,0.4370032348885165)
(0.6041358701701792,0.4343747789898121)
(0.5988793610870172,0.43173261178803585)
(0.5936459969165334,0.4290769593974124)
(0.588435796190976,0.42640804739168425)
(0.5832487755746185,0.42372610079147094)
(0.5780849498947139,0.42103134405177817)
(0.5729443321720484,0.41832400104973105)
(0.5678269336511433,0.41560429507246915)
(0.5627327638300474,0.4128724488052372)
(0.5576618304897772,0.41012868431967964)
(0.5526141397233753,0.40737322306228246)
(0.5475896959645921,0.40460628584306035)
(0.542588502016242,0.40182809282435045)
(0.537610559078158,0.39903886350984435)
(0.5326558667748091,0.39623881673379474)
(0.5277244231825607,0.3934281706503544)
(0.5228162248566166,0.3906071427231758)
(0.5179312668575304,0.38777594971508744)
(0.5130695427775065,0.3849348076780247)
(0.5082310447662387,0.38208393194311446)
(0.5034157635564849,0.379223537110885)
(0.49862368848930977,0.3763538370417321)
(0.49385480753892874,0.37347504484647254)
(0.4891091073373443,0.37058737287711035)
(0.4843865731985779,0.36769103271777315)
(0.4796871891425799,0.36478623517578485)
(0.4750109379188724,0.3618731902729289)
(0.4703578010298712,0.35895210723685794)
(0.46572775875387007,0.35602319449267894)
(0.4611207901677452,0.3530866596546947)
(0.45653687316934644,0.3501427095182846)
(0.45197598449960824,0.3471915500519727)
(0.4474380997643504,0.34423338638964024)
(0.4429231934558047,0.34126842282287956)
(0.4384312389737939,0.33829686279353627)
(0.4339622086467282,0.3353189088863344)
(0.4295160737522239,0.3323347628217622)
(0.4250928045375053,0.32934462544898835)
(0.42069237023948486,0.32634869673900746)
(0.41631473910460054,0.32334717577791683)
(0.41195987840836046,0.3203402607602917)
(0.4076277544746825,0.3173281489827793)
(0.4033183326948406,0.3143110368377752)
(0.3990315775463001,0.3112891198072738)
(0.3947674526111665,0.30826259245683896)
(0.3905259205944833,0.3052316484297382)
(0.3863069433421816,0.3021964804411807)
(0.38211048185886626,0.2991572802727184)
(0.3779364963252737,0.29611423876678966)
(0.37378494611555774,0.29306754582135053)
(0.36965578981428354,0.2900173903846761)
(0.36554898523319984,0.28696396045031375)
(0.36146448942776743,0.2839074430520893)
(0.3574022587134731,0.28084802425933825)
(0.35336224868187455,0.27778588917216906)
(0.3493444142164662,0.274721221916932)
(0.3453487095082711,0.2716542056417702)
(0.34137508807122274,0.2685850225122782)
(0.3374235027573754,0.26551385370735386)
(0.33349390577178145,0.26244087941507876)
(0.3295862486872935,0.25936627882878555)
(0.32570048245903743,0.2562902301432206)
(0.32183655743874023,0.25321291055081285)
(0.3179944233887999,0.25013449623808404)
(0.3141740294962152,0.24705516238214378)
(0.31037532438623106,0.2439750831473258)
(0.30659825613586056,0.24089443168190977)
(0.3028427722871362,0.2378133801149847)
(0.2991088198602203,0.23473209955338759)
(0.29539634536627546,0.2316507600787742)
(0.2917052948202016,0.22856953074480227)
(0.2880356137530915,0.22548857957438506)
(0.28438724722459824,0.22240807355708314)
(0.2807601398350367,0.2193281786466093)
(0.2771542357373629,0.21624905975838907)
(0.2735694786489142,0.21317088076725252)
(0.270005811863023,0.2100938045052482)
(0.26646317826040866,0.2070179927595045)
(0.2629415203204408,0.2039436062702381)
(0.2594407801321644,0.20087080472881175)
(0.2559608994052243,0.19779974677594156)
(0.252501819480579,0.19473058999994391)
(0.24906348134104006,0.1916634909351202)
(0.24564582562170084,0.18859860506020845)
(0.24224879262012308,0.1855360867969315)
(0.23887232230642794,0.18247608950863978)
(0.2355163543332012,0.17941876549904362)
(0.23218082804522952,0.17636426601101582)
(0.2288656824891234,0.17331274122551293)
(0.22557085642272898,0.1702643402605484)
(0.22229628832442985,0.1672192111702832)
(0.21904191640230342,0.1641775009441691)
(0.21580767860308653,0.16113935550618627)
(0.21259351262104292,0.15810491971419074)
(0.2093993559066614,0.155074337359272)
(0.206225145675211,0.15204775116528307)
(0.20307081891516038,0.14902530278836285)
(0.1999363123964746,0.14600713281659491)
(0.19682156267873568,0.14299338076971238)
(0.19372650611917702,0.1399841850988841)
(0.19065107888053853,0.13697968318659912)
(0.18759521693881887,0.1339800113465729)
(0.1845588560908851,0.13098530482378168)
(0.1815419319619681,0.12799569779453002)
(0.1785443800129974,0.12501132336661228)
(0.17556613554786393,0.12203231357953366)
(0.17260713372050135,0.11905879940478964)
(0.16966730954188777,0.11609091074624031)
(0.1667465978869158,0.1131287764405283)
(0.16384493350111629,0.1101725242575631)
(0.1609622510073215,0.10722228090108872)
(0.15809848491214779,0.10427817200930342)
(0.15525356961242018,0.10134032215553812)
(0.15242743940143721,0.09840885484900203)
(0.14962002847516437,0.09548389253559769)
(0.14683127093829026,0.09256555659878915)
(0.14406110081018425,0.08965396736051995)
(0.14130945203074838,0.08674924408221163)
(0.1385762584661612,0.08385150496580439)
(0.13586145391451787,0.08096086715486164)
(0.1331649721113673,0.0780774467357282)
(0.13048674673514887,0.07520135873874538)
(0.1278267114125259,0.07233271713952114)
(0.1251847997236297,0.06947163486025403)
(0.12256094520719246,0.06661822377110713)
(0.11995508136559416,0.0637725946916429)
(0.11736714166981274,0.06093485739229779)
(0.11479705956427953,0.0581051205959199)
(0.11224476847164286,0.05528349197934375)
(0.10971020179744168,0.052470078175032006)
(0.1071932929346896,0.04966498477274473)
(0.10469397526836809,0.04686831632126978)
(0.10221218217983523,0.04408017633020038)
(0.09974784705115133,0.041300667271757026)
(0.09730090326931093,0.03852989058264324)
(0.0948712842303999,0.03576794666596862)
(0.09245892334366819,0.033014934893202716)
(0.09006375403551943,0.030270953606167748)
(0.08768570975341917,0.027536100119084472)
(0.08532472396972993,0.02481047072065514)
(0.08298073018546473,0.02209416067618835)
(0.08065366193396264,0.019387264229765364)
(0.07834345278449048,0.016689874606446557)
(0.07605003634577656,0.014002084014513456)
(0.07377334626945396,0.011323983647754195)
(0.07151331625345454,0.008655663687788346)
(0.06926988004530894,0.005997213306418912)
(0.06704297144539473,0.003348720668037799)
(0.06483252431010168,0.0007102729320487331)
(0.06263847255494195,-0.0019180437446580049)
(0.06046075015758154,-0.004536144205208695)
(0.058299291160810195,-0.007143944290205625)
(0.056154029675446464,-0.00974136083515726)
(0.054024899883184825,-0.01232831166787754)
(0.051911836039361677,-0.014904715605846101)
(0.049814772475684464,-0.017470492453545143)
(0.047733643602866624,-0.02002556299975157)
(0.04566838391324882,-0.022569849014820002)
(0.04361892798330302,-0.025103273247911933)
(0.041585210476134934,-0.02762575942420999)
(0.039567166143875204,-0.03013723224209726)
(0.03756472983008153,-0.03263761737032394)
(0.03557783647197172,-0.03512684144509398)
(0.033606421102777416,-0.03760483206722079)
(0.03165041885384806,-0.04007151779914916)
(0.029709764956836582,-0.0425268281620149)
(0.027784394745788525,-0.04497069363267138)
(0.025874243659164343,-0.047403045640665144)
(0.023979247241854483,-0.04982381656522917)
(0.022099341147092964,-0.052232939732201555)
(0.020234461138354372,-0.05463034941095665)
(0.018384543091199083,-0.05701598081130744)
(0.016549522995064493,-0.05938977008036613)
(0.01472933695500191,-0.061751654299408786)
(0.012923921193394215,-0.06410157148069213)
(0.011133212051591429,-0.06643946056427136)
(0.00935714599153797,-0.06876526141478403)
(0.007595659597322234,-0.07107891481821497)
(0.005848689576716355,-0.07338036247864838)
(0.004116172762640976,-0.07566954701498055)
(0.002398046114613917,-0.07794641195765367)
(0.0006942467201478295,-0.0802109017453076)
(-0.0009952882038923232,-0.08246296172148708)
(-0.00267062130998257,-0.08470253813127318)
(-0.004331815118639967,-0.08692957811792348)
(-0.005978932017204328,-0.08914402971949184)
(-0.007612034258617548,-0.09134584186542198)
(-0.009231183960274213,-0.09353496437314743)
(-0.010836443102871804,-0.09571134794464622)
(-0.012427873529337288,-0.09787494416300266)
(-0.01400553694375806,-0.10002570548894109)
(-0.015569494910353912,-0.10216358525736233)
(-0.017119808852496237,-0.10428853767383087)
(-0.01865654005174693,-0.10640051781108874)
(-0.020179749646938246,-0.10849948160553377)
(-0.021689498633267985,-0.11058538585368093)
(-0.023185847861458386,-0.11265818820862941)
(-0.02466885803691084,-0.11471784717650325)
(-0.026138589718906258,-0.11676432211287081)
(-0.027595103319852276,-0.11879757321918452)
(-0.029038459104521335,-0.12081756153917414)
(-0.030468717189370515,-0.12282424895524371)
(-0.03188593754181681,-0.12481759818485988)
(-0.033290179979618084,-0.12679757277694134)
(-0.03468150417022246,-0.12876413710819887)
(-0.03605996963018564,-0.1307172563795207)
(-0.037425635724574864,-0.13265689661227847)
(-0.038778561666443376,-0.1345830246447146)
(-0.040118806516279366,-0.13649560812823183)
(-0.041446429181536314,-0.1383946155237148)
(-0.04276148841612558,-0.1402800160978622)
(-0.04406404281999971,-0.1421517799194848)
(-0.04535415083868714,-0.14400987785578392)
(-0.04663187076291773,-0.1458542815686537)
(-0.04789726072822991,-0.1476849635109593)
(-0.049150378714586065,-0.14950189692281066)
(-0.05039128254608996,-0.1513050558278296)
(-0.0516200298905978,-0.15309441502941104)
(-0.052836678259483884,-0.15486995010697663)
(-0.05404128500730721,-0.15663163741222771)
(-0.05523390733160787,-0.15837945406538873)
(-0.05641460227261556,-0.16011337795143296)
(-0.05758342671307814,-0.16183338771633876)
(-0.05874043737802501,-0.16353946276330747)
(-0.05988569083460382,-0.1652315832489724)
(-0.06101924349191555,-0.16690973007963922)
(-0.06214115160084445,-0.16857388490750558)
(-0.0632514712539639,-0.17022403012684806)
(-0.06435025838539501,-0.17186014887025206)
(-0.06543756877071362,-0.17348222500481228)
(-0.06651345802687836,-0.17509024312832536)
(-0.06757798161216232,-0.17668418856550783)
(-0.06863119482610396,-0.17826404736416132)
(-0.069673152809435,-0.1798298062914096)
(-0.07070391054414257,-0.18138145282985058)
(-0.07172352285337422,-0.18291897517377023)
(-0.07273204440149542,-0.1844423622253139)
(-0.07372952969408875,-0.18595160359068122)
(-0.07471603307800712,-0.18744668957632657)
(-0.0756916087413985,-0.1889276111851067)
(-0.07665631071379471,-0.19039436011249197)
(-0.07761019286613793,-0.19184692874273526)
(-0.07855330891089726,-0.19328531014505596)
(-0.07948571240218436,-0.19470949806982785)
(-0.0804074567358076,-0.19611948694474804)
(-0.08131859514942387,-0.19751527187101253)
(-0.08221918072266014,-0.19889684861951668)
(-0.08310926637726256,-0.20026421362702307)
(-0.08398890487720678,-0.20161736399233326)
(-0.08485814882893326,-0.20295629747248362)
(-0.08571705068144136,-0.20428101247893535)
(-0.08656566272651685,-0.2055915080737162)
(-0.08740403709888452,-0.20688778396565288)
(-0.0882322257764387,-0.20816984050653098)
(-0.08905028058043013,-0.20943767868729304)
(-0.08985825317569983,-0.21069130013420234)
(-0.09065619507085163,-0.21193070710507636)
(-0.09144415761856362,-0.2131559024854352)
(-0.09222219201576169,-0.21436688978470464)
(-0.09299034930388796,-0.2155636731324473)
(-0.09374868036915672,-0.21674625727450952)
(-0.0944972359428196,-0.217914647569253)
(-0.09523606660143183,-0.21906884998374712)
(-0.09596522276709457,-0.2202088710899894)
(-0.09668475470782177,-0.22133471806108762)
(-0.09739471253768305,-0.22244639866750332)
(-0.09809514621728947,-0.22354392127322395)
(-0.09878610555389453,-0.2246272948320345)
(-0.09946764020186212,-0.22569652888367275)
(-0.10013979966286449,-0.22675163355013098)
(-0.10080263328628057,-0.2277926195318072)
(-0.10145619026942637,-0.22881949810381258)
(-0.10210051965798697,-0.22983228111213994)
(-0.10273567034626618,-0.23083098096991764)
(-0.10336169107756304,-0.2318156106537105)
(-0.10397863044447545,-0.23278618369967666)
(-0.10458653688928927,-0.23374271419990097)
(-0.10518545870431674,-0.2346852167985813)
(-0.10577544403219552,-0.2356137066883736)
(-0.10635654086630637,-0.2365281996065341)
(-0.10692879705113037,-0.2374287118313507)
(-0.1074922602825702,-0.23831526017825927)
(-0.10804697810835028,-0.2391878619962083)
(-0.10859299792834685,-0.24004653516397254)
(-0.10913036699503509,-0.24089129808633558)
(-0.1096591324137885,-0.24172216969048776)
(-0.11017934114329535,-0.24253916942226228)
(-0.11069103999590721,-0.24334231724249367)
(-0.1111942756380803,-0.24413163362325999)
(-0.11168909459071123,-0.24490713954426258)
(-0.11217554322952336,-0.24566885648912656)
(-0.11265366778547013,-0.2464168064416839)
(-0.11312351434514865,-0.24715101188243757)
(-0.11358512885116566,-0.24787149578468784)
(-0.11403855710251196,-0.24857828161111)
(-0.11448384475499612,-0.24927139330992176)
(-0.11492103732164172,-0.24995085531135494)
(-0.1153501801730795,-0.25061669252393043)
(-0.11577131853791996,-0.2512689303309558)
(-0.1161844975031748,-0.2519075945867398)
(-0.11658976201468013,-0.25253271161306684)
(-0.11698715687747971,-0.25314430819564027)
(-0.11737672675621272,-0.2537424115803203)
(-0.1177585161755487,-0.25432704946968193)
(-0.11813256952057692,-0.2548982500192902)
(-0.11849893103723097,-0.2554560418342582)
(-0.11885764483263168,-0.2560004539655322)
(-0.11920875487559829,-0.2565315159064362)
(-0.11955230499696799,-0.25704925758897473)
(-0.11988833889001825,-0.25755370938042454)
(-0.1202169001109255,-0.2580449020796646)
(-0.12053803207909314,-0.2585228669137022)
(-0.12085177807762772,-0.25898763553410636)
(-0.12115818125371275,-0.25943924001349233)
(-0.12145728461899832,-0.2598777128419779)
(-0.12174913105005675,-0.26030308692368875)
(-0.1220337632887435,-0.26071539557327106)
(-0.12231122394260505,-0.26111467251233356)
(-0.12258155548530912,-0.2615009518659977)
(-0.12284480025704078,-0.2618742681594038)
(-0.12310100046488906,-0.2622346563142511)
(-0.12335019818325733,-0.2625821516452877)
(-0.12359243535426534,-0.26291678985686534)
(-0.1238277537881721,-0.2632386070395103)
(-0.12405619516370765,-0.26354763966645584)
(-0.12427780102858102,-0.2638439245901723)
(-0.12449261279975762,-0.2641274990390152)
(-0.12470067176394467,-0.2643984006137051)
(-0.1249020190779294,-0.2646566672840135)
(-0.12509669576903132,-0.2649023373852559)
(-0.12528474273543805,-0.2651354496149555)
(-0.12546620074660636,-0.26535604302944255)
(-0.12564111044370055,-0.2655641570404647)
(-0.12580951233991783,-0.26575983141179876)
(-0.1259714468209063,-0.26594310625591167)
(-0.12612695414515773,-0.266114022030565)
(-0.12627607444436292,-0.266272619535513)
(-0.12641884772382056,-0.2664189399091096)
(-0.12655531386281724,-0.26655302462499336)
(-0.1266855126149787,-0.266674915488791)
(-0.12680948360868133,-0.26678465463475093)
(-0.12692726634738477,-0.2668822845224711)
(-0.12703890021006609,-0.2669678479335591)
(-0.12714442445155727,-0.2670413879684137)
(-0.1272438782028636,-0.26710294804283996)
(-0.12733730047165145,-0.2671525718848599)
(-0.12742473014248387,-0.26719030353140094)
(-0.1275062059772902,-0.26721618732504504)
(-0.12758176661567583,-0.26723026791078314)
(-0.12765145057527738,-0.26723259023278784)
(-0.12771529625213396,-0.2672231995311451)
(-0.1277733419210397,-0.2672021413386761)
(-0.12782562573593495,-0.2671694614776923)
(-0.12787218573017953,-0.26712520605678325)
(-0.12791305981697218,-0.26706942146763385)
(-0.12794828578965187,-0.26700215438186453)
(-0.1279779013220826,-0.2669234517477609)
(-0.12800194396896813,-0.2668333607872311)
(-0.12802045116619074,-0.26673192899251424)
(-0.1280334602311817,-0.2666192041231147)
(-0.12804100836321283,-0.26649523420265697)
(-0.1280431326437632,-0.2663600675156572)
(-0.12803987003684375,-0.26621375260451746)
(-0.12803125738931057,-0.26605633826633984)
(-0.12801733143123797,-0.2658878735498218)
(-0.12799812877615496,-0.26570840775216126)
(-0.12797368592144767,-0.2655179904160038)
(-0.12794403924867556,-0.26531667132628384)
(-0.1279092250238493,-0.2651045005072106)
(-0.127869279397754,-0.26488152821920213)
(-0.12782423840629406,-0.26464780495581236)
(-0.12777413797075324,-0.2644033814406884)
(-0.12771901389814314,-0.2641483086245339)
(-0.12765890188150839,-0.2638826376820654)
(-0.12759383750020034,-0.2636064200090725)
(-0.12752385622021906,-0.2633197072193003)
(-0.12744899339442825,-0.2630225511415046)
(-0.1273692842629954,-0.26271500381648205)
(-0.1272847639535438,-0.2623971174940282)
(-0.12719546748152194,-0.2620689446300415)
(-0.1271014297504191,-0.2617305378834863)
(-0.12700268555220637,-0.2613819501134874)
(-0.12689926956742698,-0.2610232343763741)
(-0.1267912163655924,-0.2606544439227378)
(-0.12667856040543451,-0.26027563219449884)
(-0.126561336035195,-0.25988685282201535)
(-0.12643957749289197,-0.25948815962116617)
(-0.1263133189065508,-0.25907960659044726)
(-0.12618259429455844,-0.25866124790807493)
(-0.12604743756585265,-0.2582331379291309)
(-0.12590788252021518,-0.25779533118268516)
(-0.125763962848526,-0.2573478823688933)
(-0.12561571213306336,-0.25689084635623216)
(-0.12546316384769313,-0.25642427817857727)
(-0.12530635135817308,-0.255948233032401)
(-0.12514530792238884,-0.25546276627398135)
(-0.12498006669058961,-0.2549679334165143)
(-0.12481066070567327,-0.2544637901273826)
(-0.1246371229033929,-0.2539503922253283)
(-0.12445948611262497,-0.2534277956776782)
(-0.12427778305558777,-0.2528960565975454)
(-0.12409204634808381,-0.2523552312411152)
(-0.12390230849977321,-0.25180537600478753)
(-0.12370860191435443,-0.25124654742256874)
(-0.12351095888981264,-0.25067880216322047)
(-0.1233094116186556,-0.25010219702760145)
(-0.12310399218816476,-0.24951678894588927)
(-0.12289473258053682,-0.24892263497493142)
(-0.12268166467320811,-0.2483197922955169)
(-0.1224648202390097,-0.24770831820966382)
(-0.1222442309463749,-0.24708827013798018)
(-0.12201992835963164,-0.2464597056169698)
(-0.12179194393910416,-0.24582268229638637)
(-0.12156030904143786,-0.24517725793657455)
(-0.12132505491969586,-0.24452349040582608)
(-0.12108621272367058,-0.24386143767773266)
(-0.12084381350000335,-0.2431911578286089)
(-0.12059788819244534,-0.24251270903480882)
(-0.12034846764199443,-0.241826149570209)
(-0.12009558258715172,-0.24113153780352847)
(-0.11983926366412007,-0.24042893219582948)
(-0.11957954140693121,-0.2397183912978458)
(-0.11931644624769404,-0.2389999737475127)
(-0.11905000851674365,-0.23827373826734824)
(-0.11878025844290052,-0.23753974366195077)
(-0.11850722615354738,-0.23679804881542127)
(-0.1182309416749007,-0.23604871268885766)
(-0.11795143493215038,-0.23529179431784658)
(-0.11766873574964605,-0.2345273528099284)
(-0.11738287385108499,-0.23375544734217416)
(-0.11709387885965801,-0.23297613715857443)
(-0.11680178029825551,-0.23218948156767488)
(-0.11650660758961165,-0.23139553994003853)
(-0.11620839005648415,-0.23059437170582028)
(-0.1159071569218263,-0.22978603635233447)
(-0.11560293730894293,-0.2289705934215583)
(-0.11529576024165107,-0.22814810250774392)
(-0.11498565464444828,-0.22731862325502014)
(-0.11467264934265783,-0.22648221535488466)
(-0.11435677306263453,-0.22563893854396416)
(-0.1140380544318372,-0.22478885260144507)
(-0.11371652197905538,-0.2239320173468568)
(-0.11339220413450922,-0.22306849263754744)
(-0.1130651292300497,-0.22219833836647998)
(-0.1127353254992774,-0.22132161445973508)
(-0.11240282107766904,-0.22043838087426468)
(-0.11206764400275548,-0.21954869759553455)
(-0.11172982221426626,-0.2186526246351768)
(-0.11138938355425788,-0.2177502220287254)
(-0.11104635576724264,-0.21684154983324405)
(-0.1107007665003475,-0.21592666812514186)
(-0.11035264330342842,-0.2150056369977596)
(-0.11000201362924933,-0.21407851655921264)
(-0.10964890483355097,-0.21314536693001743)
(-0.10929334417524846,-0.21220624824096676)
(-0.10893535881649215,-0.21126122063076466)
(-0.10857497582286213,-0.2103103442438616)
(-0.10821222216346064,-0.2093536792282081)
(-0.10784712471103294,-0.20839128573304985)
(-0.10747971024211853,-0.20742322390674028)
(-0.10711000543713754,-0.20644955389446276)
(-0.1067380368805533,-0.20547033583615879)
(-0.10636383106095601,-0.20448562986426783)
(-0.1059874143711907,-0.20349549610163023)
(-0.10560881310849211,-0.20249999465925442)
(-0.10522805347457506,-0.20149918563424593)
(-0.10484516157576836,-0.20049312910761505)
(-0.10446016342312062,-0.19948188514219173)
(-0.10407308493250284,-0.19846551378048177)
(-0.1036839519247291,-0.19744407504254632)
(-0.10329279012566844,-0.19641762892398662)
(-0.10289962516633927,-0.19538623539374078)
(-0.10250448258302636,-0.1943499543920897)
(-0.102107387817392,-0.1933088458285831)
(-0.10170836621654708,-0.19226296957992747)
(-0.10130744303322543,-0.1912123854879971)
(-0.10090464342576434,-0.19015715335778807)
(-0.100499992458368,-0.18909733295535952)
(-0.10009351510103187,-0.18803298400583054)
(-0.09968523622980108,-0.1869641661914002)
(-0.09927518062672913,-0.18589093914930083)
(-0.09886337298008789,-0.18481336246984267)
(-0.0984498378843899,-0.18373149569443956)
(-0.09803459984052339,-0.18264539831359805)
(-0.09761768325578034,-0.18155512976503768)
(-0.09719911244406258,-0.18046074943164245)
(-0.09677891162586025,-0.17936231663960214)
(-0.09635710492839085,-0.17825989065643433)
(-0.09593371638572082,-0.17715353068912554)
(-0.0955087699387604,-0.17604329588212694)
(-0.09508228943546045,-0.1749292453155572)
(-0.09465429863081569,-0.17381143800324092)
(-0.09422482118699813,-0.17268993289084023)
(-0.09379388067341686,-0.17156478885403567)
(-0.09336150056681243,-0.17043606469659023)
(-0.09292770425132499,-0.1693038191485777)
(-0.09249251501861201,-0.16816811086446423)
(-0.09205595606789822,-0.16702899842134747)
(-0.09161805050605093,-0.16588654031708827)
(-0.09117882134769535,-0.16474079496851524)
(-0.09073829151524276,-0.1635918207096319)
(-0.09029648383903169,-0.16243967578983548)
(-0.08985342105735668,-0.1612844183720971)
(-0.08940912581653777,-0.1601261065312337)
(-0.08896362067107269,-0.1589647982521181)
(-0.0885169280836048,-0.15780055142793714)
(-0.08806907042510213,-0.15663342385846007)
(-0.08762006997482118,-0.1554634732482883)
(-0.08716994892053095,-0.15429075720515967)
(-0.08671872935840631,-0.1531153332382085)
(-0.08626643329324536,-0.15193725875627623)
(-0.08581308263847306,-0.1507565910662273)
(-0.08535869921622362,-0.14957338737125908)
(-0.08490330475746143,-0.14838770476923516)
(-0.0844469209019284,-0.14719960025101558)
(-0.08398956919835499,-0.14600913069880583)
(-0.08353127110443719,-0.14481635288451805)
(-0.083072047986954,-0.14362132346813927)
(-0.08261192112181194,-0.14242409899611835)
(-0.08215091169410697,-0.1412247358997193)
(-0.0816890407982278,-0.14002329049347803)
(-0.08122632943789158,-0.1388198189735234)
(-0.08076279852621787,-0.13761437741609198)
(-0.08029846888579277,-0.13640702177588623)
(-0.07983336124875895,-0.1351978078845173)
(-0.07936749625684598,-0.1339867914489986)
(-0.07890089446147838,-0.13277402805015384)
(-0.07843357632379279,-0.13155957314109926)
(-0.07796556221474193,-0.13034348204573193)
(-0.07749687241513599,-0.12912580995718687)
(-0.07702752711572709,-0.1279066119363709)
(-0.07655754641727039,-0.1266859429104362)
(-0.07608695033055249,-0.12546385767132087)
(-0.07561575877653139,-0.12424041087425912)
(-0.07514399158630994,-0.12301565703631842)
(-0.07467166850127165,-0.12178965053494366)
(-0.07419880917310977,-0.12056244560652815)
(-0.07372543316389135,-0.11933409634496096)
(-0.07325155994614577,-0.11810465670021437)
(-0.07277720890289276,-0.11687418047692284)
(-0.07230239932772271,-0.11564272133295468)
(-0.07182715042487857,-0.11441033277809426)
(-0.07135148130926607,-0.11317706817254192)
(-0.0708754110065899,-0.11194298072564952)
(-0.07039895845335069,-0.11070812349446262)
(-0.06992214249694395,-0.10947254938245297)
(-0.06944498189570195,-0.10823631113807439)
(-0.06896749531899164,-0.10699946135352843)
(-0.06848970134723383,-0.1057620524633585)
(-0.0680116184719879,-0.10452413674316664)
(-0.0675332650960304,-0.10328576630832802)
(-0.06705465953336909,-0.10204699311264037)
(-0.06657582000936915,-0.10080786894708003)
(-0.0660967646607522,-0.09956844543851127)
(-0.06561751153572391,-0.09832877404840568)
(-0.06513807859398787,-0.09708890607164307)
(-0.06465848370682646,-0.09584889263517027)
(-0.06417874465715369,-0.09460878469683748)
(-0.06369887913960695,-0.09336863304413728)
(-0.06321890476058957,-0.09212848829300828)
(-0.06273883903832073,-0.09088840088659463)
(-0.062258699402934325,-0.08964842109409484)
(-0.0617785031965068,-0.0884085990095017)
(-0.06129826767315943,-0.08716898455050849)
(-0.060818009999081366,-0.08592962745728187)
(-0.06033774725263725,-0.08469057729131363)
(-0.05985749642438624,-0.08345188343428592)
(-0.05937727441719153,-0.08221359508691366)
(-0.05889709804625243,-0.08097576126783361)
(-0.05841698403919703,-0.07973843081246437)
(-0.05793694903611932,-0.0785016523719042)
(-0.057457009589671794,-0.0772654744118391)
(-0.056977182165105576,-0.07602994521143737)
(-0.056497483140361425,-0.07479511286227884)
(-0.05601792880613489,-0.07356102526728486)
(-0.05553853536591766,-0.0723277301396367)
(-0.055059318936096516,-0.0710952750017531)
(-0.05458029554599843,-0.06986370718422454)
(-0.054101481137975506,-0.06863307382479732)
(-0.05362289156746556,-0.0674034218673299)
(-0.05314454260306218,-0.06617479806080999)
(-0.052666449926578755,-0.06494724895832601)
(-0.05218862913312631,-0.06372082091608146)
(-0.05171109573118316,-0.062495560092411626)
(-0.05123386514266111,-0.06127151244680807)
(-0.05075695270297447,-0.060048723738953924)
(-0.05028037366112219,-0.058827239527777575)
(-0.049804143179745936,-0.057607105170485715)
(-0.049328276335216525,-0.05638836582165429)
(-0.0488527881176859,-0.05517106643228829)
(-0.048377693431184206,-0.05395525174890024)
(-0.047903007093679464,-0.05274096631261528)
(-0.04742874383715102,-0.05152825445826386)
(-0.046954918307669194,-0.05031716031351391)
(-0.04648154506547151,-0.049107727797963616)
(-0.0460086385850245,-0.04790000062229085)
(-0.04553621325512358,-0.046694022287395276)
(-0.04506428337893647,-0.04548983608354429)
(-0.04459286317412379,-0.04428748508953946)
(-0.04412196677287274,-0.04308701217187769)
(-0.04365160822199971,-0.04188845998393774)
(-0.04318180148302343,-0.04069187096516433)
(-0.04271256043224459,-0.03949728734027361)
(-0.04224389886082293,-0.038304751118454355)
(-0.04177583047485682,-0.03711430409259555)
(-0.0413083688954711,-0.03592598783849785)
(-0.040841527658888765,-0.03473984371413112)
(-0.04037532021651922,-0.03355591285886184)
(-0.03990975993503032,-0.03237423619271535)
(-0.03944486009645859,-0.03119485441565361)
(-0.03898063389825005,-0.03001780800682464)
(-0.038517094453384984,-0.02884313722387518)
(-0.03805425479043571,-0.027670882102219515)
(-0.03759212785366943,-0.026501082454360978)
(-0.037130726503117654,-0.025333777869191353)
(-0.036670063514679045,-0.0241690077113249)
(-0.036210151580192716,-0.023006811120418896)
(-0.03575100330754104,-0.02184722701052168)
(-0.03529263122071707,-0.020690294069416523)
(-0.03483504775993632,-0.019536050757989983)
(-0.034378265281713095,-0.018384535309593546)
(-0.03392229605895306,-0.017235785729427276)
(-0.033467152281044237,-0.01608983979391742)
(-0.03301284605395289,-0.014946735050128564)
(-0.03255938940031014,-0.013806508815157412)
(-0.03210679425950685,-0.012669198175552532)
(-0.03165507248779174,-0.011534839986742314)
(-0.03120423585835836,-0.010403470872464696)
(-0.03075429606144581,-0.009275127224211688)
(-0.030305264704432178,-0.008149845200683554)
(-0.029857153311931978,-0.007027660727251632)
(-0.029409973325892028,-0.005908609495424914)
(-0.02896373610569225,-0.00479272696233501)
(-0.02851845292824024,-0.0036800483502227323)
(-0.02807413498807257,-0.002570608645941093)
(-0.027630793397455403,-0.001464442600459155)
(-0.02718843918648677,-0.0003615847283785173)
(-0.026747083303191477,0.0007379306925356648)
(-0.026306736613633093,0.0018340696218230206)
(-0.025867409902007435,0.0029267982567813635)
(-0.02542911387075191,0.004016083032914303)
(-0.024991859140649768,0.005101890624369049)
(-0.024555656250931913,0.006184187944361777)
(-0.024120515659386922,0.007262942145600571)
(-0.023686447742462147,0.008338120620690047)
(-0.02325346279537972,0.009409691002539236)
(-0.022821571032236174,0.010477621164747668)
(-0.022390782586114166,0.011541879221990127)
(-0.021961107509196318,0.012602433530392552)
(-0.021532555772869798,0.01365925268789551)
(-0.021105137267839552,0.014712305534607404)
(-0.020678861804240806,0.01576156115315725)
(-0.020253739111752794,0.016806988869027432)
(-0.019829778839712008,0.017848558250889556)
(-0.01940699055722405,0.01888623911091354)
(-0.01898538375327751,0.019920001505090563)
(-0.01856496783686832,0.020949815733529806)
(-0.01814575213711065,0.021975652340755027)
(-0.017727745903346564,0.02299748211598512)
(-0.01731095830528196,0.024015276093414202)
(-0.016895398433088075,0.02502900555247886)
(-0.016481075297535525,0.02603864201811008)
(-0.016067997830103185,0.0270441572609972)
(-0.015656174883110597,0.028045523297809398)
(-0.01524561522982397,0.029042712391444812)
(-0.01483632756460148,0.030035697051246)
(-0.014428320502997935,0.031024450033217875)
(-0.014021602581898834,0.032008944340231424)
(-0.01361618225964622,0.032989153222221436)
(-0.013212067916151867,0.033965050176369145)
(-0.0128092678530487,0.03493660894730618)
(-0.01240779029379522,0.03590380352725757)
(-0.012007643383816548,0.03686660815621588)
(-0.011608835190632823,0.037824997322102975)
(-0.011211373703978234,0.038778945760899367)
(-0.010815266835957483,0.039728428456805555)
(-0.010420522421143257,0.040673420642346476)
(-0.010027148216741527,0.041613897798504114)
(-0.009635151902698714,0.04254983565483236)
(-0.009244541081859839,0.043481210189552755)
(-0.008855323280078275,0.044407997629654423)
(-0.008467505946381033,0.04533017445097364)
(-0.008081096453079023,0.04624771737828671)
(-0.007696102095913359,0.047160603385365485)
(-0.007312530094195018,0.048068809695040564)
(-0.006930387590958456,0.04897231377926933)
(-0.006549681653074615,0.04987109335915866)
(-0.006170419271399238,0.05076512640502319)
(-0.0057926073609411224,0.05165439113638871)
(-0.005416252760964163,0.052538866022040054)
(-0.005041362235165541,0.053418529780025724)
(-0.004667942471783433,0.05429336137763084)
(-0.00429600008378713,0.05516334003141867)
(-0.003925541608978428,0.05602844520718784)
(-0.0035565735101638785,0.05688865661996765)
(-0.003189102175311292,0.05774395423398168)
(-0.002823133917657676,0.0585943182626053)
(-0.002458674975902156,0.059439729168328126)
(-0.002095731514332013,0.06028016766270451)
(-0.001734309622981055,0.06111561470628907)
(-0.0013744153177660157,0.061946051508565726)
(-0.0010160545406648644,0.0627714595278617)
(-0.0006592331598547378,0.06359182047128219)
(-0.000303956969859042,0.06440711629460556)
(0.0000497683082837503,0.0652173292021864)
(0.00040193702687233086,0.06602244164683982)
(0.0007525436113762589,0.0668224363297394)
(0.0011015825603069688,0.06761729620026638)
(0.0014490484450197087,0.0684070044559179)
(0.0017949359095832313,0.0691915445421353)
(0.00213923967061404,0.06997090015214374)
(0.002481954517118853,0.07074505522685207)
(0.0028230753103170416,0.07151399395463694)
(0.0031625969834968193,0.0722777007711966)
(0.003500514541847257,0.07303616035935154)
(0.0038368230622967603,0.07378935764890382)
(0.004171517693340306,0.07453727781638171)
(0.0045045936548876305,0.07527990628488626)
(0.00483604623807478,0.0760172287238635)
(0.0051658708051435,0.07674923104888488)
(0.00549406278919788,0.07747589942144696)
(0.005820617694126813,0.07819722024869104)
(0.00614553109434965,0.07891318018321414)
(0.006468798634727912,0.07962376612280561)
(0.006790416030315178,0.08032896521019484)
(0.007110379066245589,0.0810287648327649)
(0.007428683597524383,0.0817231526223418)
(0.007745325548895388,0.08241211645483791)
(0.008060300914609594,0.08309564445004564)
(0.008373605758314756,0.08377372497131697)
(0.008685236212826235,0.08444634662523905)
(0.008995188479997673,0.08511349826139662)
(0.0093034588304851,0.08577516897196746)
(0.009610043603635729,0.08643134809149466)
(0.009914939207267881,0.08708202519650353)
(0.010218142117503229,0.08772719010517745)
(0.010519648878584443,0.08836683287704629)
(0.01081945610271538,0.08900094381259226)
(0.011117560469828034,0.08962951345293996)
(0.011413958727456581,0.09025253257946751)
(0.011708647690537081,0.0908699922134421)
(0.012001624241201738,0.09148188361565568)
(0.012292885328626024,0.09208819828603522)
(0.012582427968806735,0.0926889279632566)
(0.012870249244449461,0.09328406462432282)
(0.013156346304680414,0.09387360048421582)
(0.01344071636492596,0.09445752799542839)
(0.013723356706730524,0.09503583984760933)
(0.014004264677520589,0.09560852896704823)
(0.014283437690459833,0.09617558851638182)
(0.014560873224230603,0.09673701189400506)
(0.014836568822855728,0.09729279273372979)
(0.015110522095528605,0.09784292490432646)
(0.015382730716359318,0.09838740250901386)
(0.015653192424242502,0.09892621988506245)
(0.015921905022643835,0.0994593716032526)
(0.016188866379395813,0.09998685246747767)
(0.016454074426525144,0.10050865751420526)
(0.016717527160020788,0.10102478201201907)
(0.016979222639676068,0.10153522146109054)
(0.017239158988874723,0.10203997159270524)
(0.017497334394392782,0.1025390283687506)
(0.017753747106184745,0.10303238798120172)
(0.018008395437247506,0.10352004685158055)
(0.01826127776331584,0.10400200163046647)
(0.01851239252275654,0.10447824919692766)
(0.01876173821633429,0.10494878665801621)
(0.01900931340699114,0.10541361134817497)
(0.0192551167196671,0.10587272082873364)
(0.01949914684110055,0.10632611288733014)
(0.01974140251960086,0.10677378553733498)
(0.019981882564865078,0.10721573701732966)
(0.02022058584776653,0.10765196579045307)
(0.020457511300136427,0.10808247054390474)
(0.020692657914591656,0.10850725018829811)
(0.020926024744308342,0.1089263038570496)
(0.02115761090278199,0.10933963090588868)
(0.021387415563686663,0.10974723091214171)
(0.021615437960603598,0.11014910367412939)
(0.021841677386843693,0.1105452492106323)
(0.02206613319527243,0.11093566776020498)
(0.022288804797978932,0.11132035978051807)
(0.022509691666223228,0.1116993259477979)
(0.022728793330108583,0.11207256715615305)
(0.022946109378417515,0.11244008451692376)
(0.02316163945837532,0.11280187935805512)
(0.023375383275473484,0.11315795322337784)
(0.023587340593214445,0.11350830787205979)
(0.02379751123293226,0.11385294527782348)
(0.024005895073537932,0.11419186762833346)
(0.02421249205135708,0.11452507732448115)
(0.024417302159839293,0.11485257697977895)
(0.024620325449443026,0.11517436941959909)
(0.024821562027303484,0.11549045768049374)
(0.02502101205710537,0.11580084500948913)
(0.02521867575883013,0.11610553486343395)
(0.0254145534085181,0.11640453090821515)
(0.025608645338072427,0.11669783701807421)
(0.025800951935069042,0.11698545727491194)
(0.025991473642449154,0.1172673959675342)
(0.026180210958393037,0.11754365759097145)
(0.026367164436025433,0.11781424684562172)
(0.026552334683242508,0.11807916863664436)
(0.0267357223624752,0.11833842807314635)
(0.02691732819045042,0.1185920304674825)
(0.02709715293796943,0.11883998133440578)
(0.02727519742972097,0.11908228639042381)
(0.027451462543993846,0.11931895155293588)
(0.027625949212530084,0.119549982939545)
(0.0277986584202107,0.11977538686720138)
(0.027969591204909605,0.11999516985151644)
(0.028138748657199963,0.12020933860589625)
(0.028306131920197576,0.12041790004077606)
(0.028471742189268668,0.12062086126289784)
(0.028635580711808363,0.12081822957440015)
(0.028797648787094184,0.12101001247208677)
(0.028957947765927097,0.1211962176466036)
(0.029116479050516782,0.12137685298164333)
(0.02927324409419309,0.12155192655308443)
(0.029428244401169604,0.12172144662824803)
(0.029581481526347642,0.12188542166498945)
(0.029732957075086674,0.12204386031091821)
(0.02988267270291158,0.12219677140256083)
(0.03003063011537196,0.12234416396453344)
(0.030176831067708854,0.12248604720867315)
(0.030321277364728356,0.12262243053321346)
(0.030463970860474733,0.12275332352190445)
(0.030604913458075998,0.12287873594323018)
(0.03074410710941708,0.12299867774947795)
(0.03088155381502973,0.12311315907586529)
(0.03101725562371863,0.12322219023980034)
(0.031151214632446963,0.12332578173986143)
(0.03128343298600648,0.12342394425500705)
(0.031413912876896044,0.12351668864366531)
(0.031542656544919105,0.12360402594289789)
(0.03166966627710572,0.12368596736744145)
(0.03179494440739383,0.1237625243088985)
(0.03191849331641945,0.12383370833479157)
(0.0320403154312648,0.12389953118767072)
(0.032160413225211085,0.12396000478429396)
(0.03227878921753661,0.12401514121454654)
(0.0323954459732508,0.12406495274073884)
(0.03251038610284853,0.12410945179653475)
(0.032623612262111114,0.12414865098616844)
(0.03273512715178164,0.12418256308343266)
(0.03284493351746645,0.1242112010307587)
(0.03295303414923731,0.12423457793833959)
(0.03305943188147116,0.12425270708324483)
(0.0331641295926748,0.12426560190833762)
(0.03326713020506766,0.12427327602147756)
(0.03336843668454747,0.1242757431945434)
(0.03346805204024221,0.12427301736245668)
(0.03356597932446621,0.12426511262229488)
(0.03366222163232152,0.12425204323231023)
(0.03375678210152448,0.1242338236109922)
(0.03384966391218823,0.1242104683360655)
(0.03394087028653004,0.12418199214362513)
(0.03403040448864045,0.12414840992713318)
(0.034118269824228116,0.12410973673639845)
(0.03420446964043037,0.12406598777674649)
(0.034289007325511725,0.1240171784078507)
(0.0343718863086596,0.12396332414302672)
(0.03445311005965585,0.12390444064798188)
(0.03453268208878601,0.12384054374005285)
(0.03461060594647,0.12377164938710168)
(0.03468688522301168,0.12369777370659188)
(0.03476152354843394,0.12361893296460964)
(0.03483452459219726,0.12353514357477903)
(0.03490589206297572,0.12344642209745188)
(0.03497562970828286,0.12335278523849662)
(0.03504374131444232,0.12325424984854694)
(0.035110230706189044,0.12315083292175666)
(0.035175101746448806,0.12304255159498623)
(0.035238358336105884,0.12292942314672999)
(0.0353000044137715,0.12281146499609175)
(0.03536004395552429,0.1226886947018072)
(0.03541848097464667,0.12256112996124849)
(0.035475319521391435,0.12242878860937297)
(0.0355305636827429,0.12229168861774142)
(0.035584217582167864,0.12214984809348983)
(0.03563628537934243,0.12200328527830184)
(0.03568677126993651,0.12185201854743032)
(0.035735679485350655,0.12169606640862489)
(0.035783014292474914,0.1215354475011019)
(0.03582877999345541,0.1213701805945996)
(0.03587298092538152,0.12120028458826757)
(0.03591562146011792,0.1210257785096638)
(0.03595670600401691,0.1208466815137217)
(0.035996238997668385,0.12066301288174314)
(0.036034224915681694,0.12047479202031137)
(0.0360706682663711,0.12028203846030676)
(0.03610557359162968,0.12008477185580643)
(0.03613894546647907,0.1198830119831344)
(0.03617078849907418,0.11967677873972976)
(0.036201107330237896,0.11946609214313456)
(0.03622990663332422,0.11925097232996887)
(0.036257191113958726,0.11903143955487881)
(0.03628296550974685,0.11880751418947197)
(0.03630723459008743,0.11857921672124035)
(0.036330003155848896,0.1183465677525997)
(0.03635127603918513,0.11810958799972388)
(0.03637105810325314,0.11786829829159284)
(0.03638935424199526,0.11762271956886586)
(0.03640616937981367,0.1173728728828647)
(0.03642150847144928,0.11711877939447604)
(0.03643537650159918,0.11686046037316535)
(0.03644777848478177,0.11659793719582387)
(0.036458719464972485,0.11633123134578313)
(0.03646820451544687,0.11606036441170223)
(0.03647623873851176,0.11578535808656133)
(0.03648282726522172,0.11550623416651473)
(0.036487975255182874,0.11522301454991292)
(0.036491687896249334,0.11493572123618369)
(0.036493970404321376,0.11464437632475674)
(0.036494828023054156,0.11434900201404366)
(0.036494266023638006,0.11404962060033146)
(0.036492289704540715,0.11374625447672977)
(0.03648890439128593,0.1134389261321008)
(0.03648411543616651,0.11312765814992597)
(0.03647792821795248,0.1128124732073948)
(0.03647034814180528,0.1124933940741321)
(0.03646138063883811,0.11217044361124977)
(0.03645103116600772,0.11184364477027775)
(0.03643930520575314,0.11151302059201491)
(0.036426208265846784,0.11117859420550404)
(0.03641174587913036,0.110840388826958)
(0.036395923603188864,0.11049842775869723)
(0.03637874702019216,0.1101527343879817)
(0.03636022173658924,0.10980333218608239)
(0.03634035338290844,0.10945024470708745)
(0.03631914761348177,0.10909349558686485)
(0.03629661010618678,0.10873310854199514)
(0.03627274656223344,0.10836910736867984)
(0.03624756270588434,0.10800151594165844)
(0.036221064284204685,0.10763035821316859)
(0.036193257066877316,0.10725565821177838)
(0.03616414684591743,0.10687744004148059)
(0.03613373943535017,0.10649572788040523)
(0.03610204067111825,0.10611054597987853)
(0.03606905641068277,0.10572191866329761)
(0.03603479253292819,0.10532987032507647)
(0.03599925493775389,0.10493442542956039)
(0.03596244954597257,0.10453560850990841)
(0.03592438229898374,0.10413344416708847)
(0.03588505915854071,0.10372795706874863)
(0.03584448610653525,0.10331917194817422)
(0.03580266914473169,0.10290711360314038)
(0.035759614294495055,0.10249180689491763)
(0.0357153275966037,0.10207327674720577)
(0.03566981511098043,0.10165154814494866)
(0.03562308291644995,0.10122664613336231)
(0.03557513711044788,0.10079859581683141)
(0.03552598380887473,0.1003674223578204)
(0.035475629145781604,0.09993315097582421)
(0.03542407927313576,0.09949580694621789)
(0.0353713403605998,0.09905541559937232)
(0.03531741859528689,0.098612002319323)
(0.035262320181474835,0.09816559254293973)
(0.03520605134045044,0.09771621175868696)
(0.03514861831017934,0.09726388550560375)
(0.035090027345143215,0.09680863937235015)
(0.03503028471599731,0.09635049899589232)
(0.034969396709435586,0.09588949006070113)
(0.034907369627940936,0.0954256382974978)
(0.03484420978940876,0.09495896948228441)
(0.03477992352712749,0.09448950943522959)
(0.03471451718933232,0.09401728401964458)
(0.03464799713912989,0.0935423191409174)
(0.03458036975409374,0.09306464074535631)
(0.03451164142621651,0.09258427481931036)
(0.03444181856150834,0.0921012473879381)
(0.03437090757986476,0.09161558451427135)
(0.03429891491475026,0.09112731229803361)
(0.03422584701303965,0.09063645687474166)
(0.03415171033470089,0.09014304441449632)
(0.034076511352646964,0.08964710112104897)
(0.034000256552421476,0.08914865323066354)
(0.03392295243199809,0.08864772701111233)
(0.03384460550154076,0.08814434876062795)
(0.03376522228318479,0.0876385448068094)
(0.0336848093107926,0.08713034150567311)
(0.03360337312966998,0.086619765240453)
(0.033520920296451304,0.08610684242071363)
(0.03343745737871204,0.08559159948122891)
(0.03335299095487704,0.08507406288095308)
(0.0332675276138827,0.08455425910195423)
(0.03318107395504869,0.08403221464846275)
(0.03309363658771341,0.08350795604569992)
(0.03300522213111967,0.08298150983900734)
(0.03291583721413743,0.08245290259265155)
(0.03282548847504472,0.08192216088893582)
(0.032734182561261926,0.08138931132706693)
(0.032641926129157395,0.080854380522171)
(0.03254872584381963,0.08031739510428063)
(0.03245458837883391,0.07977838171726832)
(0.032359520416016654,0.07923736701788738)
(0.03226352864518298,0.07869437767470373)
(0.032166619764007795,0.07814944036705576)
(0.03206880047770069,0.07760258178414851)
(0.03197007749884396,0.07705382862390263)
(0.03187045754706002,0.07650320759201583)
(0.03176994734897569,0.07595074540096439)
(0.03166855363781478,0.0753964687689608)
(0.031566283153261356,0.0748404044189687)
(0.03146314264121847,0.07428257907768976)
(0.031359138853585454,0.07372301947455916)
(0.031254278548038694,0.07316175234077296)
(0.03114856848780198,0.0725988044082745)
(0.03104201544141151,0.0720342024086985)
(0.03093462618253405,0.07146797307252882)
(0.030826407489706324,0.07090014312796203)
(0.03071736614613364,0.07033073929996195)
(0.03060750893945216,0.0697597883093627)
(0.030496842661558284,0.06918731687174323)
(0.030385374108300167,0.06861335169653988)
(0.03027311007934167,0.06803791948603256)
(0.03016005737793987,0.06746104693444287)
(0.030046222810648043,0.066882760726801)
(0.02993161318718736,0.0663030875381666)
(0.0298162353201801,0.06572205403253688)
(0.029700096024974688,0.06513968686189513)
(0.02958320211937853,0.0645560126653027)
(0.029465560423479868,0.0639710580678932)
(0.02934717775939803,0.0633848496799133)
(0.029228060951152574,0.06279741409582884)
(0.02910821682436117,0.06220877789326788)
(0.02898765220603121,0.06161896763218578)
(0.028866373924395682,0.061028009853844566)
(0.028744388808701744,0.06043593107987627)
(0.028621703688961386,0.059842757811394254)
(0.028498325395724312,0.0592485165279644)
(0.028374260759982808,0.058653233686798284)
(0.028249516612791407,0.058056935721705276)
(0.028124099785216586,0.0574596490421957)
(0.02799801710803467,0.05686140003260884)
(0.027871275411541906,0.05626221505111357)
(0.02774388152537132,0.055662120428854774)
(0.02761584227826873,0.05506114246897556)
(0.02748716449787575,0.0544593074457557)
(0.027357855010568297,0.053856641603683135)
(0.027227920641208637,0.05325317115652822)
(0.027097368212938327,0.052648922286471785)
(0.026966204547023517,0.0520439211431734)
(0.026834436462608247,0.05143819384290209)
(0.026702070776517418,0.05083176646762292)
(0.026569114303072742,0.05022466506410313)
(0.026435573853899857,0.049616915643037725)
(0.026301456237679384,0.049008544178170826)
(0.02616676826001506,0.04839957660539695)
(0.026031516723179826,0.04779003882186522)
(0.025895708425930367,0.04717995668516212)
(0.025759350163353793,0.04656935601238988)
(0.025622448726599883,0.045958262579308275)
(0.02548501090273105,0.04534670211948267)
(0.02534704347453599,0.044734700323442456)
(0.025208553220293674,0.04412228283774143)
(0.02506954691360462,0.0435094752642272)
(0.024930031323202304,0.0428963031590677)
(0.024790013212744454,0.04228279203199318)
(0.024649499340628468,0.04166896734540825)
(0.024508496459814136,0.04105485451356614)
(0.02436701131760189,0.04044047890172037)
(0.024225050655476026,0.0398258658253226)
(0.02408262120888975,0.03921104054915391)
(0.02393972970710375,0.03859602828653126)
(0.02379638287294861,0.03798085419845027)
(0.02365258742271038,0.03736554339282524)
(0.023508350065876274,0.0367501209236094)
(0.023363677504984783,0.036134611790028554)
(0.023218576435442454,0.03551904093574774)
(0.02307305354532587,0.034903433248101814)
(0.02292711551519155,0.034287813557250406)
(0.02278076901792746,0.03367220663542154)
(0.022634020718519447,0.03305663719611095)
(0.022486877273914196,0.032441129893270276)
(0.022339345332834288,0.03182570932056187)
(0.02219143153555498,0.031210400010548773)
(0.022043142513794554,0.030595226433933156)
(0.021894484890465256,0.029980212998776)
(0.02174546527953367,0.0293653840497344)
(0.021596090285865996,0.028750763867314403)
(0.021446366504992632,0.0281363766670559)
(0.021296300522975223,0.027522246598849227)
(0.021145898916221907,0.026908397746129763)
(0.020995168251314034,0.026294854125150487)
(0.02084411508483294,0.02568163968424216)
(0.02069274596317778,0.02506877830305586)
(0.020541067422401603,0.024456293791843588)
(0.020389085988057786,0.02384420989072146)
(0.020236808174991926,0.023232550268942453)
(0.020084240487210175,0.022621338524172075)
(0.019931389417678625,0.022010598181764356)
(0.019778261448185803,0.02140035269405258)
(0.019624863049148945,0.0207906254396415)
(0.01947120067946095,0.020181439722691864)
(0.01931728078633484,0.019572818772231368)
(0.01916310980511329,0.01896478574143626)
(0.01900869415912708,0.01835736370695927)
(0.018854040259521917,0.017750575668222194)
(0.018699154505093175,0.017144444546738753)
(0.01854404328213701,0.016538993185437837)
(0.01838871296427679,0.015934244347975354)
(0.018233169912313902,0.015330220718070525)
(0.01807742047405268,0.014726944898836681)
(0.01792147098416532,0.014124439412115324)
(0.01776532776400655,0.013522726697812659)
(0.017608997121481274,0.012921829113254377)
(0.017452485350883982,0.012321768932534947)
(0.017295798732722623,0.011722568345852795)
(0.0171389435335946,0.011124249458896646)
(0.01698192600601342,0.010526834292184718)
(0.016824752388258108,0.00993034478044185)
(0.01666742890423199,0.00933480277197705)
(0.016509961763300267,0.008740230028043233)
(0.016352357160145804,0.008146648222238121)
(0.01619462127461496,0.0075540789398663355)
(0.01603676027157777,0.006962543677353317)
(0.015878780300770244,0.006372063841621465)
(0.015720687496650433,0.005782660749491868)
(0.015562487978257879,0.005194355627095256)
(0.015404187849063243,0.004607169609274985)
(0.015245793196823254,0.004021123738995991)
(0.015087310093440163,0.0034362389667678497)
(0.014928744594818629,0.0028525361500639224)
(0.014770102740719347,0.002270036052741901)
(0.014611390554626243,0.001688759344486549)
(0.014452614043599111,0.0011087266002358296)
(0.014293779198139246,0.0005299582996201566)
(0.014134891992044653,-0.00004752517358492656)
(0.01397595838227989,-0.0006237035320184078)
(0.013816984308835259,-0.0011985565852717832)
(0.013657975694589859,-0.0017720642404362888)
(0.013498938445180521,-0.002344206502639229)
(0.013339878448864596,-0.002914963475571272)
(0.013180801576385614,-0.003484315362016859)
(0.013021713680845473,-0.004052242464380216)
(0.012862620597566491,-0.004618725185194916)
(0.012703528143965742,-0.0051837440276426795)
(0.012544442119426133,-0.005747279596062909)
(0.012385368305157757,-0.0063093125964509755)
(0.012226312464083905,-0.006869823836965239)
(0.01206728034070548,-0.0074287942284107355)
(0.011908277660969819,-0.007986204784734064)
(0.011749310132157345,-0.008542036623509452)
(0.011590383442746589,-0.009096270966418626)
(0.011431503262300646,-0.009648889139722424)
(0.011272675241327147,-0.010199872574724033)
(0.01111390501117903,-0.010749202808257396)
(0.01095519818391334,-0.011296861483126325)
(0.01079656035217984,-0.011842830348563012)
(0.010637997089106782,-0.01238709126068846)
(0.010479513948171558,-0.012929626182949025)
(0.010321116463086807,-0.013470417186566845)
(0.010162810147685029,-0.014009446450968417)
(0.010004600495810709,-0.014546696264212493)
(0.009846492981185145,-0.01508214902343424)
(0.009688493057315568,-0.015615787235249694)
(0.00953060615735753,-0.016147593516179178)
(0.009372837694025402,-0.016677550593059594)
(0.009215193059470831,-0.017205641303448135)
(0.009057677625174027,-0.01773184859604133)
(0.008900296741824526,-0.018256155531038015)
(0.008743055739231108,-0.0187785452805656)
(0.008585959926198254,-0.019299001129062583)
(0.00842901459042136,-0.019817506473631164)
(0.008272224998396097,-0.020334044824463174)
(0.00811559639527924,-0.020848599805164163)
(0.007959134004824538,-0.0213611551531598)
(0.007802843029265075,-0.021871694720048993)
(0.007646728649178771,-0.022380202471936325)
(0.007490796023455207,-0.022886662489829217)
(0.007335050289112043,-0.023391058969957086)
(0.007179496561275947,-0.02389337622410943)
(0.007024139933017282,-0.024393598680001453)
(0.006868985475298391,-0.024891710881587356)
(0.006714038236840017,-0.0253876974893951)
(0.006559303244057524,-0.025881543280845177)
(0.006404785500955569,-0.026373233150586237)
(0.0062504899890187425,-0.02686275211078338)
(0.006096421667132775,-0.02735008529145411)
(0.0059425854714863285,-0.02783521794074453)
(0.005788986315494251,-0.028318135425250295)
(0.005635629089671213,-0.028798823230311327)
(0.005482518661584917,-0.02927726696028149)
(0.00532965987574462,-0.029753452338830987)
(0.005177057553495123,-0.030227365209224633)
(0.005024716492978883,-0.030698991534579046)
(0.004872641469007834,-0.031168317398149962)
(0.004720837232983031,-0.031635329003602636)
(0.004569308512833222,-0.032100012675248896)
(0.004418060012904741,-0.03256235485831425)
(0.004267096413893015,-0.033022342119188655)
(0.004116422372786403,-0.033479961145684835)
(0.003966042522697766,-0.03393519874723222)
(0.0038159614728919926,-0.034388041855172434)
(0.0036661838086659657,-0.03483847752294402)
(0.0035167140912146845,-0.03528649292632404)
(0.003367556857668835,-0.03573207536366999)
(0.0032187166208858375,-0.03617521225607454)
(0.0030701978694999336,-0.03661589114766435)
(0.0029220050677669913,-0.03705409970570022)
(0.0027741426555053248,-0.03748982572088705)
(0.0026266150480349386,-0.03792305710745998)
(0.002479426636102244,-0.038353781903495476)
(0.0023325817858387272,-0.038781988270977105)
(0.0021860848386292472,-0.039207664496064235)
(0.002039940111070618,-0.03963079898921407)
(0.0018941518949408347,-0.04005138028540471)
(0.001748724457089897,-0.04046939704425583)
(0.0016036620393663579,-0.040884838050183524)
(0.0014589688585884078,-0.04129769221262343)
(0.0013146491064454293,-0.04170794856609255)
(0.0011707069494640793,-0.04211559627042412)
(0.0010271465289187764,-0.04252062461083419)
(0.0008839719608005153,-0.04292302299810845)
(0.0007411873357190008,-0.043322780968701124)
(0.0005987967188834792,-0.04371988818491154)
(0.0004568041499820802,-0.04411433443493481)
(0.00031521364323337033,-0.04450610963304275)
(0.00017402918718776545,-0.04489520381965062)
(0.00003325474476343313,-0.045281607161477645)
(-0.00010710574678365865,-0.045665309951570025)
(-0.00024704837601439473,-0.046046302609514055)
(-0.0003865692572818743,-0.04642457568139578)
(-0.0005256645308006459,-0.04680011984000106)
(-0.0006643303627299394,-0.0471729258848246)
(-0.0008025629451755285,-0.04754298474222107)
(-0.0009403584962618299,-0.047910287465396814)
(-0.0010777132602136693,-0.04827482523452909)
(-0.0012146235073434532,-0.04863658935682435)
(-0.0013510855341225913,-0.04899557126659275)
(-0.0014870956632717874,-0.04935176252526407)
(-0.0016226502437300355,-0.049705154821467465)
(-0.0017577456507565314,-0.05005573997106624)
(-0.0018923782859437564,-0.05040350991719398)
(-0.0020265445772818065,-0.05074845673030881)
(-0.0021602409792018016,-0.05109057260822382)
(-0.0022934639725707066,-0.051429849876091664)
(-0.0024262100647766864,-0.05176628098649244)
(-0.0025584757897861923,-0.05209985851938209)
(-0.002690257708109413,-0.052430575182190166)
(-0.002821552406915947,-0.052758423809721545)
(-0.002952356500038435,-0.053083397364242675)
(-0.0030826666279772158,-0.05340548893544936)
(-0.0032124794579698798,-0.05372469174044613)
(-0.003341791684037757,-0.05404099912379705)
(-0.003470600026992859,-0.05435440455740343)
(-0.0035989012344877203,-0.054664901640598736)
(-0.0037266920810018226,-0.05497248410003779)
(-0.0038539693679467643,-0.055277145789726624)
(-0.003980729923614882,-0.055578880690922865)
(-0.004106970603309019,-0.05587768291218881)
(-0.004232688289238766,-0.056173546689226105)
(-0.004357879890676152,-0.05646646638499116)
(-0.0044825423438787145,-0.05675643648945761)
(-0.004606672612186871,-0.05704345161968446)
(-0.00473026768601952,-0.057327506519741736)
(-0.00485332458287099,-0.05760859606058937)
(-0.004975840347390824,-0.05788671524007183)
(-0.005097812051366991,-0.05816185918278216)
(-0.005219236793726957,-0.05843402314003897)
(-0.005340111700653947,-0.058703202489749085)
(-0.005460433925441219,-0.05896939273636488)
(-0.005580200648697902,-0.059232589510783584)
(-0.00569940907821372,-0.05949278857018539)
(-0.005818056449059449,-0.059749985798033534)
(-0.005936140023567025,-0.060004177203896926)
(-0.006053657091355511,-0.060255358923370285)
(-0.006170604969349463,-0.0605035272179832)
(-0.0062869810018159585,-0.06074867847496051)
(-0.006402782560306789,-0.060990809207234715)
(-0.006518007043722373,-0.06122991605330292)
(-0.006632651878286866,-0.061465995777006205)
(-0.006746714517666069,-0.06169904526744404)
(-0.006860192442788069,-0.06192906153887025)
(-0.006973083162002768,-0.06215604173049923)
(-0.007085384211058255,-0.06237998310636763)
(-0.007197093153030564,-0.06260088305515789)
(-0.007308207578451884,-0.06281873909009031)
(-0.007418725105221886,-0.06303354884871876)
(-0.0075286433786339564,-0.0632453100927823)
(-0.007637960071372168,-0.0634540207080476)
(-0.007746672883554067,-0.06365967870405408)
(-0.007854779542716626,-0.06386228221405667)
(-0.007962277803741353,-0.06406182949480153)
(-0.00806916544893668,-0.0642583189261877)
(-0.008175440288082817,-0.06445174901136765)
(-0.008281100158243512,-0.06464211837626901)
(-0.00838614292397223,-0.06482942576956191)
(-0.008490566477172778,-0.06501367006240312)
(-0.00859436873717327,-0.06519485024820829)
(-0.008697547650642795,-0.06537296544249367)
(-0.008800101191662437,-0.06554801488257668)
(-0.008902027361655258,-0.06571999792742526)
(-0.00900332418942174,-0.06588891405746797)
(-0.009103989731122464,-0.06605476287422028)
(-0.009204022070249876,-0.06621754410017301)
(-0.00930341931761306,-0.06637725757849872)
(-0.009402179611404061,-0.06653390327292766)
(-0.009500301117068689,-0.06668748126728413)
(-0.009597782027367335,-0.06683799176542568)
(-0.009694620562329387,-0.06698543509093967)
(-0.009790814969261763,-0.06712981168682916)
(-0.009886363522781843,-0.06727112211533239)
(-0.009981264524619341,-0.06740936705762375)
(-0.010075516303854155,-0.06754454731349056)
(-0.010169117216674392,-0.06767666380117256)
(-0.010262065646541559,-0.06780571755704921)
(-0.010354360003990743,-0.06793170973521984)
(-0.010445998726781843,-0.0680546416074736)
(-0.010536980279734416,-0.06817451456282021)
(-0.010627303154826783,-0.06829133010718604)
(-0.010716965871083306,-0.0684050898632365)
(-0.01080596697460864,-0.06851579557006252)
(-0.010894305038515484,-0.06862344908273799)
(-0.010981978662944486,-0.068728052372145)
(-0.011068986475035906,-0.06882960752467897)
(-0.011155327128876565,-0.06892811674181112)
(-0.011240999305448087,-0.06902358233991032)
(-0.011326001712703307,-0.06911600674977346)
(-0.01141033308539154,-0.06920539251652742)
(-0.011493992185202702,-0.0692917422990071)
(-0.011576977800579832,-0.06937505886967077)
(-0.01165928874675116,-0.06945534511413903)
(-0.011740923865692744,-0.06953260403090314)
(-0.011821882026195297,-0.06960683873094077)
(-0.011902162123598735,-0.06967805243741207)
(-0.011981763079990536,-0.06974624848533714)
(-0.012060683844054601,-0.0698114303211049)
(-0.012138923391072795,-0.06987360150233228)
(-0.012216480722864936,-0.06993276569729445)
(-0.012293354867761928,-0.06998892668473078)
(-0.012369544880597277,-0.07004208835332477)
(-0.012445049842578985,-0.07009225470148878)
(-0.012519868861407128,-0.07013942983683051)
(-0.012594001071074645,-0.07018361797594695)
(-0.012667445631907094,-0.07022482344393723)
(-0.012740201730542747,-0.07026305067402273)
(-0.012812268579811272,-0.07029830420717813)
(-0.012883645418734616,-0.07033058869178369)
(-0.012954331512595564,-0.07035990888315762)
(-0.01302432615262826,-0.0703862696431963)
(-0.013093628656209251,-0.07040967594000991)
(-0.01316223836674835,-0.07043013284747686)
(-0.013230154653639838,-0.07044764554482207)
(-0.013297376912118372,-0.07046221931630248)
(-0.01336390456339363,-0.07047385955062563)
(-0.013429737054479928,-0.0704825717407471)
(-0.01349487385814625,-0.07048836148328806)
(-0.01355931447291025,-0.07049123447816592)
(-0.013623058422995766,-0.0704911965282182)
(-0.013686105258224324,-0.07048825353867649)
(-0.0137484545540672,-0.07048241151685489)
(-0.013810105911435836,-0.07047367657165111)
(-0.013871058956771048,-0.07046205491309138)
(-0.013931313341950028,-0.07044755285192075)
(-0.013990868744202101,-0.07043017679917406)
(-0.01404972486604988,-0.07040993326576069)
(-0.01410788143531278,-0.0703868288618782)
(-0.014165338205008366,-0.07036087029671743)
(-0.014222094953318859,-0.07033206437800064)
(-0.014278151483476456,-0.07030041801139134)
(-0.014333507623746989,-0.07026593820016555)
(-0.014388163227472427,-0.07022863204472443)
(-0.014442118172748463,-0.07018850674210642)
(-0.01449537236266253,-0.07014556958549553)
(-0.014547925725055132,-0.07009982796383854)
(-0.014599778212465823,-0.07005128936128958)
(-0.014650929802159256,-0.06999996135676623)
(-0.014701380495961605,-0.06994585162353402)
(-0.014751130320345645,-0.06988896792859411)
(-0.014800179326144011,-0.06982931813229654)
(-0.014848527588693785,-0.06976691018790684)
(-0.014896175207647968,-0.06970175214093646)
(-0.014943122307015952,-0.06963385212884234)
(-0.014989369034938202,-0.0695632183803922)
(-0.015034915563790621,-0.06948985921534034)
(-0.015079762089992567,-0.06941378304372571)
(-0.015123908833992302,-0.06933499836552846)
(-0.015167356040283624,-0.06925351377005518)
(-0.015210103977116937,-0.06916933793561071)
(-0.015252152936639991,-0.06908247962875154)
(-0.015293503234711297,-0.0689929477039412)
(-0.015334155210933571,-0.06890075110303803)
(-0.015374109228424162,-0.06880589885467572)
(-0.015413365673882773,-0.06870840007385819)
(-0.015451924957498323,-0.06860826396139022)
(-0.015489787512783751,-0.06850549980337953)
(-0.015526953796644054,-0.06840011697068268)
(-0.015563424289150397,-0.06829212491839853)
(-0.015599199493630665,-0.0681815331853357)
(-0.01563427993639441,-0.06806835139352303)
(-0.015668666166882648,-0.06795258924760965)
(-0.015702358757424106,-0.06783425653439308)
(-0.015735358303155967,-0.06771336312225935)
(-0.01576766542212914,-0.0675899189606523)
(-0.0157992807550179,-0.06746393407953705)
(-0.015830204965125733,-0.06733541858878599)
(-0.01586043873836146,-0.06720438267780396)
(-0.015889982783089524,-0.06707083661484485)
(-0.015918837829990238,-0.06693479074647062)
