(-65.77018073529108,3.764508087376145e-12)
(-65.75646376892794,0.9409441405382521)
(-65.71534143954962,1.8807932294656051)
(-65.64689931581447,2.8184558910681057)
(-65.55127954516676,3.7528480764510235)
(-65.42868015774995,4.68289666485035)
(-65.27935410060755,5.607542991211328)
(-65.10360801074472,6.525746276772089)
(-64.90180073786448,7.436486940481204)
(-64.67434162968216,8.338769770410277)
(-64.42168859463398,9.23162693587079)
(-64.14434595850534,10.114120822682365)
(-63.84286213299446,10.985346675938937)
(-63.517827115479285,11.844435036649962)
(-63.169869840261065,12.690553960763497)
(-62.799655402309874,13.522911011274772)
(-62.407882175032555,14.34075501635494)
(-61.995278843826306,15.143377588668463)
(-61.56260137717614,15.930114403253524)
(-61.110629956814,16.700346233489075)
(-60.64016588799207,17.45349974673834)
(-60.15202851025358,18.18904806321803)
(-59.64705212822581,18.90651108347423)
(-59.12608298093736,19.605455591532284)
(-58.58997626699319,20.28549514231555)
(-58.03959324165474,20.94628974328403)
(-57.47579840048764,21.58754534142366)
(-56.899456762783046,22.2090131277138)
(-56.31143126645289,22.810488672014664)
(-55.712580284565846,23.391810901949942)
(-55.10375527215159,23.95286093981578)
(-54.4857985503754,24.493560811834122)
(-53.85954123369088,25.01387204419392)
(-53.22580130413118,25.513794160298627)
(-52.58538183551394,25.99336309347475)
(-51.939069369022015,26.45264952910675)
(-51.28763244039211,26.891757189762043)
(-50.6318202578043,27.310821076369447)
(-49.972361528521894,27.710005677931406)
(-49.30996343138732,28.089503161594795)
(-48.64531073143941,28.449531554195786)
(-47.97906503217734,28.790332925639063)
(-47.31186416035999,29.1121715836873)
(-46.64432167769068,29.415332288931747)
(-45.97702651329531,29.700118497901745)
(-45.310542710550244,29.96685064145831)
(-44.64540928155299,30.2158644448141)
(-43.98214016234398,30.447509294736278)
(-43.3212243198517,30.662146647837446)
(-42.66312565904913,30.860148557684045)
(-42.008283574949985,31.041896119886076)
(-41.35711302112546,31.20777813566693)
(-40.71000491703839,31.358189754341367)
(-40.067326561984856,31.493531200085638)
(-39.42942210090969,31.614206565072287)
(-38.796613037345736,31.720622669878473)
(-38.16919878694912,31.813187991021692)
(-37.54745726605941,31.89231165527976)
(-36.9316455099144,31.958402500056742)
(-36.32200031545423,32.01186819874056)
(-35.718738903961835,32.053114449716865)
(-35.12205959910347,32.082544227462506)
(-34.532142516247944,32.100557093934945)
(-33.9491502592569,32.107548568302256)
(-33.3732286212454,32.103909552916505)
(-32.80450728611315,32.090025813321596)
(-32.24310052793771,32.06627751000078)
(-31.68910790560171,32.033038779507976)
(-31.142614950296263,31.990677362588112)
(-30.603693843798172,31.939554276872293)
(-30.072404085663834,31.880023531732164)
(-29.548793147711613,31.81243188289208)
(-29.032897114381445,31.73711862442578)
(-28.524741307762856,31.65441541580393)
(-28.024340896270644,31.564646141709467)
(-27.531701486123122,31.468126802396377)
(-27.04681969493892,31.36516543243333)
(-26.5696837069167,31.256062045746518)
(-26.100273809198644,31.14110860495147)
(-25.638562909141626,31.020589013044944)
(-25.184517032332906,30.894779125610217)
(-24.738095801287905,30.76394678177355)
(-24.299252894967744,30.628351852266643)
(-23.867936488579247,30.488246302833073)
(-23.44408967543671,30.343874271862433)
(-23.027650869025937,30.195472160357838)
(-22.61855418712746,30.04326873322007)
(-22.216729817731792,29.887485230474326)
(-21.822104367235678,29.728335487278507)
(-21.43460119134194,29.566026061611417)
(-21.05414070911405,29.40075636861307)
(-20.680640700659954,29.232718820621166)
(-20.31401658893833,29.062098972015974)
(-19.95418170619425,28.889075668052)
(-19.60104754554188,28.71382119691694)
(-19.254523998217916,28.536501444318812)
(-18.914519577033712,28.357276049958184)
(-18.58094162655378,28.176298565296772)
(-18.253696520527225,27.993716612083787)
(-17.93268984709429,27.809672041149994)
(-17.6178265822842,27.624301091023874)
(-17.30901125231296,27.43773454596713)
(-17.00614808518077,27.250097893066062)
(-16.709141152057953,27.061511478052687)
(-16.417894498937702,26.872090659563803)
(-16.132312269021266,26.681945961579054)
(-15.852298816288485,26.491183223808193)
(-15.577758810693165,26.299903749826502)
(-15.308597335409168,26.108204452782342)
(-15.044719976538785,25.916177998525193)
(-14.786032905680699,25.7239129460243)
(-14.53244295574068,25.531493884968224)
(-14.28385769035337,25.3390015704545)
(-14.040185467269632,25.146513054695326)
(-13.801335496049157,24.954101815681053)
(-13.567217890384525,24.76183788275744)
(-13.337743715368534,24.569787959085485)
(-13.112825030003426,24.378015540964455)
(-12.892374925237021,24.186581034009784)
(-12.676307557797925,23.995541866186247)
(-12.464538180089194,23.80495259770651)
(-12.256983166387784,23.614865027811955)
(-12.053560035584681,23.4253282984605)
(-11.854187470689634,23.23638899495142)
(-11.6587853353127,23.048091243523224)
(-11.467274687324487,22.860476805965284)
(-11.2795777898861,22.67358517128775)
(-11.095618120030384,22.487453644498583)
(-10.915320374965804,22.30211743253879)
(-10.738610476265693,22.117609727430445)
(-10.565415572096285,21.933961786693658)
(-10.395664037628757,21.75120301109086)
(-10.229285473772284,21.569361019757928)
(-10.066210704357488,21.38846172278333)
(-9.906371771892042,21.208529391296565)
(-9.749701932003443,21.029586725128627)
(-9.596135646676936,20.8516549181068)
(-9.445608576390423,20.674753721046773)
(-9.298057571241875,20.49890150250464)
(-9.153420661159211,20.324115307351338)
(-9.011637045276803,20.150410913231443)
(-8.87264708055783,19.977802884968018)
(-8.73639226973667,19.80630462697416)
(-8.602815248650636,19.63592843373149)
(-8.471859773026214,19.466685538394664)
(-8.343470704780541,19.29858615958029)
(-8.217593997895072,19.131639546397526)
(-8.09417668391434,18.96585402177644)
(-7.9731668571195025,18.801237024149433)
(-7.854513659422737,18.63779514753971)
(-7.738167265025483,18.475534180109303)
(-7.624078864880504,18.31445914121871)
(-7.512200650994936,18.154574317048123)
(-7.402485800608713,17.995883294829795)
(-7.294888460280306,17.838388995738896)
(-7.189363729909367,17.682093706490207)
(-7.085867646723437,17.526999109685306)
(-6.9843571692540785,17.373106312954857)
(-6.884790161325469,17.22041587693859)
(-6.787125376076943,17.06892784214451)
(-6.691322440043686,16.918641754735223)
(-6.597341837284853,16.769556691237316)
(-6.505144893649374,16.621671282315933)
(-6.414693761094123,16.474983735516663)
(-6.325951402144906,16.329491857108074)
(-6.2388815744815185,16.185193073021463)
(-6.1534488156638005,16.04208444892718)
(-6.069618428008708,15.900162709480107)
(-5.987356463627793,15.75942425676516)
(-5.90662970963326,15.619865187973334)
(-5.827405673520095,15.481481312337491)
(-5.749652568730617,15.344268167355963)
(-5.673339300407173,15.208221034331538)
(-5.5984354513379335,15.073334953251972)
(-5.5249112680999914,14.939604737037582)
(-5.452737647403264,14.807024985180147)
(-5.381886122638273,14.675590096797139)
(-5.312328850630188,14.545294283123575)
(-5.244038598601184,14.416131579463565)
(-5.176988731342493,14.288095856622622)
(-5.111153198597504,14.161180831840904)
(-5.046506522656451,14.035380079246996)
(-4.9830237861633755,13.910687039851037)
(-4.920680620135387,13.787095031095397)
(-4.859453192194142,13.664597255980295)
(-4.799318195009054,13.543186811781572)
(-4.740252834951658,13.422856698376572)
(-4.6822348209600975,13.303599826194247)
(-4.625242353612558,13.185409023804475)
(-4.569254114408146,13.068277045161386)
(-4.514249255253632,12.952196576514664)
(-4.46020738815406,12.837160243002511)
(-4.407108575105154,12.723160614939157)
(-4.354933318185382,12.610190213809545)
(-4.303662549845169,12.498241517982857)
(-4.25327762339097,12.387306968156643)
(-4.203760303661532,12.277378972542211)
(-4.155092757893892,12.16844991180179)
(-4.107257546776576,12.06051214374777)
(-4.06023761568727,11.953558007813282)
(-4.014016286112642,11.847579829303726)
(-3.9685772472474774,11.742569923438055)
(-3.9239045481109716,11.638520599110489)
(-3.879982588149183,11.535424162967475)
(-3.836796111318098,11.43327292204705)
(-3.794330197136728,11.332059187715974)
(-3.7525702534330496,11.231775278603699)
(-3.711502008963642,11.132413523556913)
(-3.671111506193182,11.033966264438519)
(-3.6313850942310557,10.936425858777863)
(-3.5923094219220717,10.839784682278424)
(-3.5538714310885537,10.744035131189037)
(-3.5160583499209905,10.649169624544525)
(-3.4788576865143424,10.555180606281239)
(-3.442257222547353,10.462060547232964)
(-3.4062450071020174,10.369801947012377)
(-3.370809350620402,10.278397335782836)
(-3.335938818996339,10.187839275925462)
(-3.3016222277989837,10.098120363605956)
(-3.2678486366258377,10.009233230245485)
(-3.2346073435824962,9.921170543900008)
(-3.2018878798865362,9.833925010551875)
(-3.1696800045929803,9.747489375317725)
(-3.1379736994388767,9.661856423576289)
(-3.106759163804339,9.577018982019704)
(-3.0760268097878654,9.49296991963181)
(-3.045767257393154,9.409702148596493)
(-3.015971329825456,9.327208625139592)
(-2.986630048894686,9.245482350307011)
(-2.9577346305233565,9.164516370682094)
(-2.929276480356856,9.084303779045095)
(-2.9012471894738905,9.004837714977324)
(-2.8736385301949454,8.926111365412462)
(-2.846442451986524,8.84811796513764)
(-2.819651077459203,8.770850797246574)
(-2.7932566984572285,8.694303193546835)
(-2.7672517722378256,8.61846853492376)
(-2.741628917738041,8.543340251662691)
(-2.7163809119273443,8.468911823731837)
(-2.691500686243863,8.395176781027388)
(-2.6669813231125956,8.322128703583006)
(-2.6428160525435147,8.249761221745088)
(-2.6189982488079915,8.17806801631579)
(-2.595521427191568,8.107042818665162)
(-2.5723792408214985,8.03667941081419)
(-2.549565477567227,7.966971625489875)
(-2.5270740570122525,7.8979133461541196)
(-2.504899027495675,7.829498507007539)
(-2.4830345632218194,7.76172109296948)
(-2.461474961436484,7.694575139635703)
(-2.4402146396681292,7.628054733214627)
(-2.4192481330326276,7.562154010443497)
(-2.3985700916000776,7.496867158485437)
(-2.3781752778221965,7.432188414808437)
(-2.358058564018993,7.368112067047368)
(-2.338214929923266,7.304632452849828)
(-2.3186394602816165,7.241743959706851)
(-2.299327342510678,7.179441024769264)
(-2.2802738644072513,7.117718134650602)
(-2.261474411911122,7.056569825217328)
(-2.2429244669193475,6.99599068136709)
(-2.2246196051507496,6.935975336795879)
(-2.2065554940595202,6.876518473754558)
(-2.188727890796772,6.8176148227956865)
(-2.1711326402188686,6.7592591625110785)
(-2.153765672941585,6.701446319260796)
(-2.1366230034388134,6.644171166894097)
(-2.119700728184964,6.587428626463044)
(-2.1029950238400144,6.531213665929039)
(-2.086502145476056,6.475521299863095)
(-2.070218424844587,6.4203465891400615)
(-2.0541402686834753,6.365684640627495)
(-2.0382641570624647,6.311530606869625)
(-2.0225866417674747,6.257879685765561)
(-2.0071043447201555,6.204727120245832)
(-1.9918139564351849,6.152068197942504)
(-1.976712234512014,6.0998982508571356)
(-1.961796002161294,6.0482126550253925)
(-1.9470621467648248,5.9970068301788455)
(-1.9325076184684495,5.946276239404381)
(-1.918129428806924,5.896016388801306)
(-1.9039246493602429,5.8462228271367565)
(-1.8898904104404322,5.7968911454993295)
(-1.8760238998082703,5.748016976951451)
(-1.8623223614192677,5.699595996180598)
(-1.8487830941980112,5.651623919149644)
(-1.8354034508404327,5.604096502746562)
(-1.8221808366432632,5.557009544433634)
(-1.8091127083599987,5.510358881896456)
(-1.7961965730828777,5.464140392692832)
(-1.7834299871501311,5.418349993901812)
(-1.770810555078007,5.372983641772979)
(-1.758335928516976,5.328037331376238)
(-1.7460038052315647,5.283507096252145)
(-1.7338119281032274,5.239389008063015)
(-1.721758084155757,5.1956791762449)
(-1.7098401036027693,5.152373747660605)
(-1.6980558589165475,5.1094689062538)
(-1.6864032639180562,5.066960872704458)
(-1.674880272887327,5.0248459040855735)
(-1.6634848796939312,4.983120293521426)
(-1.6522151169470514,4.941780369847373)
(-1.6410690551645488,4.9008224972713315)
(-1.6300448019608313,4.860243075036922)
(-1.6191405012528386,4.820038537088562)
(-1.6083543324838467,4.78020535173833)
(-1.5976845098647192,4.740740021334819)
(-1.5871292816320366,4.701639081934073)
(-1.5766869293228722,4.6628991029724505)
(-1.566355767065817,4.624516686941749)
(-1.5561341408876719,4.5864884690664205)
(-1.546020428035807,4.548811116983016)
(-1.5360130363154822,4.511481330421854)
(-1.5261104034420232,4.474495840891012)
(-1.5163109964073862,4.4378514113625895)
(-1.5066133108608717,4.401544835961375)
(-1.4970158705036019,4.3655729396558565)
(-1.48751722649651,4.329932577951655)
(-1.4781159568814743,4.294620636587416)
(-1.4688106660153977,4.2596340312331415)
(-1.4595999840168143,4.224969707191063)
(-1.4504825662248544,4.190624639098997)
(-1.441457092670218,4.156595830636277)
(-1.4325222675578921,4.122880314232226)
(-1.4236768187613638,4.089475150777266)
(-1.4149194973280317,4.056377429336552)
(-1.4062490769955767,4.023584266866344)
(-1.39766435371899,3.991092807932849)
(-1.3891641452080543,3.9589002244338563)
(-1.3807472904750258,3.9270037153228547)
(-1.3724126493921913,3.89540050633589)
(-1.36415910225921,3.8640878497209914)
(-1.3559855493798347,3.833063023970172)
(-1.3478909106479862,3.802323333554066)
(-1.3398741251427466,3.771866108659133)
(-1.3319341507323146,3.7416887049273764)
(-1.3240699636864617,3.7117885031986013)
(-1.3162805582975423,3.6821629092551826)
(-1.308564946509714,3.652809353569335)
(-1.3009221575562742,3.623725291052795)
(-1.293351237604986,3.5949082008089746)
(-1.2858512494109369,3.566355585887659)
(-1.2784212719774262,3.538064973041876)
(-1.271060400223969,3.5100339124874838)
(-1.2637677446617488,3.482259977664974)
(-1.2565424310762572,3.4547407650038466)
(-1.2493836002168952,3.427473893689326)
(-1.2422904074935188,3.4004570054315724)
(-1.2352620226796016,3.3736877642373786)
(-1.2282976296220263,3.34716385618428)
(-1.2213964259571912,3.3208829891972065)
(-1.2145576228334405,3.294842892827543)
(-1.207780444639436,3.269041318034732)
(-1.2010641287384822,3.2434760369703146)
(-1.1944079252085695,3.218144842764417)
(-1.187811096587929,3.193045549314638)
(-1.181272917625993,3.1681759910773453)
(-1.1747926750396525,3.1435340228612794)
(-1.1683696672745192,3.119117519623423)
(-1.162003204271247,3.0949243762670986)
(-1.1556926072366207,3.0709525074422115)
(-1.1494372084195112,3.047199847347561)
(-1.1432363508913541,3.0236643495351694)
(-1.1370893883313629,3.000343986716565)
(-1.1309956848161853,2.9772367505709756)
(-1.1249546146141434,2.954340651555389)
(-1.118965561983803,2.9316537187164413)
(-1.1130279209770568,2.9091739995041404)
(-1.1071410952466103,2.8868995595874414)
(-1.1013044978577415,2.8648284826716623)
(-1.095517551104387,2.8429588703178057)
(-1.089779686329504,2.821288841763803)
(-1.084090343749565,2.7998165337478147)
(-1.0784489722829214,2.778540100335394)
(-1.0728550293827595,2.757457712739495)
(-1.0673079808734387,2.736567559161222)
(-1.0618073007901325,2.7158678446143334)
(-1.0563524712225427,2.6953567907611955)
(-1.0509429821617344,2.675032635749008)
(-1.0455783313501277,2.654893634048418)
(-1.0402580241344124,2.634938056294154)
(-1.0349815733213104,2.615164189127842)
(-1.0297484990358832,2.5955703350426793)
(-1.0245583285824449,2.5761548122300324)
(-1.0194105963077782,2.5569159544276503)
(-1.0143048434667787,2.5378521107694594)
(-1.0092406180904008,2.5189616456366863)
(-1.0042174748559032,2.50024293851021)
(-0.9992349749595436,2.4816943838240393)
(-0.9942926859917536,2.4633143908197273)
(-0.9893901818148674,2.4451013834017568)
(-0.984527042443607,2.4270537999938373)
(-0.9797028539284063,2.4091700933960833)
(-0.9749172082417021,2.3914487306432872)
(-0.9701697031673063,2.3738881928642743)
(-0.9654599421928485,2.3564869751425457)
(-0.9607875344054371,2.3392435863784526)
(-0.9561520943903452,2.322156549153024)
(-0.9515532421327207,2.3052243995937083)
(-0.9469906029221193,2.2884456872422563)
(-0.9424638072596433,2.27181897492485)
(-0.9379724907673771,2.2553428386246384)
(-0.9335162940998591,2.239015867356758)
(-0.9290948586590433,2.222836661850523)
(-0.924707843614044,2.206803838139157)
(-0.9203548999794954,2.1909160235597445)
(-0.9160356876630683,2.1751718581277704)
(-0.91174987116049,2.1595699942953543)
(-0.9074971194737663,2.144109096833323)
(-0.9032771060310906,2.128787842714377)
(-0.8990895086083637,2.1136049209976333)
(-0.8949340092524058,2.0985590327143475)
(-0.8908102942056861,2.0836488907549082)
(-0.8867180538326414,2.0688732197569926)
(-0.8826569825475026,2.054230755994987)
(-0.8786267787436434,2.039720247270545)
(-0.8746271447242769,2.025340452804323)
(-0.8706577866347178,2.0110901431289125)
(-0.8667184143959159,1.9969680999827966)
(-0.8628087416394138,1.9829731162056246)
(-0.8589284856435874,1.969103995634398)
(-0.855077367271265,1.9553595530009384)
(-0.8512551109085416,1.9417386138302655)
(-0.8474614444048839,1.9282400143402165)
(-0.8436960990144057,1.914862601341998)
(-0.8399588093384363,1.9016052321418502)
(-0.8362493132691298,1.8884667744437287)
(-0.8325673519343274,1.8754461062530148)
(-0.8289126696434368,1.862542115781222)
(-0.8252850138344986,1.8497537013517034)
(-0.8216841350222505,1.8370797713063562)
(-0.8181097867472904,1.8245192439132625)
(-0.8145617255262144,1.8120710472753714)
(-0.8110397108027884,1.7997341192400045)
(-0.8075435049001054,1.7875074073094317)
(-0.8040728729736498,1.7753898685522524)
(-0.8006275829654328,1.7633804695158268)
(-0.7972074055588125,1.7514781861394397)
(-0.7938121141344578,1.7396820036685157)
(-0.790441484727032,1.7279909165696117)
(-0.7870952959828361,1.7164039284463506)
(-0.7837733291181738,1.7049200519561336)
(-0.7804753678786932,1.6935383087278209)
(-0.7772011984993998,1.682257729280084)
(-0.7739506096655221,1.6710773529407827)
(-0.7707233924741365,1.659996227766975)
(-0.7675193403965795,1.6490134104658905)
(-0.7643382492415117,1.6381279663165838)
(-0.7611799171188054,1.6273389690924591)
(-0.7580441444040594,1.6166455009845269)
(-0.7549307337038759,1.606046652525447)
(-0.7518394898217484,1.5955415225143463)
(-0.7487702197246398,1.5851292179423653)
(-0.7457227325102663,1.5748088539189566)
(-0.7426968393748794,1.5645795535989262)
(-0.7396923535818151,1.5544404481101863)
(-0.7367090904305408,1.544390676482225)
(-0.7337468672263959,1.5344293855753082)
(-0.7308055032507949,1.5245557300103436)
(-0.7278848197321157,1.5147688720994643)
(-0.7249846398170678,1.505067981777287)
(-0.722104788542676,1.495452236532841)
(-0.7192450928086741,1.4859208213421589)
(-0.7164053813505763,1.4764729286015652)
(-0.713585484713155,1.4671077580615324)
(-0.7107852352244585,1.4578245167613129)
(-0.7080044669702867,1.448622418964035)
(-0.7052430157691978,1.4395006860925936)
(-0.7025007191479399,1.430458546666063)
(-0.6997774163173484,1.4214952362367248)
(-0.6970729481487178,1.4126099973278081)
(-0.694387157150575,1.4038020793716217)
(-0.6917198874459185,1.3950707386485377)
(-0.6890709847498543,1.386415238226323)
(-0.686440296347667,1.3778348479002545)
(-0.6838276710732547,1.3693288441336138)
(-0.6812329592880217,1.3608965099989192)
(-0.6786560128600793,1.3525371351195703)
(-0.6760966851438837,1.3442500156121993)
(-0.673554830960247,1.336034454029401)
(-0.6710303065766473,1.3278897593031542)
(-0.668522969687991,1.3198152466886577)
(-0.6660326793975926,1.311810237708792)
(-0.6635592961986733,1.303874060099037)
(-0.6611026819559758,1.2960060477529118)
(-0.6586626998878942,1.2882055406679693)
(-0.6562392145488345,1.2804718848922567)
(-0.6538320918118661,1.2728044324712868)
(-0.6514411988517421,1.2652025413954826)
(-0.6490664041281802,1.257665575548155)
(-0.6467075773694624,1.250192904653914)
(-0.6443645895562501,1.2427839042276068)
(-0.6420373129058055,1.2354379555236585)
(-0.6397256208563531,1.2281544454859712)
(-0.6374293880518213,1.2209327666981618)
(-0.635148490326767,1.213772317334419)
(-0.6328828046916081,1.2066725011106603)
(-0.6306322093180713,1.1996327272362142)
(-0.6283965835249389,1.1926524103659069)
(-0.6261758077639717,1.1857309705526518)
(-0.6239697636061211,1.1788678332003617)
(-0.6217783337279602,1.1720624290174047)
(-0.6196014018983248,1.1653141939703915)
(-0.6174388529651772,1.1586225692384395)
(-0.6152905728427324,1.1519870011678306)
(-0.6131564484987514,1.1454069412270649)
(-0.6110363679420567,1.1388818459623085)
(-0.6089302202102225,1.132411176953329)
(-0.6068378953575672,1.125994400769713)
(-0.6047592844431992,1.1196309889275016)
(-0.6026942795193839,1.1133204178463247)
(-0.6006427736199892,1.1070621688067355)
(-0.5986046607492229,1.100855727908095)
(-0.5965798358704593,1.094700586026702)
(-0.5945681948952796,1.088596238774395)
(-0.5925696346727338,1.0825421864574438)
(-0.5905840529786575,1.0765379340358758)
(-0.5886113485052732,1.0705829910830926)
(-0.586651420850867,1.0646768717458848)
(-0.5847041705097175,1.05881909470483)
(-0.5827694988620701,1.053009183134939)
(-0.5808473081643346,1.0472466646667615)
(-0.578937501539444,1.0415310713477528)
(-0.5770399829673195,1.0358619396040438)
(-0.5751546572754853,1.0302388102024573)
(-0.5732814301298497,1.0246612282129934)
(-0.5714202080256038,1.019128742971474)
(-0.5695708982782755,1.0136409080426594)
(-0.5677334090148929,1.0081972811836182)
(-0.5659076491652817,1.0027974243073994)
(-0.5640935284535129,0.997440903447047)
(-0.5622909573894572,0.9921272887199899)
(-0.5604998472604703,0.9868561542925834)
(-0.5587201101231629,0.9816270783451042)
(-0.5569516587953871,0.9764396430370025)
(-0.5551944068481756,0.9712934344724197)
(-0.5534482685979972,0.9661880426660344)
(-0.5517131590989269,0.961123061509208)
(-0.5499889941350704,0.9560980887364072)
(-0.5482756902130085,0.9511127258919377)
(-0.5465731645544005,0.9461665782969025)
(-0.5448813350886605,0.9412592550165406)
(-0.5432001204457118,0.9363903688277372)
(-0.5415294399489508,0.9315595361869213)
(-0.5398692136081116,0.9267663771981322)
(-0.5382193621124527,0.9220105155814572)
(-0.5365798068238503,0.9172915786416538)
(-0.5349504697701151,0.9126091972370998)
(-0.5333312736382702,0.9079630057489501)
(-0.5317221417680909,0.9033526420506379)
(-0.5301229981455093,0.8987777474775573)
(-0.5285337673963605,0.8942379667970362)
(-0.5269543747799229,0.8897329481785454)
(-0.5253847461828584,0.8852623431642295)
(-0.5238248081129191,0.8808258066395703)
(-0.5222744876929832,0.8764229968043787)
(-0.5207337126550142,0.8720535751440264)
(-0.5192024113341809,0.8677172064009279)
(-0.5176805126629842,0.8634135585461762)
(-0.5161679461655309,0.8591423027515493)
(-0.5146646419518194,0.8549031133616722)
(-0.5131705307120947,0.8506956678663858)
(-0.5116855437113511,0.846519646873449)
(-0.510209612783805,0.8423747340813725)
(-0.5087426703275016,0.83826061625254)
(-0.5072846492989237,0.8341769831865388)
(-0.505835483207755,0.8301235276936714)
(-0.5043951061116313,0.8260999455687728)
(-0.5029634526109584,0.8221059355651785)
(-0.501540457843835,0.818141199368933)
(-0.5001260574810236,0.8142054415732277)
(-0.49872018772094034,0.8102983696530007)
(-0.4973227852847485,0.8064196939398557)
(-0.49593378741147454,0.8025691275970392)
(-0.49455313185322397,0.7987463865947735)
(-0.49318075687039525,0.7949511896856981)
(-0.49181660122699555,0.791183258380547)
(-0.4904606041860154,0.7874423169240403)
(-0.4891127055047929,0.7837280922709483)
(-0.48777284543047505,0.7800403140623912)
(-0.48644096469554027,0.7763787146023025)
(-0.48511700451336753,0.772743028834096)
(-0.48380090657381264,0.7691329943175583)
(-0.48249261303887586,0.7655483512058703)
(-0.4811920665383834,0.7619888422228799)
(-0.4798992101657897,0.7584542126405308)
(-0.47861398747390604,0.7549442102564511)
(-0.4773363424707791,0.7514585853718604)
(-0.47606621961558,0.7479970907694342)
(-0.47480356381449623,0.7445594816915678)
(-0.4735483204167386,0.7411455158187227)
(-0.47230043521052145,0.737754953247911)
(-0.4710598544191662,0.7343875564714515)
(-0.4698265246971421,0.7310430903558495)
(-0.46860039312625174,0.7277213221208509)
(-0.467381407211765,0.7244220213186716)
(-0.4661695148786733,0.7211449598134122)
(-0.46496466446793283,0.7178899117606378)
(-0.4637668047327458,0.7146566535871213)
(-0.46257588483488316,0.7114449639707453)
(-0.46139185434111857,0.7082546238205992)
(-0.460214663219524,0.7050854162571875)
(-0.45904426183603547,0.7019371265928759)
(-0.4578806009508136,0.6988095423124199)
(-0.456723631714844,0.6957024530537241)
(-0.45557330566642046,0.6926156505886994)
(-0.4544295747277753,0.6895489288043223)
(-0.4532923912016677,0.6865020836838202)
(-0.45216170776801673,0.6834749132880498)
(-0.4510374774806131,0.6804672177369786)
(-0.449919653763802,0.677478799191356)
(-0.4488081904092705,0.6745094618345101)
(-0.4477030415727707,0.6715590118543313)
(-0.446604161770938,0.6686272574253701)
(-0.44551150587817306,0.6657140086910823)
(-0.44442502912343707,0.6628190777462362)
(-0.443344687087219,0.6599422786194878)
(-0.4422704356984095,0.6570834272559958)
(-0.4412022312312716,0.654242341500357)
(-0.4401400303024494,0.6514188410794897)
(-0.4390837898679294,0.6486127475857977)
(-0.4380334672201313,0.6458238844604234)
(-0.4369890199849492,0.6430520769765854)
(-0.43595040611884844,0.6402971522231837)
(-0.43491758390598945,0.6375589390884193)
(-0.43389051195538486,0.6348372682435668)
(-0.4328691491980614,0.632131972126955)
(-0.4318534548842583,0.6294428849280018)
(-0.4308433885806594,0.6267698425714197)
(-0.4298389101676777,0.6241126827015343)
(-0.4288399798366597,0.6214712446667092)
(-0.4278465580872476,0.6188453695039849)
(-0.4268586057246844,0.6162348999237414)
(-0.4258760838571564,0.6136396802945591)
(-0.42489895389320514,0.6110595566281359)
(-0.4239271775390412,0.6084943765644173)
(-0.4229607167960722,0.6059439893567697)
(-0.4219995339582706,0.6034082458573305)
(-0.4210435916096708,0.6008869985024282)
(-0.42009285262185453,0.5983801012981725)
(-0.41914728015146735,0.5958874098061043)
(-0.41820683763773053,0.593408781129084)
(-0.41727148880003256,0.5909440738971025)
(-0.4163411976354887,0.5884931482534219)
(-0.4154159284165291,0.5860558658406184)
(-0.4144956456885491,0.5836320897869656)
(-0.41358031426752423,0.5812216846927157)
(-0.41266989923767305,0.5788245166166657)
(-0.4117643659491909,0.5764404530626979)
(-0.4108636800158719,0.5740693629665404)
(-0.40996780731287275,0.5717111166825786)
(-0.40907671397449746,0.5693655859707761)
(-0.4081903663918801,0.56703264398372)
(-0.40730873121084876,0.564712165253783)
(-0.4064317753296486,0.5624040256803458)
(-0.4055594658968367,0.5601081025171935)
(-0.40469177030908066,0.5578242743599531)
(-0.4038286562090256,0.5555524211336479)
(-0.40297009148317203,0.5532924240804417)
(-0.4021160442598032,0.551044165747281)
(-0.4012664829068453,0.5488075299738993)
(-0.40042137602984745,0.5465824018807109)
(-0.3995806924698897,0.544368667856934)
(-0.39874440130163175,0.5421662155486889)
(-0.3979124718311951,0.5399749338473563)
(-0.39708487359425665,0.5377947128778613)
(-0.3962615763540071,0.5356254439872207)
(-0.39544255009923446,0.5334670197330337)
(-0.39462776504236247,0.5313193338721562)
(-0.3938171916175115,0.5291822813494529)
(-0.39301080047862913,0.5270557582866784)
(-0.39220856249754377,0.5249396619713166)
(-0.39141044876210945,0.5228338908456902)
(-0.39061643057438217,0.5207383444960422)
(-0.38982647944871923,0.5186529236417603)
(-0.38904056710996093,0.5165775301246468)
(-0.38825866549166405,0.5145120668983365)
(-0.38748074673424454,0.512456438017739)
(-0.3867067831832471,0.510410548628663)
(-0.3859367473875309,0.5083743049573712)
(-0.3851706120975819,0.5063476143003857)
(-0.3844083502636963,0.5043303850143037)
(-0.38364993503434613,0.5023225265056449)
(-0.38289533975440837,0.5003239492209448)
(-0.382144537963509,0.4983345646367273)
(-0.3813975033943457,0.49635428524970804)
(-0.3806542099710192,0.494383024567048)
(-0.3799146318073792,0.4924206970966151)
(-0.37917874320541667,0.4904672183374699)
(-0.3784465186536169,0.48852250477026576)
(-0.3777179328253967,0.48658647384783643)
(-0.37699296057748155,0.48465904398588233)
(-0.37627157694831037,0.48274013455360465)
(-0.37555375715657585,0.4808296658645818)
(-0.37483947659950295,0.4789275591675846)
(-0.37412871085151045,0.47703373663755855)
(-0.37342143566255886,0.47514812136662254)
(-0.3727176269566729,0.47327063735521097)
(-0.37201726083047787,0.4714012095031877)
(-0.37132031355166917,0.4695397636011602)
(-0.370626761557626,0.4676862263217748)
(-0.3699365814538538,0.46584052521108443)
(-0.36924975001261523,0.46400258868005767)
(-0.3685662441714646,0.4621723459961264)
(-0.3678860410318839,0.46034972727471973)
(-0.36720911785780774,0.4585346634710629)
(-0.3665354520742771,0.45672708637182713)
(-0.36586502126606285,0.4549269285869959)
(-0.3651978031762882,0.45313412354178656)
(-0.36453377570505346,0.45134860546850764)
(-0.3638729169081251,0.4495703093987178)
(-0.36321520499560694,0.4477991711552043)
(-0.3625606183306143,0.4460351273442273)
(-0.36190913542795033,0.44427811534768286)
(-0.3612607349528171,0.4425280733154391)
(-0.36061539571958856,0.44078494015768716)
(-0.3599730966904644,0.4390486555373429)
(-0.35933381697421624,0.4373191598625588)
(-0.35869753582501646,0.43559639427924723)
(-0.3580642326410911,0.433880300663741)
(-0.35743388696360456,0.4321708216154082)
(-0.3568064784753546,0.4304679004494399)
(-0.35618198699964027,0.42877148118960867)
(-0.35556039249900545,0.4270815085611908)
(-0.35494167507409236,0.42539792798381315)
(-0.354325814962486,0.4237206855645051)
(-0.35371279253751703,0.42204972809067187)
(-0.35310258830713803,0.42038500302327925)
(-0.35249518291275617,0.4187264584899167)
(-0.35189055712818335,0.41707404327809466)
(-0.3512886918583867,0.41542770682850816)
(-0.3506895681385112,0.41378739922830404)
(-0.35009316713270144,0.4121530712045483)
(-0.3494994701330625,0.4105246741176753)
(-0.3489084585585151,0.40890215995489226)
(-0.34832011395381074,0.407285481323859)
(-0.3477344179884251,0.4056745914462473)
(-0.3471513524555513,0.40406944415137147)
(-0.3465708992709882,0.40246999386999793)
(-0.3459930404721968,0.40087619562804244)
(-0.34541775821720805,0.39928800504042256)
(-0.34484503478372597,0.39770537830496994)
(-0.3442748525679355,0.3961282721963439)
(-0.343707194083748,0.3945566440600057)
(-0.34314204196163894,0.39299045180626613)
(-0.34257937894775214,0.3914296539043997)
(-0.34201918790295605,0.3898742093767233)
(-0.3414614518018342,0.38832407779287864)
(-0.34090615373177524,0.38677921926399)
(-0.3403532768920632,0.38523959443701766)
(-0.3398028045928855,0.3837051644890325)
(-0.3392547202544641,0.38217589112166084)
(-0.33870900740615995,0.38065173655553025)
(-0.3381656496855251,0.3791326635246644)
(-0.3376246308374501,0.377618635271149)
(-0.3370859347132834,0.3761096155395781)
(-0.3365495452698996,0.3746055685718251)
(-0.336015446568941,0.3731064591015498)
(-0.3354836227758559,0.3716122523490842)
(-0.3349540581591096,0.3701229140160538)
(-0.3344267370893031,0.3686384102803322)
(-0.3339016440384119,0.36715870779074894)
(-0.33337876357888974,0.3656837736621076)
(-0.3328580803828683,0.3642135754700632)
(-0.3323395792214054,0.362748081246151)
(-0.3318232449635759,0.36128725947280077)
(-0.33130906257581066,0.3598310790784041)
(-0.33079701712096965,0.3583795094324786)
(-0.33028709375772053,0.35693252034074324)
(-0.32977927773964566,0.3554900820404132)
(-0.3292735544145139,0.3540521651953993)
(-0.32876990922358246,0.3526187408916053)
(-0.3282683277007708,0.3511897806322455)
(-0.3277687954719753,0.34976525633323324)
(-0.3272712982543041,0.34834514031857455)
(-0.32677582185537907,0.3469294053158331)
(-0.3262823521726108,0.3455180244515856)
(-0.32579087519247685,0.3441109712470112)
(-0.3253013769898469,0.3427082196133997)
(-0.3248138437272269,0.3413097438478033)
(-0.3243282616541767,0.33991551862867314)
(-0.32384461710648543,0.33852551901150013)
(-0.32336289650564637,0.33713972042460016)
(-0.32288308635807333,0.33575809866484607)
(-0.32240517325449225,0.3343806298934508)
(-0.3219291438692863,0.33300729063184153)
(-0.3214549849598248,0.33163805775747984)
(-0.32098268336584423,0.330272908499833)
(-0.32051222600880996,0.3289118204362384)
(-0.3200435998912573,0.3275547714879659)
(-0.3195767920962283,0.32620173991617557)
(-0.3191117897866088,0.3248527043179793)
(-0.31864858020452996,0.3235076436225484)
(-0.31818715067075104,0.3221665370872054)
(-0.3177274885841199,0.3208293642936278)
(-0.3172695814208967,0.31949610514395765)
(-0.31681341673424795,0.3181667398571008)
(-0.3163589821536155,0.31684124896494686)
(-0.31590626538416533,0.315519613308641)
(-0.31545525420622755,0.31420181403495867)
(-0.31500593647472264,0.3128878325926154)
(-0.3145583001185895,0.311577650728696)
(-0.31411233314026726,0.3102712504850203)
(-0.31366802361515894,0.3089686141946415)
(-0.31322535969103393,0.3076697244783053)
(-0.31278432958759245,0.3063745642410115)
(-0.31234492159581123,0.30508311666845517)
(-0.3119071240775703,0.30379536522374817)
(-0.31147092546501676,0.30251129364390644)
(-0.3110363142600843,0.30123088593655795)
(-0.31060327903402163,0.2999541263765561)
(-0.31017180842689,0.2986809995027768)
(-0.30974189114702655,0.2974114901147082)
(-0.30931351597058554,0.29614558326933144)
(-0.3088866717410496,0.29488326427785105)
(-0.3084613473687451,0.293624518702489)
(-0.30803753183038923,0.29236933235341467)
(-0.3076152141685817,0.2911176912855121)
(-0.307194383491376,0.2898695817953889)
(-0.30677502897180753,0.28862499041818473)
(-0.30635713984743684,0.28738390392465674)
(-0.30594070541989493,0.28614630931806473)
(-0.3055257150544625,0.2849121938312442)
(-0.3051121581796161,0.28368154492362413)
(-0.3047000242865612,0.28245435027828175)
(-0.3042893029288565,0.2812305977990704)
(-0.30387998372196107,0.2800102756076914)
(-0.3034720563428077,0.27879337204089305)
(-0.30306551052939307,0.27757987564760495)
(-0.3026603360803753,0.27636977518614025)
(-0.3022565228546327,0.2751630596214424)
(-0.30185406077091304,0.27395971812231407)
(-0.3014529398073725,0.27275974005870557)
(-0.30105315000124133,0.2715631149989509)
(-0.30065468144838464,0.2703698327072513)
(-0.30025752430294095,0.2691798831408146)
(-0.29986166877692894,0.26799325644740124)
(-0.29946710513986957,0.2668099429625985)
(-0.29907382371844204,0.26562993320734773)
(-0.29868181489605816,0.26445321788530046)
(-0.2982910691125393,0.2632797878803524)
(-0.2979015768637292,0.26210963425407624)
(-0.29751332870115377,0.2609427482432692)
(-0.2971263152316634,0.2597791212575359)
(-0.29674052711707666,0.25861874487675746)
(-0.2963559550738165,0.25746161084872343)
(-0.295972589872606,0.25630771108675615)
(-0.29559042233809996,0.25515703766731357)
(-0.2952094433485648,0.254009582827601)
(-0.29482964383551125,0.25286533896336777)
(-0.2944510147834353,0.25172429862645235)
(-0.2940735472294038,0.2505864545226007)
(-0.29369723226281574,0.24945179950915866)
(-0.2933220610250209,0.24832032659282424)
(-0.29294802470906384,0.2471920289274769)
(-0.29257511455930557,0.2460668998119323)
(-0.2922033218711808,0.2449449326877309)
(-0.2918326379908529,0.2438261211370896)
(-0.29146305431489755,0.242710458880661)
(-0.29109456229008746,0.24159793977544713)
(-0.2907271534129791,0.24048855781270392)
(-0.2903608192297199,0.2393823071158924)
(-0.2899955513357001,0.23827918193857073)
(-0.2896313413753137,0.2371791766623444)
(-0.28926818104163327,0.23608228579496404)
(-0.2889060620761616,0.23498850396810997)
(-0.2885449762685205,0.23389782593567698)
(-0.2881849154562347,0.23281024657156144)
(-0.2878258715243726,0.23172576086789917)
(-0.28746783640539203,0.23064436393303953)
(-0.2871108020787604,0.22956605098969152)
(-0.2867547605708191,0.2284908173729675)
(-0.28639970395439346,0.22741865852860763)
(-0.28604562434860104,0.22634957001105463)
(-0.2856925139186383,0.22528354748165003)
(-0.285340364875429,0.22422058670679043)
(-0.2849891694754792,0.22316068355616087)
(-0.2846389200205421,0.22210383400096453)
(-0.28428960885748294,0.22105003411207633)
(-0.28394122837787916,0.2199992800583645)
(-0.28359377101797695,0.21895156810499347)
(-0.28324722925829443,0.21790689461161616)
(-0.28290159562345385,0.21686525603073423)
(-0.28255686268200336,0.2158266489059902)
(-0.2822130230460527,0.21479106987054883)
(-0.2818700693711986,0.2137585156454078)
(-0.2815279943562422,0.2127289830377578)
(-0.2811867907428166,0.21170246893941216)
(-0.2808464513154797,0.21067897032517832)
(-0.2805069689012453,0.2096584842512609)
(-0.2801683363694837,0.20864100785371076)
(-0.279830546631657,0.20762653834687464)
(-0.2794935926411665,0.20661507302185106)
(-0.2791574673930574,0.20560660924497723)
(-0.2788221639239095,0.2046011444562954)
(-0.2784876753115739,0.20359867616807878)
(-0.2781539946750001,0.20259920196337733)
(-0.277821115173999,0.2016027194945277)
(-0.27748903000911945,0.20060922648168836)
(-0.2771577324213713,0.19961872071144576)
(-0.27682721569206437,0.19863120003535775)
(-0.2764974731426641,0.19764666236859516)
(-0.2761684981345158,0.1966651056885032)
(-0.27584028406874106,0.1956865280332475)
(-0.275512824385961,0.19471092750046431)
(-0.2751861125662142,0.19373830224589353)
(-0.27486014212871124,0.19276865048200925)
(-0.2745349066316849,0.19180197047680994)
(-0.274210399672149,0.19083826055237058)
(-0.27388661488583355,0.189877519083636)
(-0.27356354594690024,0.18891974449713797)
(-0.2732411865678396,0.18796493526966998)
(-0.2729195304992759,0.18701308992710233)
(-0.27259857152980194,0.1860642070431001)
(-0.2722783034857963,0.18511828523788035)
(-0.27195872023127193,0.18417532317704585)
(-0.271639815667736,0.18323531957033748)
(-0.2713215837339669,0.18229827317044803)
(-0.27100401840589783,0.18136418277186336)
(-0.27068711369645004,0.18043304720968908)
(-0.2703708636553798,0.17950486535848817)
(-0.27005526236908994,0.1785796361311372)
(-0.2697403039605032,0.17765735847770253)
(-0.26942598258891143,0.17673803138434566)
(-0.2691122924498132,0.17582165387214027)
(-0.2687992277747374,0.17490822499609945)
(-0.26848678283116256,0.17399774384396488)
(-0.26817495192227636,0.17309020953522644)
(-0.26786372938692876,0.17218562122001177)
(-0.26755310959938977,0.17128397807808188)
(-0.2672430869692688,0.1703852793177536)
(-0.26693365594135204,0.1694895241748679)
(-0.26662481099546514,0.16859671191184564)
(-0.2663165466463189,0.1677068418165913)
(-0.2660088574434003,0.16681991320155945)
(-0.2657017379707824,0.16593592540275867)
(-0.26539518284705044,0.16505487777876765)
(-0.26508918672511556,0.16417676970979117)
(-0.2647837442920933,0.16330160059671486)
(-0.26447885026920165,0.16242936986013592)
(-0.2641744994115855,0.16156007693947036)
(-0.26387068650820633,0.16069372129198542)
(-0.263567406381699,0.1598303023919623)
(-0.26326465388828685,0.15896981972975974)
(-0.2629624239175737,0.15811227281086726)
(-0.26266071139249075,0.15725766115515225)
(-0.26235951126914553,0.15640598429587235)
(-0.26205881853666996,0.15555724177889355)
(-0.2617586282171347,0.15471143316182456)
(-0.26145893536541714,0.1538685580131436)
(-0.26115973506905776,0.1530286159114105)
(-0.26086102244817383,0.15219160644441532)
(-0.26056279265531695,0.15135752920842024)
(-0.2602650408753407,0.15052638380727762)
(-0.25996776232530805,0.1496981698517215)
(-0.25967095225438946,0.1488728869585136)
(-0.25937460594366335,0.14805053474972588)
(-0.25907871870612625,0.1472311128519523)
(-0.25878328588645255,0.14641462089554086)
(-0.25848830286096264,0.14560105851387306)
(-0.2581937650375144,0.1447904253426154)
(-0.2578996678552949,0.1439827210189819)
(-0.25760600678482254,0.14317794518104074)
(-0.25731277732778646,0.14237609746696453)
(-0.25701997501691853,0.14157717751438198)
(-0.256727595415906,0.14078118495960473)
(-0.2564356341193047,0.13998811943700878)
(-0.25614408675237677,0.1391979805783596)
(-0.2558529489710146,0.13841076801210628)
(-0.25556221646165567,0.13762648136272082)
(-0.25527188494114106,0.13684512025008538)
(-0.2549819501566142,0.13606668428879873)
(-0.25469240788543623,0.13529117308757185)
(-0.2544032539350422,0.13451858624861907)
(-0.25411448414291965,0.13374892336698035)
(-0.2538260943764099,0.13298218402996706)
(-0.25353808053264665,0.13221836781648444)
(-0.2532504385384806,0.13145747429655605)
(-0.2529631643503203,0.13069950303060282)
(-0.25267625395410004,0.12994445356895035)
(-0.2523897033651238,0.129192325451176)
(-0.25210350862798536,0.12844311820568388)
(-0.2518176658164842,0.1276968313489751)
(-0.251532171033506,0.1269534643851961)
(-0.25124702041091296,0.12621301680557367)
(-0.2509622101095003,0.12547548808789144)
(-0.2506777363188423,0.12474087769595243)
(-0.2503935952572329,0.12400918507901931)
(-0.2501097831715641,0.12328040967137213)
(-0.24982629633725115,0.12255455089174216)
(-0.24954313105813744,0.12183160814282233)
(-0.24926028366635503,0.12111158081078298)
(-0.2489777505223142,0.1203944682648058)
(-0.24869552801453315,0.1196802698565475)
(-0.24841361255957262,0.11896898491971972)
(-0.24813200060198437,0.1182606127695977)
(-0.2478506886141225,0.11755515270254722)
(-0.24756967309614739,0.11685260399561385)
(-0.24728895057588524,0.11615296590602911)
(-0.24700851760875203,0.11545623767081098)
(-0.24672837077764845,0.11476241850629179)
(-0.2464485066929027,0.11407150760770107)
(-0.2461689219921007,0.11338350414879132)
(-0.24588961334011528,0.11269840728135055)
(-0.24561057742891107,0.11201621613483544)
(-0.2453318109775349,0.11133692981596434)
(-0.24505331073194742,0.1106605474083365)
(-0.2447750734650127,0.10998706797198246)
(-0.24449709597637345,0.1093164905430612)
(-0.2442193750923358,0.10864881413344024)
(-0.24394190766582602,0.10798403773028938)
(-0.24366469057629092,0.10732216029580838)
(-0.2433877207296036,0.10666318076676211)
(-0.24311099505798991,0.10600709805421961)
(-0.24283451051992652,0.10535391104311662)
(-0.24255826410005338,0.10470361859200383)
(-0.24228225280910878,0.10405621953263552)
(-0.24200647368380987,0.1034117126696889)
(-0.2417309237868116,0.10277009678038655)
(-0.24145560020658194,0.10213137061423157)
(-0.24118050005734382,0.10149553289269052)
(-0.2409056204789636,0.10086258230883018)
(-0.24063095863688796,0.10023251752706133)
(-0.2403565117220569,0.09960533718281069)
(-0.24008227695082304,0.09898103988229782)
(-0.23980825156484864,0.09835962420213108)
(-0.23953443283103165,0.09774108868913321)
(-0.23926081804142807,0.09712543186000697)
(-0.2389874045131488,0.0965126522010846)
(-0.23871418958834617,0.09590274816805894)
(-0.23844117063401396,0.09529571818570658)
(-0.23816834504200107,0.09469156064766591)
(-0.23789571022887177,0.09409027391614526)
(-0.23762326363586458,0.09349185632170712)
(-0.23735100272880563,0.09289630616301905)
(-0.23707892499797242,0.09230362170661528)
(-0.23680702795808606,0.09171380118666073)
(-0.23653530914819024,0.09112684280473762)
(-0.23626376613152722,0.09054274472960105)
(-0.23599239649558715,0.08996150509701784)
(-0.23572119785185308,0.08938312200947121)
(-0.2354501678358864,0.08880759353602947)
(-0.2351793041070908,0.08823491771207981)
(-0.2349086043487831,0.08766509253919816)
(-0.2346380662679805,0.08709811598490737)
(-0.23436768759539942,0.08653398598249062)
(-0.23409746608533988,0.08597270043081706)
(-0.2338273995156267,0.0854142571941856)
(-0.23355748568751122,0.08485865410211897)
(-0.23328772242557078,0.08430588894919457)
(-0.23301810757771685,0.08375595949488562)
(-0.2327486390149812,0.08320886346339494)
(-0.23247931463155697,0.08266459854353295)
(-0.23221013234461335,0.08212316238848957)
(-0.23194109009433236,0.08158455261576644)
(-0.23167218584371355,0.08104876680696042)
(-0.2314034175785641,0.08051580250767941)
(-0.23113478330739853,0.0799856572273761)
(-0.2308662810613575,0.07945832843922374)
(-0.23059790889416026,0.07893381357998741)
(-0.23032966488191559,0.07841211004988685)
(-0.23006154712320256,0.07789321521251999)
(-0.22979355373885285,0.07737712639468694)
(-0.22952568287196373,0.076863840886308)
(-0.22925793268775135,0.07635335594032809)
(-0.228990301373525,0.07584566877258536)
(-0.22872278713856045,0.0753407765617317)
(-0.22845538821406522,0.07483867644912212)
(-0.2281881028530671,0.07433936553873685)
(-0.22792092933031075,0.07384284089706833)
(-0.22765386594227577,0.07334909955306346)
(-0.22738691100697697,0.07285813849801527)
(-0.22712006286395328,0.07236995468551857)
(-0.22685331987420462,0.07188454503136361)
(-0.22658668042003327,0.07140190641346511)
(-0.22632014290504487,0.07092203567186214)
(-0.2260537057540418,0.07044492960850396)
(-0.22578736741292754,0.0699705849874065)
(-0.2255211263486293,0.06949899853436092)
(-0.22525498104905375,0.069030166937091)
(-0.22498893002296136,0.06856408684503819)
(-0.2247229717999067,0.06810075486943289)
(-0.22445710493018065,0.06764016758319016)
(-0.22419132798468025,0.06718232152090246)
(-0.22392563955490266,0.06672721317873023)
(-0.2236600382527715,0.06627483901450654)
(-0.22339452271064708,0.06582519544757597)
(-0.2231290915811678,0.06537827885882747)
(-0.22286374353727773,0.0649340855907062)
(-0.22259847727200077,0.06449261194707324)
(-0.2223332914985041,0.06405385419335463)
(-0.22206818494992575,0.0636178085563842)
(-0.22180315637930992,0.06318447122448641)
(-0.2215382045595854,0.06275383834742022)
(-0.2212733282833945,0.06232590603639825)
(-0.22100852636311125,0.06190067036406075)
(-0.220743797630664,0.061478127364525674)
(-0.22047914093754978,0.0610582730333507)
(-0.22021455515467678,0.06064110332754624)
(-0.21995003917231723,0.06022661416562102)
(-0.21968559190004086,0.05981480142753678)
(-0.21942121226663674,0.05940566095479401)
(-0.21915689921998335,0.05899918855041172)
(-0.21889265172704056,0.0585953799789227)
(-0.21862846877371128,0.05819423096649447)
(-0.2183643493647835,0.057795737200845104)
(-0.2181002925238715,0.05739989433137155)
(-0.21783629729328677,0.05700669796907443)
(-0.2175723627340276,0.05661614368676758)
(-0.21730848792562957,0.056228227018887286)
(-0.21704467196611213,0.05584294346174501)
(-0.21678091397192575,0.05546028847344231)
(-0.2165172130778327,0.055080257473971814)
(-0.21625356843685759,0.05470284584531414)
(-0.2159899792201817,0.05432804893131912)
(-0.21572644461707177,0.05395586203798249)
(-0.21546296383481556,0.05358628043333787)
(-0.21519953609861228,0.05321929934761097)
(-0.2149361606515409,0.052854913973241144)
(-0.2146728367544063,0.05249311946493851)
(-0.214409563685754,0.052133910939789536)
(-0.2141463407416769,0.0517772834773214)
(-0.21388316723585554,0.051423232119529566)
(-0.21362004249939248,0.05107175187099021)
(-0.21335696588073214,0.0507228376989662)
(-0.2130939367456585,0.05037648453341066)
(-0.21283095447713735,0.05003268726714288)
(-0.21256801847526632,0.04969144075584227)
(-0.2123051281571991,0.049352739818200285)
(-0.21204228295702923,0.04901657923597212)
(-0.2117794823257736,0.04868295375410568)
(-0.21151672573123617,0.04835185808081193)
(-0.2112540126579585,0.04802328688762385)
(-0.2109913426071273,0.047697234809601634)
(-0.2107287150964923,0.04737369644531051)
(-0.2104661296602804,0.047052666357009595)
(-0.2102035858491501,0.046734139070715774)
(-0.20994108323005936,0.04641810907632045)
(-0.20967862138623314,0.0461045708277212)
(-0.2094161999170619,0.04579351874288408)
(-0.2091538184379728,0.04548494720400688)
(-0.2088914765804958,0.045178850557613164)
(-0.208629173991971,0.044875223114640025)
(-0.20836691033567883,0.04457405915063653)
(-0.20810468529058207,0.04427535290580821)
(-0.20784249855141226,0.04397909858516606)
(-0.2075803498283996,0.0436852903586609)
(-0.20731823884740141,0.0433939223613143)
(-0.20705616534964688,0.04310498869333339)
(-0.2067941290917349,0.04281848342023594)
(-0.2065321298455934,0.04253440057302222)
(-0.20627016739828932,0.042252734148240476)
(-0.2060082415520431,0.04197347810821082)
(-0.20574635212409279,0.04169662638106839)
(-0.2054844989466248,0.04142217286102206)
(-0.20522268186678463,0.041150111408370056)
(-0.204960900746413,0.04088043584973354)
(-0.20469915546211798,0.04061313997814503)
(-0.20443744590512594,0.0403482175532474)
(-0.20417577198124923,0.040085662301424414)
(-0.20391413361072888,0.039825467915914466)
(-0.2036525307282667,0.03956762805701817)
(-0.2033909632827717,0.03931213635221381)
(-0.20312943123749644,0.039058986396349034)
(-0.20286793456979724,0.03880817175173533)
(-0.20260647327108988,0.03855968594841315)
(-0.20234504734680755,0.03831352248417398)
(-0.20208365681628043,0.03806967482485572)
(-0.201822301712673,0.037828136404410725)
(-0.20156098208290923,0.03758890062513793)
(-0.20129969798755257,0.03735196085780594)
(-0.20103844950078695,0.03711731044183741)
(-0.20077723671028572,0.03688494268545535)
(-0.2005160597171585,0.03665485086590257)
(-0.20025491863587333,0.03642702822958897)
(-0.1999938135941281,0.03620146799224878)
(-0.19973274473284597,0.035978163339140355)
(-0.19947171220602655,0.03575710742521022)
(-0.1992107161807252,0.03553829337527085)
(-0.19894975683689672,0.035321714284213)
(-0.19868883436740667,0.03510736321714036)
(-0.198427948977889,0.03489523320956102)
(-0.19816710088667874,0.034685317267591984)
(-0.1979062903247218,0.03447760836814069)
(-0.19764551753552526,0.03427209945908473)
(-0.19738478277503957,0.034068783459442295)
(-0.1971240863116324,0.03386765325959822)
(-0.19686342842591859,0.03366870172146929)
(-0.19660280941078012,0.03347192167871149)
(-0.19634222957124178,0.03327730593686243)
(-0.19608168922435565,0.0330848472736141)
(-0.19582118869917844,0.032894538438969084)
(-0.19556072833664004,0.03270637215541723)
(-0.19530030848956337,0.032520341118147694)
(-0.1950399295224356,0.03233643799528773)
(-0.1947795918114187,0.032154655428019624)
(-0.19451929574427593,0.03197498603088424)
(-0.19425904172026753,0.03179742239184311)
(-0.19399883015006708,0.03162195707267932)
(-0.19373866145569002,0.031448582608997445)
(-0.19347853607042675,0.03127729151054367)
(-0.19321845443872157,0.031108076261401805)
(-0.1929584170161429,0.03094092932017625)
(-0.19269842426926423,0.030775843120208417)
(-0.19243847667562652,0.030612810069769115)
(-0.19217857472359276,0.030451822552340187)
(-0.1919187189123623,0.030292872926706575)
(-0.19165890975179553,0.03013595352728187)
(-0.1913991477623789,0.02998105666421892)
(-0.1911394334751789,0.029828174623771055)
(-0.190879767431665,0.02967729966831048)
(-0.1906201501837727,0.029528424036709765)
(-0.19036058229367847,0.029381539944461466)
(-0.19010106433381235,0.02923663958397085)
(-0.1898415968867408,0.029093715124685608)
(-0.18958218054512346,0.028952758713400324)
(-0.18932281591159408,0.028813762474384098)
(-0.18906350359869023,0.02867671850975084)
(-0.18880424422877473,0.028541618899476196)
(-0.18854503843399165,0.02840845570179225)
(-0.18828588685615563,0.028277220953332446)
(-0.1880267901466653,0.028147906669383962)
(-0.18776774896642157,0.028020504844057208)
(-0.1875087639857888,0.027895007450606895)
(-0.1872498358844964,0.02777140644156233)
(-0.1869909653515297,0.027649693748986355)
(-0.18673215308510174,0.027529861284759042)
(-0.18647339979252806,0.027411900940721528)
(-0.18621470619018657,0.027295804588941305)
(-0.1859560730034254,0.02718156408194176)
(-0.1856975009664794,0.027069171252956572)
(-0.18543899082238718,0.026958617916100526)
(-0.18518054332293413,0.026849895866656037)
(-0.1849221592285661,0.026742996881255678)
(-0.1846638393082969,0.026637912718190652)
(-0.1844055843396359,0.026534635117569216)
(-0.18414739510856132,0.026433155801552866)
(-0.1838892724093196,0.026333466474648848)
(-0.183631217044504,0.026235558823886007)
(-0.18337322982485216,0.026139424519101145)
(-0.18311531156924624,0.026045055213123836)
(-0.18285746310457554,0.02595244254203194)
(-0.1825996852657187,0.02586157812541607)
(-0.18234197889543177,0.025772453566566704)
(-0.18208434484427066,0.025685060452756373)
(-0.18182678397050445,0.02559939035542845)
(-0.18156929714010642,0.025515434830493875)
(-0.18131188522658023,0.02543318541854952)
(-0.1810545491109593,0.02535263364507424)
(-0.18079728968168063,0.025273771020713872)
(-0.18054010783454494,0.025196589041529587)
(-0.1802830044726198,0.025121079189196895)
(-0.18002598050616558,0.025047232931281072)
(-0.17976903685258533,0.02497504172144823)
(-0.17951217443629336,0.02490449699973928)
(-0.17925539418869083,0.02483559019280153)
(-0.1789986970480736,0.02476831271410357)
(-0.17874208395955474,0.0247026559641943)
(-0.17848555587499879,0.024638611330987766)
(-0.17822911375290904,0.02457617018992698)
(-0.17797275855843647,0.024515323904292053)
(-0.17771649126317235,0.024456063825406372)
(-0.17746031284523875,0.024398381292897828)
(-0.1772042242890413,0.024342267634920863)
(-0.17694822658535078,0.02428771416846611)
(-0.17669232073110855,0.0242347121994963)
(-0.17643650772943392,0.024183253023283127)
(-0.17618078858950248,0.02413332792460441)
(-0.17592516432648042,0.024084928178005314)
(-0.17566963596144433,0.02403804504807067)
(-0.1754142045213669,0.02399266978958201)
(-0.17515887103897762,0.023948793647865837)
(-0.17490363655267083,0.023906407858977855)
(-0.17464850210651425,0.023865503649951773)
(-0.17439346875009595,0.02382607223910636)
(-0.17413853753851663,0.023788104836154)
(-0.1738837095322769,0.023751592642635506)
(-0.1736289857971942,0.023716526851987694)
(-0.17337436740438555,0.023682898649909405)
(-0.17311985543012637,0.02365069921453365)
(-0.17286545095583494,0.023619919716742446)
(-0.17261115506793864,0.023590551320320004)
(-0.1723569688578839,0.023562585182289465)
(-0.17210289342199783,0.02353601245312864)
(-0.17184892986142855,0.02351082427700762)
(-0.17159507928210424,0.023487011791999753)
(-0.17134134279461233,0.023464566130393088)
(-0.17108772151420687,0.02344347841893171)
(-0.17083421656060402,0.02342373977898232)
(-0.1705808290580645,0.023405341326876033)
(-0.17032756013524772,0.023388274174077052)
(-0.17007441092509074,0.02337252942752717)
(-0.16982138256483137,0.023358098189751313)
(-0.16956847619588736,0.023344971559243876)
(-0.16931569296381355,0.023333140630625172)
(-0.16906303401819225,0.023322596494887382)
(-0.16881050051260524,0.023313330239712646)
(-0.16855809360451032,0.02330533294963493)
(-0.16830581445523984,0.023298595706329535)
(-0.16805366422988302,0.023293109588834262)
(-0.16780164409725526,0.02328886567385206)
(-0.1675497552297512,0.023285855035903958)
(-0.1672979988033679,0.023284068747630768)
(-0.16704637599758812,0.02328349788004737)
(-0.1667948879953255,0.023284133502743012)
(-0.1665435359828392,0.023285966684157448)
(-0.1662923211496887,0.02328898849179898)
(-0.166041244688633,0.02329318999254046)
(-0.1657903077956247,0.023298562252780965)
(-0.1655395116696738,0.02330509633875173)
(-0.16528885751277922,0.023312783316743906)
(-0.16503834652995467,0.023321614253349107)
(-0.16478797992905025,0.023331580215675312)
(-0.1645377589207491,0.023342672271624725)
(-0.1642876847184586,0.02335488149012697)
(-0.16403775853831548,0.023368198941366145)
(-0.16378798159902078,0.02338261569702684)
(-0.16353835512185705,0.023398122830558383)
(-0.16328888033056874,0.023414711417349767)
(-0.16303955845134205,0.02343237253508149)
(-0.16279039071270351,0.02345109726380891)
(-0.16254137834543989,0.02347087668637334)
(-0.1622925225825786,0.023491701888480928)
(-0.16204382465931635,0.023513563959095835)
(-0.16179528581293193,0.023536453990529185)
(-0.16154690728270024,0.023560363078780525)
(-0.16129869030990893,0.02358528232371358)
(-0.1610506361376773,0.023611202829369612)
(-0.16080274601099195,0.023638115704094628)
(-0.16055502117662585,0.023666012060869553)
(-0.16030746288300043,0.023694883017499353)
(-0.16006007238025902,0.02372471969687533)
(-0.15981285092001263,0.023755513227141402)
(-0.15956579975548277,0.0237872547420334)
(-0.1593189201412872,0.023819935381042386)
(-0.1590722133334322,0.02385354628965179)
(-0.15882568058928417,0.0238880786195864)
(-0.15857932316742818,0.023923523529071667)
(-0.15833314232767393,0.023959872182975732)
(-0.15808713933096105,0.023997115753134686)
(-0.15784131543930072,0.024035245418550902)
(-0.15759567191572074,0.024074252365602723)
(-0.15735021002421315,0.024114127788293846)
(-0.1571049310296484,0.024154862888459378)
(-0.15685983619770907,0.024196448876082955)
(-0.1566149267948822,0.024238876969374993)
(-0.15637020408832467,0.024282138395110238)
(-0.15612566934590127,0.02432622438884429)
(-0.1558813238359713,0.02437112619508713)
(-0.15563716882753692,0.02441683506757993)
(-0.15539320558996625,0.024463342269496546)
(-0.15514943539307544,0.024510639073666518)
(-0.1549058595070504,0.02455871676283487)
(-0.15466247920233067,0.024607566629809677)
(-0.15441929574962154,0.02465717997776103)
(-0.15417631041974633,0.02470754812040652)
(-0.15393352448370073,0.024758662382232073)
(-0.15369093921250312,0.024810514098735983)
(-0.15344855587719444,0.024863094616599662)
(-0.15320637574871965,0.02491639529397164)
(-0.15296440009792583,0.024970407500636973)
(-0.15272263019548593,0.025025122618260263)
(-0.15248106731183098,0.025080532040572166)
(-0.15223971271710376,0.025136627173659436)
(-0.1519985676811125,0.025193399436061057)
(-0.1517576334732407,0.02525084025909595)
(-0.15151691136244774,0.025308941087040526)
(-0.15127640261713315,0.025367693377305524)
(-0.1510361085051531,0.02542708860069317)
(-0.15079603029373528,0.025487118241614995)
(-0.1505561692494001,0.025547773798247818)
(-0.1503165266379829,0.025609046782803197)
(-0.15007710372446043,0.025670928721715544)
(-0.14983790177302445,0.02573341115582642)
(-0.1495989220469296,0.025796485640649618)
(-0.14936016580844722,0.02586014374655805)
(-0.14912163431891362,0.025924377058923673)
(-0.14888332883856284,0.025989177178439543)
(-0.14864525062647027,0.02605453572122755)
(-0.14840740094060945,0.02612044431909011)
(-0.14816978103772732,0.02618689461974512)
(-0.14793239217322277,0.026253878286910972)
(-0.1476952356012203,0.026321387000661386)
(-0.14745831257446354,0.026389412457523503)
(-0.14722162434425046,0.02645794637070798)
(-0.1469851721604057,0.026526980470295825)
(-0.1467489572711839,0.026596506503483393)
(-0.14651298092330606,0.02666651623472459)
(-0.1462772443618152,0.026737001445960293)
(-0.14604174883006582,0.02680795393679831)
(-0.1458064955696494,0.026879365524740784)
(-0.14557148582041826,0.02695122804530557)
(-0.14533672082036694,0.02702353335234012)
(-0.14510220180558275,0.027096273318079674)
(-0.1448679300102026,0.027169439833440705)
(-0.14463390666640907,0.027243024808173907)
(-0.14440013300431562,0.02731702017103678)
(-0.14416661025193392,0.027391417870006755)
(-0.14393333963516028,0.027466209872509285)
(-0.14370032237769167,0.02754138816549326)
(-0.14346755970105202,0.027616944755741956)
(-0.14323505282437693,0.027692871669965296)
(-0.14300280296452442,0.027769160955047677)
(-0.14277081133597702,0.027845804678211707)
(-0.14253907915081312,0.027922794927177738)
(-0.14230760761857655,0.028000123810367938)
(-0.14207639794635135,0.0280777834571093)
(-0.14184545133861404,0.028155766017751098)
(-0.14161476899726458,0.02823406366393351)
(-0.14138435212149855,0.028312668588665015)
(-0.14115420190786354,0.02839157300659112)
(-0.14092431955011622,0.028470769154094466)
(-0.1406947062391989,0.0285502492895464)
(-0.1404653631632995,0.02863000569341669)
(-0.14023629150763586,0.02871003066844923)
(-0.14000749245452376,0.028790316539922173)
(-0.1397789671833025,0.02887085565568191)
(-0.1395507168703257,0.02895164038644378)
(-0.13932274268881958,0.029032663125884445)
(-0.1390950458089758,0.029113916290808187)
(-0.13886762739779515,0.02919539232136348)
(-0.1386404886190871,0.029277083681199446)
(-0.13841363063342677,0.029358982857561944)
(-0.1381870545981451,0.029441082361573414)
(-0.13796076166721605,0.02952337472826524)
(-0.1377347529912779,0.02960585251688206)
(-0.13750902971752604,0.029688508310919303)
(-0.13728359298976317,0.029771334718369586)
(-0.13705844394828323,0.0298543243718008)
(-0.1368335837298019,0.02993746992863419)
(-0.13660901346757673,0.030020764071152423)
(-0.1363847342911662,0.030104199506786913)
(-0.1361607473265177,0.030187768968175863)
(-0.13593705369587272,0.03027146521343888)
(-0.13571365451777143,0.0303552810261516)
(-0.13549055090694073,0.030439209215656165)
(-0.1352677439743527,0.030523242617156082)
(-0.13504523482709233,0.030607374091858215)
(-0.13482302456836942,0.030691596527126695)
(-0.1346011142975284,0.030775902836622113)
(-0.13437950510983435,0.030860285960484374)
(-0.13415819809665985,0.03094473886543699)
(-0.13393719434527088,0.03102925454495025)
(-0.13371649493891977,0.031113826019396634)
(-0.13349610095670775,0.031198446336130392)
(-0.13327601347358253,0.03128310856975789)
(-0.13305623356029786,0.03136780582213162)
(-0.13283676228346447,0.03145253122254883)
(-0.13261760070533743,0.0315372779279812)
(-0.1323987498839249,0.03162203912301492)
(-0.13218021087291176,0.03170680802020691)
(-0.1319619847215822,0.03179157786000276)
(-0.13174407247485623,0.03187634191107471)
(-0.13152647517322116,0.03196109347029815)
(-0.13130919385267611,0.03204582586294241)
(-0.13109222954469316,0.032130532442846214)
(-0.13087558327625246,0.032215206592473795)
(-0.13065925606976608,0.03229984172306707)
(-0.1304432489429872,0.0323844312747659)
(-0.13022756290910867,0.03246896871677486)
(-0.13001219897653613,0.03255344754744082)
(-0.12979715814912685,0.03263786129440887)
(-0.12958244142585684,0.032722203514666405)
(-0.1293680498010193,0.03280646779482051)
(-0.12915398426406982,0.032890647751078105)
(-0.128940245799649,0.0329747370293767)
(-0.12872683538755011,0.03305872930557733)
(-0.12851375400259737,0.03314261828553633)
(-0.1283010026147972,0.03322639770525191)
(-0.12808858218908525,0.03331006133085247)
(-0.12787649368552795,0.03339360295891538)
(-0.12766473805906822,0.033477016416434)
(-0.12745331625966083,0.03356029556095125)
(-0.1272422292321847,0.033643434280683684)
(-0.12703147791638694,0.03372642649465059)
(-0.12682106324688547,0.03380926615275498)
(-0.126610986153152,0.03389194723589072)
(-0.12640124755944118,0.03397446375604688)
(-0.1261918483848052,0.03405680975642076)
(-0.12598278954304157,0.03413897931153329)
(-0.12577407194266077,0.03422096652728486)
(-0.12556569648688923,0.03430276554110255)
(-0.12535766407362148,0.034384370522015886)
(-0.1251499755953409,0.03446577567075976)
(-0.12494263193921978,0.03454697521990028)
(-0.12473563398698621,0.03462796343384442)
(-0.12452898261491037,0.03470873460902909)
(-0.12432267869382001,0.03478928307397252)
(-0.12411672308906425,0.03486960318935571)
(-0.12391111666044549,0.03494968934815736)
(-0.12370586026226743,0.035029535975665715)
(-0.12350095474319756,0.03510913752969465)
(-0.12329640094640197,0.03518848850047367)
(-0.12309219970937202,0.035267583410972185)
(-0.1228883518639674,0.035346416816784104)
(-0.1226848582363922,0.035424983306320705)
(-0.12248171964718585,0.035503277500866855)
(-0.12227893691115263,0.035581294054639875)
(-0.12207651083735252,0.035659027654919594)
(-0.12187444222912928,0.03573647302205624)
(-0.12167273188399635,0.03581362490961689)
(-0.12147138059372158,0.035890478104416645)
(-0.12127038914421027,0.035967027426630646)
(-0.12106975831554694,0.03604326772980939)
(-0.12086948888191697,0.03611919390104144)
(-0.12066958161166713,0.036194800860928335)
(-0.12047003726718228,0.03627008356374983)
(-0.12027085660496015,0.03634503699742406)
(-0.12007204037552048,0.036419656183656994)
(-0.11987358932344423,0.03649393617801387)
(-0.11967550418727486,0.036567872069921764)
(-0.11947778569959189,0.03664145898279769)
(-0.11928043458692998,0.03671469207407087)
(-0.11908345156974923,0.03678756653526485)
(-0.11888683736247313,0.036860077592045404)
(-0.1186905926734273,0.0369322205042837)
(-0.1184947182048371,0.03700399056611793)
(-0.11829921465281222,0.03707538310603306)
(-0.11810408270726479,0.037146393486889466)
(-0.11790932305205457,0.03721701710591875)
(-0.11771493636475751,0.03728724939494985)
(-0.11752092331679831,0.03735708582026425)
(-0.11732728457341467,0.03742652188279128)
(-0.11713402079358816,0.037495553118046206)
(-0.11694113263004706,0.037564175096270455)
(-0.11674862072928265,0.037632383422469835)
(-0.11655648573152319,0.037700173736386414)
(-0.11636472827064334,0.03776754171261779)
(-0.11617334897427742,0.037834483060618575)
(-0.11598234846371225,0.03790099352478796)
(-0.1157917273538809,0.037967068884466444)
(-0.11560148625338403,0.03803270495398913)
(-0.11541162576445034,0.03809789758274853)
(-0.11522214648291343,0.038162642655190836)
(-0.1150330489982491,0.03822693609085797)
(-0.11484433389344813,0.03829077384449759)
(-0.11465600174520166,0.038354151906033654)
(-0.11446805312366022,0.03841706630053465)
(-0.11428048859256242,0.03847951308840416)
(-0.11409330870917718,0.038541488365252785)
(-0.11390651402430871,0.03860298826207356)
(-0.11372010508229133,0.038664008945129544)
(-0.11353408242091242,0.03872454661608488)
(-0.11334844657149996,0.038784597511993785)
(-0.11316319805884394,0.03884415790531047)
(-0.11297833740121402,0.03890322410394247)
(-0.11279386511029423,0.038961792451261065)
(-0.11260978169123986,0.03901985932610294)
(-0.1124260876426897,0.03907742114281713)
(-0.11224278345662848,0.03913447435128784)
(-0.11205986961849594,0.039191015436945136)
(-0.11187734660714295,0.039247040920724764)
(-0.11169521489480273,0.039302547359193626)
(-0.11151347494711786,0.03935753134448481)
(-0.11133212722302514,0.03941198950431706)
(-0.11115117217498824,0.03946591850204119)
(-0.11097061024865831,0.03951931503663289)
(-0.11079044188318414,0.039572175842658416)
(-0.11061066751095852,0.03962449769039299)
(-0.11043128755772107,0.03967627738569635)
(-0.11025230244263758,0.0397275117701464)
(-0.11007371257804442,0.03977819772090048)
(-0.10989551836972351,0.03982833215083219)
(-0.10971772021668064,0.03987791200850583)
(-0.10954031851126926,0.03992693427805547)
(-0.10936331363910791,0.039975395979400516)
(-0.10918670597911766,0.04002329416802908)
(-0.10901049590352664,0.04007062593518707)
(-0.10883468377776007,0.040117388407657516)
(-0.10865926996060499,0.040163578748008424)
(-0.108484254804057,0.040209194154374475)
(-0.10830963865341967,0.040254231860595555)
(-0.10813542184717698,0.04029868913607996)
(-0.10796160471715464,0.04034256328594146)
(-0.10778818758835261,0.04038585165083725)
(-0.1076151707790742,0.04042855160709972)
(-0.1074425546008092,0.04047066056661399)
(-0.10727033935830732,0.04051217597685621)
(-0.1070985253495669,0.04055309532086601)
(-0.1069271128657613,0.04059341611724728)
(-0.10675610219138332,0.04063313592015921)
(-0.10658549360404262,0.0406722523192044)
(-0.10641528737462762,0.040710762939587454)
(-0.10624548376726024,0.040748665441888605)
(-0.10607608303925609,0.040785957522221736)
(-0.1059070854411245,0.04082263691207229)
(-0.10573849121665081,0.04085870137842712)
(-0.10557030060273737,0.040894148723548414)
(-0.105402513829616,0.04092897678513662)
(-0.10523513112061707,0.04096318343620109)
(-0.10506815269236534,0.04099676658508235)
(-0.10490157875465239,0.041029724175362575)
(-0.10473540951047978,0.04106205418587542)
(-0.10456964515607774,0.041093754630695194)
(-0.10440428588084406,0.04112482355908283)
(-0.10423933186744977,0.04115525905544246)
(-0.1040747832917477,0.04118505923924296)
(-0.10391064032275052,0.04121422226512186)
(-0.10374690312279472,0.04124274632271743)
(-0.1035835718473323,0.04127062963670506)
(-0.10342064664506623,0.04129787046663171)
(-0.10325812765791478,0.04132446710711739)
(-0.1030960150210153,0.041350417887577644)
(-0.10293430886274109,0.041375721172293385)
(-0.10277300930466932,0.04140037536036159)
(-0.10261211646160238,0.041424378885626355)
(-0.10245163044159385,0.04144773021666188)
(-0.10229155134594227,0.04147042785670779)
(-0.10213187926908855,0.04149247034360084)
(-0.10197261429884125,0.04151385624979344)
(-0.10181375651617512,0.041534584182241915)
(-0.10165530599529164,0.0415546527823721)
(-0.1014972628037482,0.04157406072604062)
(-0.10133962700224484,0.04159280672350554)
(-0.10118239864480022,0.04161088951928005)
(-0.10102557777865243,0.041628307892178404)
(-0.10086916444440305,0.041645060655269094)
(-0.10071315867579037,0.04166114665568262)
(-0.10055756049996364,0.041676564774705695)
(-0.10040236993730083,0.04169131392764789)
(-0.10024758700143563,0.04170539306381316)
(-0.10009321169936249,0.041718801166397965)
(-0.09993924403134719,0.04173153725247404)
(-0.09978568399096112,0.04174360037286663)
(-0.09963253156513317,0.041754989612216645)
(-0.09947978673403614,0.04176570408880015)
(-0.09932744947126186,0.041775742954437305)
(-0.09917551974370588,0.04178510539452493)
(-0.09902399751156508,0.04179379062796683)
(-0.09887288272846413,0.04180179790703887)
(-0.09872217534129858,0.04180912651728653)
(-0.09857187529042916,0.04181577577766824)
(-0.0984219825095591,0.041821745040168654)
(-0.09827249692571022,0.04182703369000669)
(-0.09812341845939307,0.04183164114541764)
(-0.09797474702445946,0.04183556685757886)
(-0.09782648252821473,0.04183881031061155)
(-0.09767862487132972,0.04184137102142845)
(-0.09753117394795689,0.04184324853968972)
(-0.09738412964567114,0.0418444424477684)
(-0.09723749184546882,0.04184495236058873)
(-0.0970912604218589,0.04184477792558)
(-0.0969454352427637,0.04184391882263833)
(-0.09680001616961337,0.04184237476399249)
(-0.09665500305733947,0.041840145494131134)
(-0.09651039575433705,0.041837230789729576)
(-0.0963661941025221,0.04183363045959908)
(-0.09622239793736723,0.04182934434451816)
(-0.09607900708786389,0.04182437231725623)
(-0.0959360213764875,0.04181871428237525)
(-0.09579344061936916,0.04181237017619598)
(-0.09565126462612868,0.04180533996677665)
(-0.09550949319999462,0.04179762365367554)
(-0.09536812613777844,0.04178922126797185)
(-0.09522716322994314,0.04178013287218575)
(-0.09508660426046557,0.04177035856009719)
(-0.09494644900708152,0.041759898456716404)
(-0.09480669724105355,0.04174875271818064)
(-0.0946673487273668,0.041736921531658824)
(-0.09452840322465406,0.0417244051152341)
(-0.09438986048522374,0.041711203717868184)
(-0.09425172025507135,0.04169731761922387)
(-0.09411398227393687,0.041682747129640436)
(-0.09397664627525054,0.04166749258997842)
(-0.0938397119861934,0.041651554371597344)
(-0.09370317912766321,0.041634932876100976)
(-0.09356704741438768,0.04161762853546507)
(-0.09343131655482398,0.04159964181172122)
(-0.09329598625124082,0.04158097319696846)
(-0.09316105619968976,0.04156162321326474)
(-0.09302652609009535,0.04154159241250392)
(-0.09289239560617661,0.041520881376275)
(-0.0927586644255088,0.04149949071585314)
(-0.09262533221959117,0.041477421071966496)
(-0.0924923986537335,0.04145467311479216)
(-0.09235986338719829,0.041431247543853196)
(-0.09222772607315698,0.04140714508776985)
(-0.09209598635868299,0.041382366504378106)
(-0.0919646438848416,0.04135691258037889)
(-0.0918336982866366,0.041330784131370334)
(-0.09170314919309161,0.04130398200179126)
(-0.09157299622715062,0.041276507064610786)
(-0.09144323900587419,0.0412483602213864)
(-0.09131387714027957,0.04121954240208946)
(-0.09118491023546776,0.04119005456499011)
(-0.09105633789062131,0.041159897696569456)
(-0.09092815969896548,0.04112907281134883)
(-0.09080037524787299,0.0410975809517946)
(-0.09067298411880062,0.041065423188292975)
(-0.09054598588738501,0.04103260061886411)
(-0.09041938012339655,0.04099911436919858)
(-0.09029316639078593,0.040964965592415456)
(-0.09016734424766365,0.040930155469048636)
(-0.09004191324641098,0.040894685206840364)
(-0.08991687293360356,0.04085855604066182)
(-0.08979222285008705,0.04082176923243671)
(-0.0896679625309559,0.04078432607090222)
(-0.0895440915056187,0.04074622787158785)
(-0.08942060929777002,0.040707475976663327)
(-0.08929751542543443,0.04066807175476267)
(-0.08917480940100457,0.040628016600953214)
(-0.089052490731212,0.04058731193653663)
(-0.08893055891716062,0.04054595920897514)
(-0.08880901345443064,0.04050395989168818)
(-0.08868785383294864,0.04046131548403892)
(-0.08856707953713762,0.04041802751105433)
(-0.08844669004585534,0.04037409752345489)
(-0.08832668483249186,0.04032952709747092)
(-0.08820706336489266,0.04028431783460044)
(-0.08808782510548248,0.040238471361665154)
(-0.08796896951118421,0.04019198933056148)
(-0.08785049603350811,0.04014487341812478)
(-0.08773240411862561,0.0400971253260661)
(-0.0876146932071763,0.04004874678079437)
(-0.08749736273461044,0.03999973953329613)
(-0.08738041213086196,0.03995010535896488)
(-0.0872638408206715,0.03989984605756339)
(-0.08714764822342785,0.039848963452973486)
(-0.08703183375322951,0.03979745939309447)
(-0.08691639681894629,0.03974533574978118)
(-0.08680133682419917,0.03969259441862948)
(-0.08668665316741814,0.03963923731883806)
(-0.08657234524180325,0.03958526639312233)
(-0.08645841243541752,0.03953068360757227)
(-0.08634485413115013,0.039475490951395485)
(-0.08623166970683123,0.039419690436973756)
(-0.08611885853511443,0.03936328409960972)
(-0.08600641998365342,0.03930627399732427)
(-0.08589435341498404,0.039248662210882544)
(-0.08578265818662549,0.03919045084348926)
(-0.08567133365114099,0.039131642020810015)
(-0.08556037915604003,0.039072237890660506)
(-0.08544979404392172,0.03901224062295936)
(-0.08533957765243176,0.03895165240961043)
(-0.08522972931428086,0.038890475464270526)
(-0.08512024835737678,0.038828712022314166)
(-0.0850111341046557,0.03876636434058078)
(-0.08490238587426106,0.03870343469731237)
(-0.08479400297952326,0.03863992539194171)
(-0.08468598472899255,0.038575838745042036)
(-0.08457833042642945,0.03851117709805449)
(-0.08447103937085874,0.03844594281324024)
(-0.08436411085658096,0.0383801382735355)
(-0.08425754417320018,0.03831376588231238)
(-0.08415133860569643,0.03824682806336984)
(-0.08404549343435387,0.03817932726062105)
(-0.08394000793481629,0.0381112659381072)
(-0.08383488137820973,0.0380426465797248)
(-0.08373011303104251,0.037973471689159204)
(-0.0836257021552908,0.03790374378971968)
(-0.08352164800840503,0.03783346542411192)
(-0.08341794984333968,0.03776263915440161)
(-0.08331460690861224,0.03769126756181506)
(-0.08321161844827359,0.0376193532465862)
(-0.08310898370191744,0.037546898827753215)
(-0.08300670190483626,0.03747390694315226)
(-0.08290477228790166,0.03740038024909236)
(-0.08280319407764838,0.037326321420365044)
(-0.08270196649631255,0.03725173314997626)
(-0.08260108876182219,0.03717661814900551)
(-0.08250056008789737,0.03710097914652325)
(-0.08240037968395508,0.03702481888938838)
(-0.08230054675523726,0.036948140142066106)
(-0.08220106050284288,0.03687094568656219)
(-0.08210192012362949,0.03679323832220133)
(-0.08200312481041408,0.03671502086545817)
(-0.08190467375184171,0.03663629614990992)
(-0.08180656613252893,0.03655706702593208)
(-0.08170880113304184,0.036477336360623246)
(-0.08161137792988593,0.03639710703772744)
(-0.08151429569562559,0.036316381957260176)
(-0.08141755359883765,0.036235164035657075)
(-0.08132115080412423,0.03615345620528055)
(-0.08122508647223002,0.03607126141457642)
(-0.08112935975997841,0.03598858262768211)
(-0.08103396982035749,0.0359054228244356)
(-0.08093891580248821,0.035821785000102246)
(-0.0808441968517465,0.03573767216526815)
(-0.08074981210966724,0.035653087345685966)
(-0.08065576071410188,0.035568033582124195)
(-0.08056204179912228,0.0354825139301948)
(-0.0804686544951337,0.03539653146015377)
(-0.08037559792889273,0.03531008925686946)
(-0.0802828712234889,0.03522319041951447)
(-0.0801904734984233,0.03513583806149348)
(-0.08009840386961617,0.035048035310312545)
(-0.08000666144941064,0.034959785307311454)
(-0.07991524534663516,0.034871091207595364)
(-0.07982415466664042,0.03478195617988598)
(-0.07973338851130293,0.034692383406287546)
(-0.07964294597902483,0.03460237608219203)
(-0.07955282616483124,0.034511937416098766)
(-0.07946302816037601,0.03442107062939662)
(-0.07937355105389295,0.03432977895639337)
(-0.07928439393035926,0.03423806564392127)
(-0.07919555587140702,0.03414593395126785)
(-0.07910703595540367,0.03405338715014923)
(-0.07901883325752661,0.03396042852428661)
(-0.07893094684964747,0.033867061369539174)
(-0.07884337580057095,0.03377328899348859)
(-0.07875611917581204,0.03367911471541221)
(-0.07866917603788212,0.03358454186615434)
(-0.07858254544607822,0.03348957378787225)
(-0.07849622645675172,0.033394213833960316)
(-0.07841021812310939,0.03329846536874985)
(-0.07832451949540976,0.03320233176754396)
(-0.07823912962087527,0.03310581641634806)
(-0.07815404754384131,0.03300892271168039)
(-0.07806927230569306,0.03291165406047173)
(-0.0779848029448678,0.032814013879913916)
(-0.07790063849701544,0.03271600559725057)
(-0.07781677799488042,0.032617632649656156)
(-0.0777332204684669,0.032518898484055946)
(-0.07764996494494138,0.03241980655697816)
(-0.07756701044875694,0.032320360334349235)
(-0.0774843560016129,0.03222056329143083)
(-0.07740200062257263,0.03212041891254619)
(-0.07731994332797819,0.03201993069105504)
(-0.07723818313158398,0.03191910212897846)
(-0.0771567190444966,0.0318179367371254)
(-0.07707555007530374,0.03171643803472677)
(-0.07699467522997762,0.031614609549254935)
(-0.07691409351207973,0.031512454816455336)
(-0.07683380392257182,0.031409977380003534)
(-0.07675380546003857,0.031307180791432916)
(-0.07667409712058583,0.031204068609972265)
(-0.07659467789799551,0.031100644402354556)
(-0.07651554678361075,0.030996911742653625)
(-0.07643670276645372,0.03089287421220189)
(-0.07635814483324528,0.03078853539933084)
(-0.07627987196845713,0.030683898899247802)
(-0.07620188315426457,0.030578968313929228)
(-0.07612417737066113,0.030473747251884446)
(-0.07604675359542935,0.030368239328044326)
(-0.07596961080418196,0.030262448163576428)
(-0.07589274797042934,0.030156377385749895)
(-0.07581616406558453,0.030050030627787782)
(-0.07573985805894085,0.02994341152863871)
(-0.07566382891781682,0.02983652373288846)
(-0.07558807560745562,0.02972937089060822)
(-0.07551259709120096,0.02962195665713618)
(-0.07543739233035489,0.02951428469296829)
(-0.07536246028434927,0.029406358663610466)
(-0.07528779991070624,0.029298182239355642)
(-0.07521341016507975,0.02918975909516106)
(-0.07513929000133841,0.02908109291054963)
(-0.07506543837146817,0.028972187369371873)
(-0.07499185422575207,0.02886304615970323)
(-0.07491853651268855,0.028753672973609395)
(-0.07484548417909535,0.028644071507110794)
(-0.07477269617005856,0.028534245459898622)
(-0.07470017142907256,0.028424198535329553)
(-0.0746279088979202,0.02831393444006827)
(-0.07455590751691632,0.028203456884172765)
(-0.07448416622468315,0.028092769580692123)
(-0.07441268395836205,0.027981876245704872)
(-0.07434145965360434,0.02787078059809146)
(-0.07427049224455344,0.02775948635933113)
(-0.07419978066393955,0.0276479972534468)
(-0.07412932384303864,0.027536317006787027)
(-0.07405912071177943,0.027424449347856348)
(-0.07398917019869435,0.027312398007272844)
(-0.0739194712310134,0.027200166717423577)
(-0.07385002273468502,0.027087759212520508)
(-0.07378082363432788,0.026975179228289216)
(-0.07371187285338371,0.0268624305019109)
(-0.073643169314037,0.02674951677180881)
(-0.0735747119373433,0.026636441777531626)
(-0.07350649964321898,0.026523209259616425)
(-0.07343853135036009,0.026409822959410814)
(-0.073370805976438,0.026296286618912503)
(-0.07330332243810679,0.026182603980636193)
(-0.07323607965092084,0.026068778787435378)
(-0.0731690765294251,0.02595481478246561)
(-0.07310231198724997,0.025840715708842523)
(-0.07303578493705089,0.02572648530964114)
(-0.0729694942905783,0.02561212732773385)
(-0.07290343895867454,0.02549764550553792)
(-0.07283761785135098,0.025383043585009354)
(-0.07277202987777208,0.02526832530740019)
(-0.07270667394632616,0.025153494413132048)
(-0.07264154896465289,0.0250385546416275)
(-0.07257665383956866,0.024923509731229768)
(-0.07251198747726811,0.02480836341903237)
(-0.07244754878328678,0.024693119440651844)
(-0.07238333666236339,0.024577781530149306)
(-0.07231935001878731,0.024462353419986437)
(-0.07225558775614029,0.024346838840622997)
(-0.07219204877749105,0.02423124152063305)
(-0.07212873198536274,0.02411556518639977)
(-0.07206563628176665,0.0239998135620824)
(-0.0720027605682679,0.02388399036933595)
(-0.0719401037459149,0.023768099327299234)
(-0.07187766471539414,0.023652144152372385)
(-0.07181544237703673,0.02353612855811625)
(-0.07175343563073108,0.02342005625509609)
(-0.0716916433760565,0.02330393095072801)
(-0.07163006451228503,0.023187756349122512)
(-0.0715686979384949,0.023071536151067284)
(-0.07150754255339674,0.022955274053697884)
(-0.07144659725553885,0.02283897375047605)
(-0.07138586094330991,0.022722638931018776)
(-0.07132533251487731,0.0226062732809594)
(-0.07126501086832691,0.022489880481891322)
(-0.07120489490162302,0.022373464211004602)
(-0.07114498351261812,0.022257028141244098)
(-0.0710852755991662,0.022140575940919314)
(-0.07102577005912403,0.022024111273770224)
(-0.07096646579024322,0.021907637798631203)
(-0.07090736169044716,0.021791159169492286)
(-0.0708484566576732,0.02167467903519447)
(-0.07078974958990535,0.02155820103942478)
(-0.07073123938528113,0.021441728820493434)
(-0.07067292494216373,0.021325266011267777)
(-0.07061480515897432,0.02120881623895919)
(-0.07055687893437745,0.02109238312506976)
(-0.07049914516732889,0.020975970285235967)
(-0.070441602756957,0.020859581329076192)
(-0.07038425060275416,0.020743219860034377)
(-0.07032708760443787,0.020626889475351986)
(-0.0702701126622119,0.02051059376578886)
(-0.07021332467649687,0.020394336315680363)
(-0.07015672254820653,0.02027812070263067)
(-0.07010030517865273,0.020161950497452386)
(-0.07004407146960744,0.020045829264051844)
(-0.06998802032330655,0.01992976055936202)
(-0.06993215064249994,0.019813747933025982)
(-0.06987646133050675,0.019697794927467146)
(-0.06982095129112233,0.0195819050776636)
(-0.06976561942883874,0.01946608191106856)
(-0.06971046464867903,0.019350328947428663)
(-0.06965548585638087,0.019234649698705156)
(-0.06960068195825872,0.019119047668940122)
(-0.06954605186142115,0.019003526354092984)
(-0.06949159447359979,0.01888808924203146)
(-0.06943730870336173,0.018772739812260943)
(-0.06938319346002957,0.01865748153589912)
(-0.06932924765369844,0.018542317875556977)
(-0.06927547019530651,0.018427252285126223)
(-0.06922185999666128,0.018312288209747733)
(-0.06916841597044174,0.018197429085767002)
(-0.06911513703020669,0.01808267834035121)
(-0.06906202209049618,0.017968039391615287)
(-0.06900907006679038,0.017853515648450446)
(-0.06895627987552944,0.017739110510379342)
(-0.06890365043423995,0.017624827367357338)
(-0.06885118066136259,0.01751066959984581)
(-0.06879886947652823,0.017396640578547312)
(-0.06874671580038608,0.017282743664328252)
(-0.06869471855469271,0.017168982208105376)
(-0.06864287666238633,0.01705535955077187)
(-0.06859118904751738,0.016941879023012883)
(-0.0685396546353795,0.016828543945297036)
(-0.06848827235247125,0.01671535762761338)
(-0.06843704112651533,0.016602323369489445)
(-0.06838595988648428,0.01648944445986397)
(-0.06833502756266942,0.016376724176905604)
(-0.06828424308670576,0.016264165787964167)
(-0.06823360539148894,0.016151772549444894)
(-0.06818311341131947,0.016039547706713893)
(-0.0681327660819428,0.015927494493994134)
(-0.068082562340428,0.015815616134199958)
(-0.06803250112532913,0.01570391583887432)
(-0.06798258137667168,0.015592396808187052)
(-0.06793280203596663,0.015481062230562488)
(-0.06788316204619466,0.015369915282876088)
(-0.06783366035192713,0.015258959130171354)
(-0.06778429589926104,0.015148196925563016)
(-0.0677350676358737,0.015037631810231048)
(-0.06768597451111366,0.014927266913197233)
(-0.06763701547587501,0.014817105351401107)
(-0.06758818948273901,0.014707150229346133)
(-0.06753949548602932,0.014597404639237461)
(-0.06749093244166604,0.01448787166073548)
(-0.06744249930736516,0.014378554360973897)
(-0.06739419504253442,0.014269455794310744)
(-0.06734601860845382,0.014160579002388794)
(-0.06729796896810022,0.01405192701391822)
(-0.06725004508632045,0.013943502844633608)
(-0.06720224592975102,0.013835309497299738)
(-0.06715457046700536,0.013727349961362129)
(-0.06710701766846246,0.01361962721310412)
(-0.06705958650645621,0.013512144215413429)
(-0.06701227595528829,0.013404903917791844)
(-0.0669650849911492,0.013297909256120627)
(-0.06691801259225201,0.013191163152707045)
(-0.06687105773880293,0.013084668516151192)
(-0.06682421941304147,0.012978428241200896)
(-0.06677749659923077,0.012872445208777662)
(-0.06673088828370226,0.012766722285731271)
(-0.06668439345486671,0.01266126232495299)
(-0.06663801110328424,0.012556068165052902)
(-0.06659174022159121,0.012451142630518986)
(-0.06654557980461731,0.012346488531451674)
(-0.06649952884935617,0.012242108663500319)
(-0.0664535863550044,0.012138005807921673)
(-0.06640775132297837,0.012034182731335644)
(-0.0663620227568683,0.01193064218567619)
(-0.06631639966262168,0.011827386908207626)
(-0.0662708810484256,0.011724419621339473)
(-0.06622546592473914,0.011621743032515546)
