26.221035400786953
26.209314727881978
26.174189290439532
26.115768592625205
26.034234345231873
25.929839280818054
25.802905513462623
25.65382246131745
25.483044354801827
25.291087357563427
25.078526331164163
24.845991277779632
24.59416349798452
24.32377150290066
24.035586721590654
23.730419045581613
23.409112252804167
23.072539353051788
22.721597896328973
22.35720528420297
21.98029412254806
21.591807651923986
21.192695289320163
20.78390831218393
20.366395712596397
19.94110024622773
19.50895469735396
19.070878377814477
18.627773874375155
18.180524055617035
17.729989346200178
17.277005273237688
16.82238028656448
16.36689385194018
15.911294813704066
15.456300021120956
15.002593210630469
14.550824134443943
14.101607924425233
13.655524678938715
13.213119259343959
12.774901282050442
12.341345291503844
11.91289109914321
11.489944273227701
11.072876764465047
10.662027652562356
10.257703999145576
9.860181792933659
9.469706973598585
9.086496521361324
8.71073960006338
8.342598742189617
7.982211065089445
7.629689508436725
7.285124083772165
6.94858312777454
6.620114551700924
6.299747080212189
5.987491473552777
5.683341727777132
5.3872762484054135
5.099258993544433
4.81924058312419
4.54715937147392
4.282942480993745
4.026506795168187
3.7777599096166177
3.5366010402835886
3.302921888240243
3.0766074608980856
2.8575368497297053
2.645583964849921
2.4406182270366212
2.2425052179660985
2.0511072896042823
1.8662841338359002
1.6878933135295981
1.5157907563311144
1.3498312125504315
1.1898686785644135
1.0357567871957867
0.887349166554009
0.7444997688354299
0.6070631705805918
0.4748948458771536
0.347851413978946
0.2257908627864128
0.10857274960225759
-0.003941619460457608
-0.11188903008129779
-0.21540421905422275
-0.31461975108259094
-0.40966591185054924
-0.5006706162239905
-0.587759330485138
-0.6710550075559703
-0.7506780342169495
-0.8267461893781756
-0.8993746125102824
-0.968675781391508
-1.0347594983753798
-1.097732884430232
-1.1577003802469912
-1.2147637537554543
-1.2690221134313626
-1.3205719268169913
-1.369507043716682
-1.4159187235657458
-1.4598956665062832
-1.5015240477370395
-1.540887554736141
-1.5780674269855743
-1.6131424978548008
-1.6461892383275873
-1.6772818022814668
-1.706492073052947
-1.7338897110438645
-1.7595422021451879
-1.7835149067740934
-1.805871109338429
-1.826672067959713
-1.8459770643016982
-1.8638434533663353
-1.8803267131326489
-1.8954804939268683
-1.909356667423912
-1.9220053751912507
-1.9334750766963331
-1.9438125967080064
-1.953063172031051
-1.9612704975207322
-1.9684767713316778
-1.9747227393619036
-1.9800477388590605
-1.9844897411614295
-1.9880853935513536
-1.9908700602034077
-1.9928778622138588
-1.9941417167017144
-1.9946933749752067
-1.9945634597606399
-1.9937815014933273
-1.9923759736729043
-1.9903743272875614
-1.9878030243137093
-1.9846875702994338
-1.9810525460416466
-1.9769216383682509
-1.9723176700378153
-1.967262628770346
-1.9617776954236439
-1.9558832713305059
-1.9495990048126295
-1.942943816887755
-1.9359359261868307
-1.9285928730985002
-1.920931543158377
-1.9129681897007766
-1.9047184557907262
-1.8961973954540834
-1.8874194942236158
-1.8783986890189037
-1.8691483873777013
-1.8596814860564157
-1.8500103890170978
-1.8401470248181717
-1.830102863425933
-1.8198889324635599
-1.8095158329141312
-1.798993754293916
-1.7883324893117816
-1.7775414480304148
-1.7666296715445786
-1.7556058451914172
-1.7444783113074418
-1.7332550815464691
-1.7219438487725027
-1.7105519985411481
-1.699086620182822
-1.6875545175007496
-1.675962219096234
-1.6643159883335397
-1.6526218329562392
-1.6408855143666041
-1.6291125565793465
-1.6173082548605235
-1.6054776840623117
-1.5936257066638726
-1.5817569805282883
-1.569875966385302
-1.5579869350491262
-1.5460939743805218
-1.534200996001866
-1.5223117417737448
-1.510429790041357
-1.498558561658668
-1.4867013257980495
-1.4748612055529013
-1.4630411833404515
-1.4512441061117458
-1.439472690375592
-1.4277295270429395
-1.4160170860980736
-1.4043377211026986
-1.3926936735387923
-1.3810870769959094
-1.3695199612085052
-1.357994255948508
-1.3465117947783114
-1.3350743186691365
-1.3236834794895238
-1.3123408433686088
-1.301047893938574
-1.289806035460641
-1.2786165958387106
-1.267480829524668
-1.2563999203192022
-1.2453749840718855
-1.234407071284109
-1.2234971696183101
-1.2126462063168728
-1.2018550505339138
-1.191124515583072
-1.1804553611042894
-1.1698482951525095
-1.1593039762110247
-1.148823015132257
-1.1384059770084773
-1.1280533829750334
-1.117765711948455
-1.1075434023017952
-1.0973868534794349
-1.0872964275535406
-1.0772724507242097
-1.0673152147653786
-1.0574249784184073
-1.0476019687351636
-1.0378463823725192
-1.0281583868398703
-1.0185381217014777
-1.0089856997351216
-0.9995012080487475
-0.9900847091565376
-0.9807362420158259
-0.9714558230263611
-0.9622434469931417
-0.9530990880542208
-0.9440227005746479
-0.9350142200078215
-0.9260735637253807
-0.9172006318167507
-0.9083953078594512
-0.8996574596612066
-0.8909869399747988
-0.8823835871867446
-0.8738472259806466
-0.8653776679761108
-0.8569747123441854
-0.8486381464000688
-0.8403677461739306
-0.8321632769606279
-0.8240244938490577
-0.8159511422318951
-0.8079429582963173
-0.7999996694965749
-0.7921209950088671
-0.7843066461692263
-0.7765563268950477
-0.7688697340908093
-0.7612465580385188
-0.7536864827734844
-0.7461891864458909
-0.7387543416687111
-0.7313816158523972
-0.7240706715268789
-0.7168211666512793
-0.7096327549117737
-0.7025050860080639
-0.6954378059288241
-0.6884305572165159
-0.681482979221985
-0.674594708349154
-0.6677653782902002
-0.6609946202515528
-0.6542820631709872
-0.6476273339262186
-0.6410300575352242
-0.6344898573486086
-0.6280063552343188
-0.6215791717549446
-0.6152079263379193
-0.6088922374387792
-0.6026317226978612
-0.5964259990905532
-0.5902746830713966
-0.5841773907122338
-0.5781337378346194
-0.5721433401367026
-0.5662058133147733
-0.5603207731796591
-0.5544878357681773
-0.5487066174497939
-0.5429767350286782
-0.5372978058413087
-0.5316694478497958
-0.5260912797310877
-0.5205629209621614
-0.5150839919014216
-0.5096541138663416
-0.5042729092076038
-0.49894000137975625
-0.4936550150085585
-0.4884175759551773
-0.48322731137724656
-0.4780838497870041
-0.47298682110656426
-0.46793585672043303
-0.4629305895253696
-0.4579706539777008
-0.45305568613815883
-0.44818532371439257
-0.44335920610113044
-0.4385769744181979
-0.43383827154641214
-0.4291427421613881
-0.4244900327654619
-0.4198797917176629
-0.41531166926188134
-0.41078531755331
-0.40630039068316787
-0.4018565447018214
-0.39745343764034125
-0.3930907295305639
-0.3887680824236936
-0.38448516040753217
-0.3802416296223717
-0.37603715827559486
-0.3718714166550438
-0.36774407714121005
-0.36365481421826806
-0.3596033044840283
-0.3555892266588397
-0.35161226159346054
-0.3476720922759722
-0.3437684038377674
-0.3399008835586288
-0.3360692208709448
-0.3322731073631333
-0.32851223678221875
-0.32478630503571504
-0.3210950101927248
-0.3174380524843782
-0.3138151343035839
-0.31022596020414533
-0.30667023689927025
-0.30314767325947817
-0.29965798030997165
-0.296200871227438
-0.2927760613363466
-0.2893832681047845
-0.28602221113977777
-0.2826926121821845
-0.2793941951011716
-0.27612668588826134
-0.2728898126510011
-0.2696833056062375
-0.2665068970730857
-0.2633603214655179
-0.26024331528462996
-0.25715561711062906
-0.25409696759452877
-0.25106710944953653
-0.24806578744220942
-0.24509274838335743
-0.24214774111871437
-0.23923051651935134
-0.23634082747194263
-0.23347842886878378
-0.23064307759762973
-0.22783453253138597
-0.2250525545175891
-0.22229690636776978
-0.21956735284665538
-0.21686366066122498
-0.21418559844965543
-0.21153293677013615
-0.20890544808958203
-0.20630290677221963
-0.20372508906812417
-0.20117177310162426
-0.19864273885965056
-0.19613776817998757
-0.1936566447394904
-0.1911991540422325
-0.1887650834075666
-0.1863542219581746
-0.183966360608063
-0.18160129205051198
-0.179258810746006
-0.17693871291012309
-0.17464079650140407
-0.17236486120921946
-0.17011070844160897
-0.16787814131309434
-0.1656669646325242
-0.16347698489089807
-0.16130801024917837
-0.1591598505261453
-0.15703231718621913
-0.15492522332731876
-0.15283838366873434
-0.15077161453902657
-0.14872473386391213
-0.14669756115421773
-0.144689917493834
-0.14270162552771326
-0.14073250944987037
-0.1387823949914748
-0.13685110940891076
-0.13493848147192186
-0.13304434145179173
-0.1311685211095413
-0.12931085368418524
-0.1274711738810583
-0.12564931786014857
-0.12384512322449469
-0.12205842900864919
-0.1202890756671732
-0.11853690506318548
-0.11680176045698412
-0.11508348649471142
-0.1133819291970566
-0.11169693594806222
-0.11002835548394618
-0.108376037881998
-0.10673983454954732
-0.10511959821297105
-0.10351518290678467
-0.10192644396278275
-0.10035323799924989
-0.09879542291022896
-0.09725285785485001
-0.09572540324674782
-0.0942129207435215
-0.0927152732362638
-0.09123232483916578
-0.08976394087918205
-0.08830998788576809
-0.08687033358067185
-0.08544484686781537
-0.08403339782322336
-0.0826358576850298
-0.08125209884355282
-0.07988199483144118
-0.07852542031387726
-0.07718225107887013
-0.07585236402757924
-0.07453563716476097
-0.07323194958923976
-0.07194118148445693
-0.07066321410911224
-0.06939792978785297
-0.06814521190201735
-0.06690494488048765
-0.06567701419057682
-0.06446130632901095
-0.06325770881294442
-0.06206611017106919
-0.06088639993480892
-0.059718468629534296
-0.05856220776587531
-0.05741750983111339
-0.05628426828060226
-0.05516237752930023
-0.05405173294331767
-0.05295223083159279
-0.05186376843759113
-0.05078624393105459
-0.04971955639989619
-0.048663605842051566
-0.04761829315748977
-0.04658352014024103
-0.04555918947048649
-0.044545204706749775
-0.043541470278092256
-0.042547891476445915
-0.04156437444894572
-0.040590826190353015
-0.039627154535552864
-0.038673268152074954
-0.037729076532736806
-0.036794489988263075
-0.03586941964007894
-0.03495377741304455
-0.034047476028333766
-0.03315042899634823
-0.03226255060967818
-0.03138375593613893
-0.03051396081186879
-0.02965308183446504
-0.028801036356192564
-0.027957742477250535
-0.02712311903911551
-0.02629708561788144
-0.025479562517729513
-0.024670470764400106
-0.023869732098754853
-0.023077268970390582
-0.022293004531247235
-0.021516862629399246
-0.02074876780274877
-0.019988645272913688
-0.019236420939046674
-0.01849202137180587
-0.01775537380732178
-0.0170264061412072
-0.016305046922706304
-0.01559122534876407
-0.01488487125825086
-0.014185915126206834
-0.013494288058114354
-0.01280992178424337
-0.012132748654048972
-0.011462701630609166
-0.01079971428509917
-0.010143720791350952
-0.009494655920423653
-0.008852455035236836
-0.008217054085248834
-0.007588389601201153
-0.006966398689856573
-0.006351019028862942
-0.0057421888615825116
-0.00513984699202266
-0.004543932779786336
-0.0039543861350723455
-0.0033711475137280533
-0.0027941579123089244
-0.0022233588632610242
-0.0016586924300715704
-0.0011001012024636839
-0.0005475282917041422
-9.173258723556385e-7
0.0005397875547816587
0.0010746417024418385
0.0016036999663086916
0.0021270166971273895
0.002644645751683639
0.0031566404972433776
0.003663053815961264
0.004163938109280112
0.004659345302218894
0.005149326847700954
0.005633933730794248
0.006113216472930203
0.006587225136083227
0.007056009326917501
0.0075196182008790075
0.007978100466272583
0.008431504388301538
0.008879877793027707
0.00932326807138626
0.009761722183057712
0.010195286660386401
0.010624007612215665
0.011047930727728797
0.011467101280208442
0.011881564130817325
0.01229136373227749
0.01269654413259318
0.013097148978663617
0.01349322151993882
0.01388480461196879
0.01427194071998869
0.014654671922416687
0.01503303991434559
0.015407086011021226
0.015776851151234863
0.016142375900751613
0.016503700455657272
0.016860864645707966
0.017213907937618123
0.017562869438337726
0.01790778789831279
0.01824870171470109
0.01858564893453018
0.018918667257896052
0.019247794041079274
0.019573066299624152
0.019894520711451664
0.020212193619872552
0.02052612103662907
0.0208363386448888
0.021142881802174406
0.021445785543356487
0.021745084583517225
0.022040813320857763
0.02233300583956838
0.0226216959126306
0.02290691700466507
0.023188702274671045
0.023467084578823356
0.023742096473189648
0.02401377021642763
0.024282137772481838
0.024547230813264237
0.0248090807212315
0.025067718592061587
0.025323175237196807
0.025575481186436346
0.025824666690465764
0.02607076172337496
0.02631379598516959
0.026553798904216625
0.02679079963973676
0.02702482708417778
0.02725590986569077
0.02748407635045719
0.027709354645093102
0.027931772598962252
0.02815135780652469
0.028368137609615384
0.0285821390997398
0.02879338912032551
0.02900191426897855
0.029207740899673453
0.029410895124975904
0.029611402818215737
0.029809289615648972
0.030004580918583275
0.030197301895531617
0.030387477484280355
0.030575132393979843
0.03076029110724665
0.030942977882146193
0.03112321675426309
0.03130103153870436
0.03147644583208015
0.03164948301448547
0.031820166251451724
0.031988518495882315
0.03215456248997971
0.032318320767141744
0.03247981565385292
0.03263906927155471
0.03279610353848546
0.03295094017152539
0.033103600688014635
0.03325410640756559
0.03340247845382652
0.033548737756261104
0.033692905051919284
0.03383500088715298
0.03397504561935294
0.034113059418645154
0.03424906226959834
0.034383073972878125
0.03451511414693762
0.034645202229633874
0.03477335747988161
0.03489959897926846
0.035023945633638275
0.03514641617470492
0.03526702916160982
0.03538580298248564
0.03550275585600893
0.035617905832926657
0.035731270797553755
0.03584286846933303
0.03595271640425421
0.036060831996391846
0.03616723247933406
0.03627193492764844
0.03637495625831388
0.0364763132321546
0.03657602245523587
0.03667410038029795
0.03677056330807371
0.03686542738874807
0.03695870862326508
0.03705042286469707
0.037140585819567806
0.03722921304920128
0.03731631997102084
0.037401921859833376
0.037486033849174365
0.03756867093251462
0.037649847964598526
0.03772957966263128
0.037807880607593616
0.03788476524540491
0.037960247888197414
0.03803434271551177
0.03810706377548619
0.038178424986054504
0.03824844013613814
0.038317122886786154
0.03838448677236309
0.03845054520166734
0.038515311459090075
0.038578798705735565
0.03864101998052746
0.038701988201340215
0.038761716166069826
0.03882021655373515
0.03887750192554164
0.03893358472597047
0.038988477283823535
0.03904219181326309
0.039094740414859996
0.03914613507663413
0.03919638767505127
0.039245509976055915
0.039293513636053226
0.03934041020292589
0.03938621111699305
0.039430927711996716
0.03947457121608622
0.039517152752738025
0.039558683341728025
0.03959917390008646
0.03963863524300127
0.03967707808474855
0.039714513039626545
0.039750950622839426
0.039786401251404854
0.03982087524506804
0.03985438282712855
0.03988693412539043
0.039918539172957755
0.03994920790914129
0.03997895018029311
0.040007775740639066
0.04003569425315704
0.04006271529035065
0.040088848335114925
0.04011410278151817
0.04013848793562385
0.04016201301632188
0.04018468715603415
0.040206519401605516
0.040227518715001666
0.04024769397411527
0.0402670539735254
0.04028560742526403
0.04030336295953904
0.0403203291255128
0.04033651439200536
0.040351927148263
0.040366575704635636
0.040380468293327795
0.04039361306912243
0.04040601811003336
0.04041769141805374
0.040428640919816815
0.04043887446730051
0.04044839983849858
0.04045722473810042
0.040465356798141
0.04047280357868493
0.040479572568470214
0.04048567118554942
0.04049110677795976
0.04049588662433619
0.040500017934549465
0.04050350785033727
0.04050636344591505
0.040508591728612875
0.040510199639454555
0.04051119405380243
0.040511581781907766
0.04051136956954869
0.04051056409856154
0.040509171987513505
0.040507199792188454
0.04050465400622218
0.040501541061613314
0.04049786732933846
0.040493639119895994
0.040488862683822284
0.0404835442123054
0.04047768983764503
0.04047130563385698
0.040464397617184095
0.04045697174662404
0.04044903392441527
0.04044058999662842
0.04043164575361715
0.04042220693056961
0.040412279207981565
0.04040186821216242
0.04039097951573595
0.04037961863815206
0.04036779104612422
0.04035550215415678
0.040342757324997126
0.04032956187012077
0.04031592105019551
0.040301840075551015
0.04028732410662364
0.04027237825443288
0.04025700758102723
0.040241217099927534
0.04022501177657486
0.04020839652876918
0.0401913762271107
0.040173955695431036
0.040156139711202236
0.04013793300599565
0.04011934026586902
0.040100366131825806
0.040081015200169504
0.04006129202297625
0.040041201108439575
0.04002074692132153
0.0399999338833308
0.03997876637351221
0.03995724872865503
0.0399353852436625
0.0399131801719375
0.03989063772579294
0.03986776207678257
0.03984455735611162
0.03982102765498547
0.039797177024998874
0.03977300947847772
0.03974852898884955
0.03972373949099493
0.03969864488161884
0.039673249019580976
0.039647555726257215
0.039621568785868734
0.03959529194585343
0.03956872891716075
0.03954188337464044
0.03951475895731237
0.039487359268752346
0.039459687877371225
0.039431748316832035
0.039403544086200844
0.03937507865041242
0.039346355440573515
0.03931737785416467
0.03928814925549851
0.039258672975874744
0.03922895231401189
0.03919899053628041
0.03916879087701925
0.03913835653882062
0.03910769069283482
0.039076796479051164
0.039045677006599444
0.03901433535400957
0.03898277456951586
0.03895099767134093
0.03891900764794989
0.038886807458331
0.03885440003228466
0.03882178827068422
0.038788975045734496
0.038755963201233846
0.03872275555287171
0.03868935488844111
0.03865576396811987
0.03862198552473684
0.03858802226400562
0.03855387686477908
0.03851955197929399
0.03848505023344616
0.038450374227000775
0.0384155265338341
0.038380509702199216
0.0383453262549487
0.03830997868975846
0.03827446947938633
0.03823880107187956
0.038202975890830465
0.0381669963355605
0.03813086478138761
0.038094583579825314
0.03805815505881719
0.038021581522950806
0.03798486525366619
0.03794800850947391
0.03791101352617983
0.03787388251707784
0.03783661767318058
0.037799221163400655
0.037761695134776785
0.03772404171267352
0.037686263000976036
0.0376483610822857
0.03761033801813252
0.03757219584916115
0.037533936595328714
0.03749556225609879
0.03745707481062852
0.03741847621795227
0.03737976841718792
0.037340953327692376
0.037302032849289464
0.03726300886240121
0.037223883228264115
0.03718465778909817
0.03714533436828387
0.037105914770531497
0.037066400782065384
0.03702679417079735
0.03698709668647601
0.03694731006089726
0.03690743600802366
0.03686747622419617
0.03682743238825626
0.036787306161749855
0.03674709918905843
0.03670681309757624
0.03666644949785937
0.03662600998379158
0.03658549613273646
0.03654490950569199
0.036504251647447125
0.03646352408671577
0.03642272833632001
0.036381865893316025
0.03634093823913137
0.03629994683976267
0.03625889314584834
0.036217778592873034
0.03617660460125979
0.03613537257655969
0.03609408390956917
0.0360527399764527
0.03601134213891267
0.03596989174429219
0.035928390125750866
0.03588683860234305
0.03584523847919915
0.035803591047635544
0.03576189758529106
0.03572015935625009
0.035678377611165796
0.03563655358739549
0.035594688509136545
0.03555278358750925
0.0355108400207499
0.03546885899423952
0.035426841680726275
0.035384789240355125
0.035342702820851786
0.03530058355759527
0.03525843257377075
0.035216250980455305
0.03517403987674231
0.03513180034986807
0.03508953347530418
0.03504724031688819
0.03500492192690481
0.034962579346226846
0.03492021360440246
0.03487782571977474
0.034835416699582476
0.034792987540056164
0.03475053922654347
0.0347080727336023
0.03466558902507872
0.034623089054262084
0.03458057376392648
0.03453804408647949
0.034495500944026015
0.034452945248502224
0.034410377901709095
0.03436779979548568
0.034325211811752694
0.03428261482263493
0.03424000969050351
0.034197397268161234
0.03415477839884127
0.03411215391634545
0.034069524645126616
0.03402689140036645
0.033984254988101543
0.03394161620524233
0.03389897583973765
0.033856334670599314
0.03381369346802203
0.03377105299344259
0.03372841399966696
0.033685777230889016
0.033643143422834684
0.03360051330279861
0.03355788758975422
0.033515266994412804
0.03347265221932553
0.03343004395892125
0.03338744289963751
0.033344849719960615
0.033302265090497545
0.03325968967409088
0.033217124125858755
0.033174569093266625
0.03313202521622105
0.03308949312714611
0.033046973451024274
0.03300446680549729
0.032961973800933214
0.03291949504047373
0.03287703112013265
0.032834582628841605
0.03279215014854871
0.03274973425424062
0.03270733551405525
0.03266495448931616
0.03262259173462146
0.03258024779789271
0.03253792322043228
0.032495618537020605
0.03245333427594591
0.0324110709590781
0.03236882910193676
0.032326609213759364
0.03228441179753032
0.032242237350072936
0.03220008636210083
0.03215795931827831
0.032115856697254204
0.03207377897177844
0.03203172660870211
0.03198970006905033
0.03194769980809685
0.03190572627540542
0.03186377991488377
0.031821861164850536
0.03177997045808052
0.0317381082218688
0.031696274878048214
0.031654470843105464
0.03161269652816992
0.03157095233912082
0.0315292386765893
0.031487555936051174
0.031445904507854956
0.03140428477727257
0.03136269712455045
0.031321141924977675
0.03127961954890372
0.031238130361799513
0.031196674724330957
0.031155252992362076
0.031113865517022374
0.03107251264477123
0.031031194717412544
0.030989912072167648
0.03094866504170411
0.030907453954175265
0.030866279133294306
0.03082514089834006
0.030784039564226783
0.030742975441536615
0.03070194883657737
0.030660960051407598
0.030620009383879432
0.03057909712768309
0.030538223572397525
0.030497389003535186
0.0304565937025488
0.030415837946908116
0.03037512201012677
0.030334446161800584
0.030293810667638504
0.0302532157895256
0.030212661785524897
0.030172148909965335
0.030131677413420363
0.030091247542803
0.0300508595413475
0.03001051364868958
0.029970210100880915
0.02992994913044871
0.029889730966383334
0.029849555834229064
0.029809423956077774
0.029769335550631777
0.029729290833207748
0.029689290015817785
0.02964933330713653
0.02960942091260636
0.029569553034419407
0.02952972987156293
0.02948995161986505
0.029450218472015444
0.029410530617590372
0.029370888243109544
0.029331291532034523
0.02929174066482122
0.029252235818957868
0.02921277716895695
0.029173364886438416
0.029133999140101945
0.029094680095829818
0.029055407916618134
0.029016182762709473
0.028977004791542058
0.02893787415782335
0.028898791013539458
0.02885975550797564
0.028820767787789848
0.028781827996963147
0.028742936276890996
0.028704092766402522
0.028665297601737614
0.02862655091663864
0.028587852842326098
0.028549203507575206
0.028510603038667953
0.02847205155949972
0.02843354919155577
0.028395096053931163
0.028356692263388508
0.028318337934362205
0.02828003317898438
0.02824177810710519
0.028203572826333415
0.02816541744203605
0.028127312057375585
0.028089256773339906
0.02805125168873768
0.02801329690027161
0.027975392502501358
0.02793753858789782
0.027899735246872746
0.027861982567775247
0.02782428063693426
0.027786629538673103
0.027749029355321333
0.027711480167255
0.02767398205291051
0.027636535088788074
0.027599139349498276
0.02756179490774396
0.027524501834405316
0.027487260198491483
0.027450070067213606
0.027412931505945294
0.02737584457829963
0.027338809346141142
0.027301825869547082
0.02726489420690394
0.02722801441486314
0.027191186548420544
0.027154410660856967
0.027117686803836645
0.027081015027371404
0.027044395379851593
0.0270078279080763
0.02697131265726074
0.02693484967105091
0.026898438991537967
0.02686208065929235
0.026825774713371536
0.026789521191318732
0.026753320129208964
0.026717171561645423
0.026681075521782033
0.026645032041331687
0.026609041150612467
0.02657310287850643
0.02653721725253884
0.02650138429884265
0.02646560404220334
0.02642987650607378
0.02639420171254275
0.026358579682454183
0.02632301043528395
0.026287493989276278
0.026252030361370502
0.026216619567292293
0.02618126162148335
0.026145956537187248
0.026110704326426756
0.026075505000036324
0.026040358567644438
0.026005265037731633
0.02597022441758726
0.02593523671340476
0.025900301930205188
0.025865420071896572
0.02583059114129194
0.02579581514010896
0.025761092068978777
0.025726421927461163
0.025691804714068046
0.02565724042626653
0.02562272906046859
0.025588270612104377
0.025553865075569646
0.025519512444265386
0.02548521271062315
0.025450965866070926
0.025416771901109365
0.025382630805270937
0.025348542567136926
0.025314507174382484
0.02528052461374889
0.02524659487107713
0.025212717931312873
0.02517889377851518
0.025145122395854196
0.025111403765667804
0.025077737869406518
0.02504412468769193
0.02501056420031235
0.02497705638622457
0.02494360122358506
0.02491019868973062
0.02487684876121456
0.024843551413803663
0.02481030662247757
0.024777114361467675
0.024743974604246613
0.02471088732352327
0.024677852491287393
0.024644870078782813
0.024611940056557244
0.024579062394422996
0.02454623706151375
0.024513464026232827
0.024480743256350624
0.02444807471892228
0.02441545838035053
0.02438289420636226
0.024350382162064227
0.024317922211904115
0.024285514319684804
0.024253158448596192
0.02422085456120009
0.024188602619472803
0.0241564025847467
0.024124254417804254
0.024092158078794775
0.02406011352734258
0.024028120722452997
0.023996179622582367
0.023964290185633987
0.023932452368960085
0.023900666129370914
0.023868931423139
0.023837248206014273
0.023805616433214744
0.02377403605945888
0.023742507038948705
0.023711029325375967
0.02367960287196995
0.023648227631439284
0.023616903556034515
0.02358563059751777
0.023554408707196422
0.02352323783590786
0.023492117934031415
0.023461048951526654
0.02343003083787574
0.02339906354213811
0.023368147012954893
0.02333728119853272
0.02330646604665453
0.023275701504703827
0.02324498751965515
0.023214324038088537
0.023183711006175643
0.02315314836971833
0.023122636074112544
0.023092174064405155
0.023061762285231484
0.02303140068091494
0.023001089195377935
0.022970827772200168
0.02294061635461585
0.02291045488548644
0.022880343307390586
0.022850281562513067
0.022820269592753305
0.022790307339656687
0.02276039474446124
0.022730531748103713
0.022700718291181813
0.022670954314019328
0.02264123975661433
0.02261157455869519
0.022581958659680282
0.022552391998716156
0.022522874514663865
0.022493406146089082
0.022463986831322034
0.022434616508404937
0.022405295115117803
0.022376022588976523
0.02234679886725096
0.022317623886980196
0.022288497584896264
0.022259419897562843
0.02223039076127912
0.02220141011209006
0.022172477885828285
0.022143594018111647
0.022114758444314875
0.02208597109961323
0.022057231918977797
0.022028540837126222
0.02199989778861182
0.021971302707794085
0.021942755528784413
0.0219142561855502
0.02188580461183692
0.021857400741219918
0.021829044507085914
0.02180073584264787
0.021772474680929802
0.02174426095478291
0.021716094596913725
0.02168797553984399
0.021659903715916348
0.021631879057345368
0.021603901496175113
0.02157597096430209
0.021548087393455553
0.02152025071525239
0.02149246086113717
0.02146471776242936
0.021437021350294547
0.021409371555790424
0.021381768309832763
0.021354211543197808
0.021326701186551552
0.0212992371704396
0.021271819425279885
0.02124444788137172
0.021217122468908816
0.02118984311798318
0.02116260975856538
0.02113542232051498
0.021108280733608663
0.021081184927529886
0.021054134831822273
0.021027130375985886
0.021000171489399096
0.020973258101361376
0.02094639014108395
0.020919567537705918
0.020892790220260457
0.020866058117718564
0.020839371158984626
0.020812729272865718
0.020786132388116114
0.020759580433410453
0.020733073337361123
0.02070661102851455
0.020680193435361677
0.020653820486328432
0.020627492109775946
0.020601208234015823
0.020574968787327973
0.020548773697893593
0.02052262289389455
0.02049651630342413
0.020470453854567503
0.02044443547534679
0.020418461093741548
0.02039253063770051
0.020366644035141376
0.02034080121394344
0.020315002101931292
0.020289246626936184
0.020263534716739414
0.020237866299096543
0.020212241301729834
0.02018665965237437
0.02016112127869787
0.020135626108383365
0.020110174069066795
0.020084765088407033
0.020059399094013854
0.02003407601348537
0.02000879577444127
0.019983558304458193
0.0199583635311361
0.019933211382024366
0.019908101784723683
0.019883034666788795
0.019858009955798884
0.01983302757932179
0.019808087464935103
0.019783189540216097
0.019758333732741017
0.019733519970104894
0.019708748179908992
0.019684018289754725
0.019659330227271756
0.019634683920093775
0.019610079295845146
0.0195855162822163
0.01956099480688527
0.019536514797513522
0.019512076181875653
0.019487678887670445
0.01946332284266903
0.019439007974645973
0.01941473421144658
0.019390501480873176
0.01936630971078804
0.019342158829120253
0.019318048763759376
0.019293979442668793
0.019269950793828355
0.019245962745274778
0.01922201522505104
0.01919810816124764
0.01917424148199051
0.019150415115451583
0.019126628989846024
0.01910288303339879
0.01907917717441236
0.01905551134120741
0.019031885462163004
0.019008299465697452
0.018984753280273024
0.018961246834396466
0.018937780056636
0.018914352875596313
0.018890965219921316
0.01886761701832347
0.018844308199574514
0.018821038692483485
0.01879780842590461
0.018774617328767344
0.018751465330041333
0.018728352358764196
0.01870527834400829
0.018682243214945615
0.018659246900759003
0.018636289330729364
0.018613370434165645
0.01859049014047154
0.018567648379086945
0.018544845079530005
0.018522080171369658
0.01849935358424845
0.01847666524787074
0.01845401509201427
0.018431403046514985
0.018408829041274707
0.01838629300627929
0.018363794871562387
0.018341334567239624
0.01831891202350276
0.018296527170592873
0.018274179938846183
0.018251870258664326
0.018229598060517774
0.018207363274952152
0.018185165832582333
0.018163005664123353
0.01814088270032708
0.018118796872059105
0.018096748110225654
0.018074736345849624
0.018052761509992545
0.01803082353383292
0.01800892234859052
0.0179870578855973
0.017965230076265
0.017943438852051307
0.017921684144533306
0.017899965885336058
0.017878284006213614
0.01785663843895355
0.017835029115460425
0.017813455967708988
0.017791918927768737
0.017770417927778386
0.017748952899968973
0.017727523776672208
0.017706130490281614
0.01768477297328826
0.01766345115828568
0.017642164977932414
0.017620914364986563
0.017599699252286712
0.01757851957277879
0.017557375259480798
0.01753626624550111
0.017515192464050918
0.017494153848426282
0.017473150332010814
0.017452181848269674
0.017431248330801275
0.017410349713240104
0.01738948592934713
0.017368656912973124
0.01734786259805884
0.01732710291864245
0.01730637780884526
0.017285687202883513
0.017265031035090358
0.017244409239864155
0.017223821751721796
0.0172032685052653
0.017182749435182124
0.017162264476285626
0.01714181356344751
0.017121396631681038
0.0171010136160565
0.017080664451746337
0.017060349074053086
0.017040067418331802
0.01701981942007672
0.016999605014857724
0.016979424138350956
0.016959276726315305
0.016939162714632243
0.016919082039282912
0.016899034636309027
0.016879020441905715
0.016859039392337412
0.016839091423964406
0.016819176473262493
0.016799294476799852
0.016779445371258594
0.016759629093388646
0.01673984558009311
0.016720094768323614
0.01670037659516017
0.016680690997793627
0.016661037913498076
0.01664141727964424
0.016621829033738142
0.016602273113347762
0.01658274945616927
0.016563257999997034
0.0165437986827297
0.01652437144234563
0.016504976216966397
0.016485612944776254
0.016466281564103808
0.016446982013352606
0.016427714231027967
0.016408478155759403
0.01638927372625789
0.016370100881359064
0.016350959559983225
0.016331849701169483
0.016312771244062697
0.01629372412789091
0.01627470829200575
0.01625572367587556
0.016236770219034174
0.016217847861158454
0.016198956541999245
0.01618009620143902
0.016161266779436596
0.0161424682160919
0.016123700451583876
0.016104963426194566
0.016086257080333472
0.016067581354485782
0.016048936189274957
0.016030321525398062
0.01601173730367416
0.015993183465035404
0.015974659950497933
0.015956166701197656
0.015937703658373072
0.01591927076337824
0.01590086795765012
0.01588249518275182
0.015864152380341695
0.015845839492180394
0.015827556460146584
0.015809303226229025
0.015791079732498162
0.015772885921141754
0.015754721734463344
0.015736587114854237
0.01571848200483392
0.015700406347013474
0.015682360084104334
0.015664343158937704
0.015646355514427175
0.015628397093629898
0.015610467839680836
0.015592567695813441
0.015574696605399823
0.015556854511878255
0.015539041358836965
0.015521257089922691
0.015503501648921541
0.015485774979717766
0.015468077026302002
0.015450407732743499
0.015432767043263046
0.015415154902160383
0.015397571253829045
0.015380016042787615
0.015362489213676379
0.015344990711191803
0.015327520480173829
0.01531007846556668
0.015292664612399363
0.015275278865820769
0.015257921171079864
0.015240591473538893
0.015223289718636289
0.015206015851964998
0.015188769819171156
0.015171551566051092
0.01515436103847579
0.015137198182423317
0.015120062943986453
0.015102955269368864
0.015085875104843683
0.015068822396833853
0.015051797091842562
0.015034799136465321
0.015017828477434873
0.015000885061564419
0.014983968835775855
0.014967079747084541
0.014950217742647298
0.01493338276967643
0.014916574775514542
0.014899793707619213
0.014883039513513883
0.014866312140854075
0.014849611537386677
0.014832937650986165
0.014816290429596205
0.014799669821274501
0.014783075774190373
0.014766508236620122
0.014749967156913608
0.0147334524835584
0.014716964165125749
0.014700502150289287
0.014684066387840129
0.014667656826648829
0.014651273415702055
0.014634916104090906
0.014618584841007337
0.014602279575732334
0.014586000257650248
0.01456974683627704
0.01455351926119844
0.014537317482106862
0.014521141448793599
0.01450499111116919
0.014488866419239214
0.014472767323090219
0.01445669377292163
0.014440645719064935
0.014424623111889367
0.014408625901920139
0.014392654039744494
0.014376707476076583
0.014360786161718563
0.014344890047572795
0.014329019084660726
0.014313173224055356
0.014297352416988809
0.014281556614739968
0.01426578576871982
0.014250039830447283
0.014234318751497868
0.014218622483591637
0.014202950978516907
0.014187304188163512
0.014171682064545627
0.014156084559742915
0.014140511625947677
0.014124963215452889
0.014109439280661482
0.01409393977403821
0.014078464648199552
0.014063013855781934
0.014047587349597013
0.014032185082520994
0.014016807007514268
0.014001453077656548
0.013986123246116767
0.013970817466154774
0.013955535691135999
0.013940277874525077
0.013925043969858445
0.013909833930812594
0.013894647711120239
0.013879485264612083
0.013864346545250567
0.013849231507059731
0.013834140104166543
0.013819072290795945
0.01380402802127901
0.013789007250026844
0.013774009931533994
0.013759036020432323
0.013744085471402977
0.013729158239246704
0.013714254278865518
0.01369937354521273
0.013684515993405815
0.013669681578564527
0.01365487025600401
0.013640081981047528
0.013625316709169477
0.013610574395907354
0.013595854996895113
0.013581158467872
0.013566484764653386
0.013551833843155473
0.013537205659399365
0.013522600169479811
0.013508017329585663
0.013493457096028554
0.013478919425157167
0.013464404273447432
0.013449911597459178
0.013435441353864049
0.013420993499389203
0.013406567990871688
0.013392164785247714
0.013377783839527299
0.013363425110810716
0.013349088556309223
0.01333477413330163
0.013320481799182939
0.013306211511394531
0.013291963227523674
0.013277736905213772
0.013263532502179563
0.01324934997627849
0.013235189285420064
0.01322105038759511
0.013206933240914761
0.013192837803553438
0.013178764033789663
0.013164711889983284
0.013150681330579497
0.013136672314111794
0.01312268479922157
0.013108718744606361
0.013094774109091177
0.013080850851525255
0.01306694893091398
0.013053068306310879
0.013039208936871848
0.01302537078181739
0.013011553800486733
0.012997757952288861
0.012983983196716273
0.012970229493346492
0.012956496801861384
0.012942785082003715
0.012929094293613965
0.012915424396633362
0.012901775351050906
0.01288814711698791
0.012874539654597755
0.012860952924170832
0.012847386886049734
0.012833841500673723
0.012820316728557254
0.01280681253030843
0.012793328866611955
0.012779865698240855
0.012766422986064367
0.012753000691010976
0.012739598774107238
0.012726217196464643
0.012712855919266606
0.012699514903790775
0.012686194111383216
0.01267289350349751
0.01265961304165318
0.012646352687450662
0.01263311240256759
0.01261989214878016
0.012606691887933053
0.0125935115819641
0.012580351192880946
0.01256721068278516
0.0125540900138367
0.012540989148315229
0.012527908048545092
0.012514846676947612
0.012501804996014446
0.012488782968332664
0.012475780556561343
0.012462797723427002
0.012449834431759772
0.012436890644465208
0.012423966324520225
0.012411061434967377
0.012398175938963727
0.01238530979972011
0.012372462980526
0.012359635444751698
0.012346827155864406
0.012334038077399478
0.01232126817294277
0.012308517406200453
0.012295785740940384
0.012283073141005064
0.012270379570306954
0.012257704992852218
0.012245049372704214
0.012232412674039544
0.012219794861069572
0.012207195898117355
0.01219461574955839
0.012182054379859352
0.012169511753547857
0.012156987835237134
0.012144482589622977
0.012131995981483236
0.012119527975643304
0.012107078537014987
0.012094647630597375
0.012082235221475196
0.012069841274766346
0.012057465755698856
0.01204510862956958
0.012032769861732892
0.012020449417654473
0.012008147262820162
0.011995863362837617
0.011983597683373873
0.011971350190160686
0.011959120849021452
0.011946909625827938
0.011934716486531848
0.011922541397190482
0.011910384323896723
0.011898245232824468
0.01188612409023395
0.011874020862442377
0.011861935515843107
0.01184986801691616
0.01183781833219887
0.01182578642829266
0.011813772271892727
0.011801775829766754
0.011789797068714166
0.011777835955652013
0.011765892457548005
0.011753966541437538
0.011742058174469038
0.011730167323764676
0.011718293956632892
0.011706438040381007
0.011694599542372116
0.011682778430124602
0.011670974671129165
0.011659188233022727
0.011647419083458956
0.011635667190208495
0.011623932521051622
0.011612215043893592
0.011600514726662585
0.011588831537405888
0.011577165444206974
0.011565516415230221
0.011553884418683059
0.011542269422866958
0.011530671396158152
0.011519090306984916
0.011507526123826488
0.011495978815280443
0.011484448349955738
0.011472934696589075
0.011461437823918008
0.011449957700782587
0.011438494296106093
0.011427047578843346
0.011415617518037144
0.011404204082781543
0.011392807242277776
0.01138142696573529
0.01137006322244928
0.011358715981819444
0.011347385213258204
0.011336070886275548
0.011324772970441292
0.011313491435378997
0.011302226250792104
0.011290977386434363
0.011279744812139544
0.011268528497797022
0.0112573284133582
0.011246144528852083
0.011234976814372516
0.011223825240054962
0.011212689776109265
0.011201570392837609
0.011190467060557171
0.011179379749685013
0.011168308430680573
0.011157253074096776
0.011146213650512184
0.01113519013058508
0.01112418248505587
0.0111131906846775
0.011102214700329292
0.011091254502898443
0.011080310063375272
0.011069381352782464
0.01105846834221685
0.01104757100285294
0.01103668930588697
0.011025823222607383
0.011014972724382907
0.01100413778258658
0.010993318368712056
0.01098251445426011
0.010971726010856846
0.01096095301011361
0.010950195423759012
0.010939453223564634
0.01092872638135322
0.010918014869035935
0.010907318658535408
0.010896637721890402
0.010885972031170988
0.010875321558491201
0.010864686276065402
0.010854066156122957
0.010843461170992198
0.01083287129303526
0.010822296494683869
0.0108117367484162
0.010801192026802313
0.010790662302429255
0.010780147547962554
0.010769647736133054
0.010759162839696565
0.010748692831539333
0.010738237684510791
0.010727797371594707
0.010717371865807804
0.010706961140205057
0.010696565167920205
0.010686183922126728
0.010675817376086872
0.010665465503091867
0.010655128276498354
0.010644805669730329
0.010634497656248864
0.010624204209579408
0.010613925303306394
0.010603660911071958
0.010593411006588246
0.010583175563576628
0.010572954555884398
0.010562747957330412
0.010552555741871552
0.010542377883471532
0.010532214356145509
0.010522065134016347
0.010511930191187447
0.010501809501883412
0.010491703040334064
0.010481610780874586
0.010471532697843797
0.010461468765658857
0.010451418958782306
0.010441383251761029
0.010431361619182386
0.010421354035633799
0.01041136047584897
0.010401380914543321
0.010391415326516601
0.010381463686622395
0.010371525969751647
0.010361602150877405
0.0103516922049769
0.010341796107145
0.010331913832484154
0.010322045356152268
0.010312190653387605
0.010302349699441018
0.01029252246964931
0.010282708939395563
0.01027290908409878
0.010263122879246467
0.01025335030036429
0.010243591323042454
0.010233845922930472
0.010224114075701691
0.010214395757099733
0.010204690942918867
0.010194999609001663
0.010185321731241849
0.010175657285588209
0.010166006248036867
0.010156368594644862
