   9.9999999999999994E-012  0.99744517999115556     
   1.0000000010000001E-002  0.99657880433875490     
   2.0000000010000001E-002  0.99398256455525158     
   3.0000000010000000E-002  0.98966504051104764     
   4.0000000010000002E-002  0.98364026888449663     
   5.0000000010000004E-002  0.97592737682624819     
   6.0000000010000006E-002  0.96655012065939006     
   7.0000000010000007E-002  0.95553637066796726     
   8.0000000010000002E-002  0.94291758266783798     
   9.0000000009999997E-002  0.92872829169272075     
  0.10000000000999999       0.91300565451331228     
  0.11000000000999999       0.89578905780086981     
  0.12000000000999998       0.87711979925366212     
  0.13000000000999998       0.85704084109702205     
  0.14000000000999999       0.83559662961853043     
  0.15000000001000000       0.81283297087268969     
  0.16000000001000000       0.78879695110366277     
  0.17000000001000001       0.76353689033757710     
  0.18000000001000002       0.73710231850037633     
  0.19000000001000003       0.70954396488936955     
  0.20000000001000004       0.68091375352778516     
  0.21000000001000005       0.65126479862633357     
  0.22000000001000006       0.62065139592032981     
  0.23000000001000007       0.58912900697305770     
  0.24000000001000008       0.55675423461356666     
  0.25000000001000006       0.52358478851924573     
  0.26000000001000007       0.48967944058667001     
  0.27000000001000007       0.45509797019191112     
  0.28000000001000008       0.41990109975813877     
  0.29000000001000009       0.38415042125556059     
  0.30000000001000010       0.34790831438379693     
  0.31000000001000011       0.31123785725203945     
  0.32000000001000012       0.27420273039546439     
  0.33000000001000013       0.23686711496093649     
  0.34000000001000014       0.19929558587114432     
  0.35000000001000015       0.16155300074131493     
  0.36000000001000015       0.12370438528173996     
  0.37000000001000016        8.5814815876073786E-002
  0.38000000001000017        4.7949299982071411E-002
  0.39000000001000018        1.0172654959587293E-002
  0.40000000001000019       -2.7450614108904640E-002
  0.41000000001000020       -6.4856437076877299E-002
  0.42000000001000021      -0.10198130137705910     
  0.43000000001000022      -0.13876237418644080     
  0.44000000001000023      -0.17513762367865884     
  0.45000000001000023      -0.21104593895582130     
  0.46000000001000024      -0.24642724827616030     
  0.47000000001000025      -0.28122263521640989     
  0.48000000001000026      -0.31537445242878792     
  0.49000000001000027      -0.34882643267213748     
  0.50000000001000022      -0.38152379681538173     
  0.51000000001000023      -0.41341335852915806     
  0.52000000001000024      -0.44444362539848947     
  0.53000000001000025      -0.47456489620576825     
  0.54000000001000026      -0.50372935414929287     
  0.55000000001000027      -0.53189115577820867     
  0.56000000001000028      -0.55900651544004987     
  0.57000000001000029      -0.58503378505221604     
  0.58000000001000029      -0.60993352902370668     
  0.59000000001000030      -0.63366859416831800     
  0.60000000001000031      -0.65620417446529467     
  0.61000000001000032      -0.67750787053816108     
  0.62000000001000033      -0.69754974373714007     
  0.63000000001000034      -0.71630236472518449     
  0.64000000001000035      -0.73374085648223797     
  0.65000000001000036      -0.74984293165685345     
  0.66000000001000036      -0.76458892420875990     
  0.67000000001000037      -0.77796181530033470     
  0.68000000001000038      -0.78994725340922090     
  0.69000000001000039      -0.80053356864848246     
  0.70000000001000040      -0.80971178129470844     
  0.71000000001000041      -0.81747560453834178     
  0.72000000001000042      -0.82382144148417713     
  0.73000000001000043      -0.82874837644344057     
  0.74000000001000044      -0.83225816057209578     
  0.75000000001000044      -0.83435519192299901     
  0.76000000001000045      -0.83504648999221165     
  0.77000000001000046      -0.83434166485216410     
  0.78000000001000047      -0.83225288097642047     
  0.79000000001000048      -0.82879481587247861     
  0.80000000001000049      -0.82398461365036491     
  0.81000000001000050      -0.81784183366568386     
  0.82000000001000051      -0.81038839438628096     
  0.83000000001000052      -0.80164851264170989     
  0.84000000001000052      -0.79164863842427946     
  0.85000000001000053      -0.78041738541954198     
  0.86000000001000054      -0.76798545745268043     
  0.87000000001000055      -0.75438557104532777     
  0.88000000001000056      -0.73965237428488140     
  0.89000000001000057      -0.72382236221538609     
  0.90000000001000058      -0.70693378896547898     
  0.91000000001000059      -0.68902657683476387     
  0.92000000001000060      -0.67014222256526745     
  0.93000000001000060      -0.65032370102932480     
  0.94000000001000061      -0.62961536656934958     
  0.95000000001000062      -0.60806285222844958     
  0.96000000001000063      -0.58571296711374987     
  0.97000000001000064      -0.56261359213658790     
  0.98000000001000065      -0.53881357437543476     
  0.99000000001000066      -0.51436262030848867     
   1.0000000000100007      -0.48931118816337815     
   1.0100000000100007      -0.46371037963129363     
   1.0200000000100007      -0.43761183119217917     
   1.0300000000100007      -0.41106760529631370     
   1.0400000000100007      -0.38413008164575979     
   1.0500000000100007      -0.35685184881671994     
   1.0600000000100007      -0.32928559646085531     
   1.0700000000100007      -0.30148400832008954     
   1.0800000000100007      -0.27349965628535905     
   1.0900000000100007      -0.24538489572519112     
   1.1000000000100008      -0.21719176230491682     
   1.1100000000100008      -0.18897187051176143     
   1.1200000000100008      -0.16077631409503351     
   1.1300000000100008      -0.13265556862416156     
   1.1400000000100008      -0.10465939636043231     
   1.1500000000100008       -7.6836753630984883E-002
   1.1600000000100008       -4.9235700885934153E-002
   1.1700000000100008       -2.1903315611452430E-002
   1.1800000000100008        5.1143917367352763E-003
   1.1900000000100008        3.1772558623680835E-002
   1.2000000000100008        5.8027548002582030E-002
   1.2100000000100009        8.3837022421645049E-002
   1.2200000000100009       0.10916001454237501     
   1.2300000000100009       0.13395699395091271     
   1.2400000000100009       0.15818993015391597     
   1.2500000000100009       0.18182235166050972     
   1.2600000000100009       0.20481940106199734     
   1.2700000000100009       0.22714788603129557     
   1.2800000000100009       0.24877632617440093     
   1.2900000000100009       0.26967499567659997     
   1.3000000000100009       0.28981596169655977     
   1.3100000000100009       0.30917311847186274     
   1.3200000000100010       0.32772221710994881     
   1.3300000000100010       0.34544089104877590     
   1.3400000000100010       0.36230867718178000     
   1.3500000000100010       0.37830703265188437     
   1.3600000000100010       0.39341934732934813     
   1.3700000000100010       0.40763095199814015     
   1.3800000000100010       0.42092912228523360     
   1.3900000000100010       0.43330307837675325     
   1.4000000000100010       0.44474398057419967     
   1.4100000000100010       0.45524492075305056     
   1.4200000000100010       0.46480090979484973     
   1.4300000000100010       0.47340886107241908     
   1.4400000000100011       0.48106757007607992     
   1.4500000000100011       0.48777769027667811     
   1.4600000000100011       0.49354170532882335     
   1.4700000000100011       0.49836389772498679     
   1.4800000000100011       0.50225031401801079     
   1.4900000000100011       0.50520872673609718     
   1.5000000000100011       0.50724859312049064     
   1.5100000000100011       0.50838101082181186     
   1.5200000000100011       0.50861867069634403     
   1.5300000000100011       0.50797580684850852     
   1.5400000000100011       0.50646814407027330     
   1.5500000000100012       0.50411284283232805     
   1.5600000000100012       0.50092844198551700     
   1.5700000000100012       0.49693479933424217     
   1.5800000000100012       0.49215303024633161     
   1.5900000000100012       0.48660544446622511     
   1.6000000000100012       0.48031548130022522     
   1.6100000000100012       0.47330764334404485     
   1.6200000000100012       0.46560742892391110     
   1.6300000000100012       0.45724126342309040     
   1.6400000000100012       0.44823642966587485     
   1.6500000000100012       0.43862099753082073     
   1.6600000000100013       0.42842375296436452     
   1.6700000000100013       0.41767412656486586     
   1.6800000000100013       0.40640212190565361     
   1.6900000000100013       0.39463824376377449     
   1.7000000000100013       0.38241342641890619     
   1.7100000000100013       0.36975896218425758     
   1.7200000000100013       0.35670643032831495     
   1.7300000000100013       0.34328762654295025     
   1.7400000000100013       0.32953449310975513     
   1.7500000000100013       0.31547904991247977     
   1.7600000000100013       0.30115332643916914     
   1.7700000000100014       0.28658929491301516     
   1.7800000000100014       0.27181880468609482     
   1.7900000000100014       0.25687351802505337     
   1.8000000000100014       0.24178484741245074     
   1.8100000000100014       0.22658389448191246     
   1.8200000000100014       0.21130139069945236     
   1.8300000000100014       0.19596763989736862     
   1.8400000000100014       0.18061246276097917     
   1.8500000000100014       0.16526514336217382     
   1.8600000000100014       0.14995437782734042     
   1.8700000000100014       0.13470822522068623     
   1.8800000000100014       0.11955406071734005     
   1.8900000000100015       0.10451853113391266     
   1.9000000000100015        8.9627512877418311E-002
   1.9100000000100015        7.4906072366649770E-002
   1.9200000000100015        6.0378428973261213E-002
   1.9300000000100015        4.6067920522971491E-002
   1.9400000000100015        3.1996971390471689E-002
   1.9500000000100015        1.8187063214818219E-002
   1.9600000000100015        4.6587082553407339E-003
   1.9700000000100015       -8.5685745985986835E-003
   1.9800000000100015       -2.1476281157267851E-002
   1.9900000000100015       -3.4046940599440759E-002
   2.0000000000100013       -4.6264131486684137E-002
   2.0100000000100011       -5.8112495135532315E-002
   2.0200000000100009       -6.9577746366172505E-002
   2.0300000000100007       -8.0646681652248614E-002
   2.0400000000100005       -9.1307184702219546E-002
   2.0500000000100003      -0.10154822950835041     
   2.0600000000100001      -0.11135988090487337     
   2.0700000000099998      -0.12073329268210990     
   2.0800000000099996      -0.12966070330839247     
   2.0900000000099994      -0.13813542931644696     
   2.1000000000099992      -0.14615185641549516     
   2.1100000000099990      -0.15370542839469517     
   2.1200000000099988      -0.16079263388765225     
   2.1300000000099986      -0.16741099107159935     
   2.1400000000099983      -0.17355903037845208     
   2.1500000000099981      -0.17923627529829389     
   2.1600000000099979      -0.18444322135892693     
   2.1700000000099977      -0.18918131336793970     
   2.1800000000099975      -0.19345292100628417     
   2.1900000000099973      -0.19726131286462767     
   2.2000000000099971      -0.20061062901573701     
   2.2100000000099969      -0.20350585221788164     
   2.2200000000099966      -0.20595277784568350     
   2.2300000000099964      -0.20795798264602502     
   2.2400000000099962      -0.20952879241752997     
   2.2500000000099960      -0.21067324871276943     
   2.2600000000099958      -0.21140007466272390     
   2.2700000000099956      -0.21171864002314161     
   2.2800000000099954      -0.21163892554229516     
   2.2900000000099952      -0.21117148674924474     
   2.3000000000099949      -0.21032741726107770     
   2.3100000000099947      -0.20911831170672307     
   2.3200000000099945      -0.20755622836382637     
   2.3300000000099943      -0.20565365160384408     
   2.3400000000099941      -0.20342345423896804     
   2.3500000000099939      -0.20087885986273069     
   2.3600000000099937      -0.19803340527419458     
   2.3700000000099934      -0.19490090307347799     
   2.3800000000099932      -0.19149540451404443     
   2.3900000000099930      -0.18783116269468975     
   2.4000000000099928      -0.18392259617149834     
   2.4100000000099926      -0.17978425306723472     
   2.4200000000099924      -0.17543077575268656     
   2.4300000000099922      -0.17087686617139652     
   2.4400000000099920      -0.16613725187602540     
   2.4500000000099917      -0.16122665284128129     
   2.4600000000099915      -0.15615974911495095     
   2.4700000000099913      -0.15095114936507956     
   2.4800000000099911      -0.14561536037778683     
   2.4900000000099909      -0.14016675755657793     
   2.5000000000099907      -0.13461955647033391     
   2.5100000000099905      -0.12898778549344420     
   2.5200000000099902      -0.12328525957779493     
   2.5300000000099900      -0.11752555519255752     
   2.5400000000099898      -0.11172198646394085     
   2.5500000000099896      -0.10588758254329300     
   2.5600000000099894      -0.10003506622817120     
   2.5700000000099892       -9.4176833857251507E-002
   2.5800000000099890       -8.8324936496234158E-002
   2.5900000000099888       -8.2491062428224515E-002
   2.6000000000099885       -7.6686520958443388E-002
   2.6100000000099883       -7.0922227539549326E-002
   2.6200000000099881       -6.5208690220355373E-002
   2.6300000000099879       -5.9555997417290472E-002
   2.6400000000099877       -5.3973807004612059E-002
   2.6500000000099875       -4.8471336716115025E-002
   2.6600000000099873       -4.3057355847922266E-002
   2.6700000000099871       -3.7740178248880339E-002
   2.6800000000099868       -3.2527656582134412E-002
   2.6900000000099866       -2.7427177838615441E-002
   2.7000000000099864       -2.2445660080457737E-002
   2.7100000000099862       -1.7589550389766440E-002
   2.7200000000099860       -1.2864823995689834E-002
   2.7300000000099858       -8.2769845504147566E-003
   2.7400000000099856       -3.8310655225030589E-003
   2.7500000000099853        4.6836732607483794E-004
   2.7600000000099851        4.6172124147756044E-003
   2.7700000000099849        8.6118278085343114E-003
   2.7800000000099847        1.2449025710013512E-002
   2.7900000000099845        1.6126066020522883E-002
   2.8000000000099843        1.9640649011428511E-002
   2.8100000000099841        2.2990907149069657E-002
   2.8200000000099839        2.6175396117255945E-002
   2.8300000000099836        2.9193085082326063E-002
   2.8400000000099834        3.2043346246514712E-002
   2.8500000000099832        3.4725943735997349E-002
   2.8600000000099830        3.7241021870463263E-002
   2.8700000000099828        3.9589092861410970E-002
   2.8800000000099826        4.1771023986567138E-002
   2.8900000000099824        4.3788024287902523E-002
   2.9000000000099821        4.5641630840663062E-002
   2.9100000000099819        4.7333694640648426E-002
   2.9200000000099817        4.8866366156665793E-002
   2.9300000000099815        5.0242080594657609E-002
   2.9400000000099813        5.1463542919464055E-002
   2.9500000000099811        5.2533712679525321E-002
   2.9600000000099809        5.3455788679075099E-002
   2.9700000000099807        5.4233193541514381E-002
   2.9800000000099804        5.4869558206702231E-002
   2.9900000000099802        5.5368706403853017E-002
   3.0000000000099800        5.5734639140598362E-002
   3.0100000000099798        5.5971519247561566E-002
   3.0200000000099796        5.6083656016504467E-002
   3.0300000000099794        5.6075489968752279E-002
   3.0400000000099792        5.5951577789184248E-002
   3.0500000000099790        5.5716577459598557E-002
   3.0600000000099787        5.5375233623735975E-002
   3.0700000000099785        5.4932363214667788E-002
   3.0800000000099783        5.4392841373641788E-002
   3.0900000000099781        5.3761587687827975E-002
   3.1000000000099779        5.3043552772727764E-002
   3.1100000000099777        5.2243705223307770E-002
   3.1200000000099775        5.1367018956197011E-002
   3.1300000000099772        5.0418460963555164E-002
   3.1400000000099770        4.9402979497476872E-002
   3.1500000000099768        4.8325492702055106E-002
   3.1600000000099766        4.7190877708485943E-002
   3.1700000000099764        4.6003960206866458E-002
   3.1800000000099762        4.4769504506614891E-002
   3.1900000000099760        4.3492204095744079E-002
   3.2000000000099758        4.2176672707534592E-002
   3.2100000000099755        4.0827435901502021E-002
   3.2200000000099753        3.9448923163927133E-002
   3.2300000000099751        3.8045460531626177E-002
   3.2400000000099749        3.6621263741086811E-002
   3.2500000000099747        3.5180431903581340E-002
   3.2600000000099745        3.3726941705401345E-002
   3.2700000000099743        3.2264642130936431E-002
   3.2800000000099740        3.0797249704949254E-002
   3.2900000000099738        2.9328344249079690E-002
   3.3000000000099736        2.7861365146347895E-002
   3.3100000000099734        2.6399608106219091E-002
   3.3200000000099732        2.4946222421644557E-002
   3.3300000000099730        2.3504208708406228E-002
   3.3400000000099728        2.2076417116066928E-002
   3.3500000000099726        2.0665545998864422E-002
   3.3600000000099723        1.9274141033990468E-002
   3.3700000000099721        1.7904594773861162E-002
   3.3800000000099719        1.6559146618216038E-002
   3.3900000000099717        1.5239883191181447E-002
   3.4000000000099715        1.3948739107795307E-002
   3.4100000000099713        1.2687498113918458E-002
   3.4200000000099711        1.1457794582952268E-002
   3.4300000000099709        1.0261115352338998E-002
   3.4400000000099706        9.0988018824441699E-003
   3.4500000000099704        7.9720527201060896E-003
   3.4600000000099702        6.8819262488842552E-003
   3.4700000000099700        5.8293437078479572E-003
   3.4800000000099698        4.8150924606137711E-003
   3.4900000000099696        3.8398294962680873E-003
   3.5000000000099694        2.9040851437929375E-003
   3.5100000000099691        2.0082669816516904E-003
   3.5200000000099689        1.1526639242821499E-003
   3.5300000000099687        3.3745046738574240E-004
   3.5400000000099685       -4.3730892590696814E-004
   3.5500000000099683       -1.1716553156774349E-003
   3.5600000000099681       -1.8657306700674051E-003
   3.5700000000099679       -2.5197731614109214E-003
   3.5800000000099677       -3.1341123903626407E-003
   3.5900000000099674       -3.7091645543327291E-003
   3.6000000000099672       -4.2454275761037562E-003
   3.6100000000099670       -4.7434762080339459E-003
   3.6200000000099668       -5.2039571267547156E-003
   3.6300000000099666       -5.6275840327417951E-003
   3.6400000000099664       -6.0151327685898917E-003
   3.6500000000099662       -6.3674364692463100E-003
   3.6600000000099659       -6.6853807568663685E-003
   3.6700000000099657       -6.9698989923424343E-003
   3.6800000000099655       -7.2219675949330986E-003
   3.6900000000099653       -7.4426014407821105E-003
   3.7000000000099651       -7.6328493504677890E-003
   3.7100000000099649       -7.7937896750696319E-003
   3.7200000000099647       -7.9265259895781714E-003
   3.7300000000099645       -8.0321829018101514E-003
   3.7400000000099642       -8.1119019843279971E-003
   3.7500000000099640       -8.1668378361990368E-003
   3.7600000000099638       -8.1981542807705709E-003
   3.7700000000099636       -8.2070207049832443E-003
   3.7800000000099634       -8.1946085450979016E-003
   3.7900000000099632       -8.1620879230735154E-003
   3.8000000000099630       -8.1106244372072048E-003
   3.8100000000099628       -8.0413761100316377E-003
   3.8200000000099625       -7.9554904958656757E-003
   3.8300000000099623       -7.8541019498281281E-003
   3.8400000000099621       -7.7383290595551173E-003
   3.8500000000099619       -7.6092722403121550E-003
   3.8600000000099617       -7.4680114936588301E-003
   3.8700000000099615       -7.3156043293129552E-003
   3.8800000000099613       -7.1530838493698359E-003
   3.8900000000099610       -6.9814569935636051E-003
   3.9000000000099608       -6.8017029438105711E-003
   3.9100000000099606       -6.6147716858517445E-003
   3.9200000000099604       -6.4215827254110371E-003
   3.9300000000099602       -6.2230239559109904E-003
   3.9400000000099600       -6.0199506744360101E-003
   3.9500000000099598       -5.8131847423062754E-003
   3.9600000000099596       -5.6035138863246344E-003
   3.9700000000099593       -5.3916911364805999E-003
   3.9800000000099591       -5.1784343956443610E-003
   3.9900000000099589       -4.9644261365559914E-003
   4.0000000000099591       -4.7503132212121657E-003
   4.0100000000099589       -4.5367068375740342E-003
   4.0200000000099587       -4.3241825483650385E-003
   4.0300000000099585       -4.1132804465971694E-003
   4.0400000000099583       -3.9045054123544136E-003
   4.0500000000099581       -3.6983274652780639E-003
   4.0600000000099579       -3.4951822071339353E-003
   4.0700000000099577       -3.2954713487993274E-003
   4.0800000000099574       -3.0995633159857554E-003
   4.0900000000099572       -2.9077939280111984E-003
   4.1000000000099570       -2.7204671439527849E-003
   4.1100000000099568       -2.5378558705460704E-003
   4.1200000000099566       -2.3602028262495610E-003
   4.1300000000099564       -2.1877214559621835E-003
   4.1400000000099562       -2.0205968909664598E-003
   4.1500000000099559       -1.8589869487690576E-003
   4.1600000000099557       -1.7030231676238750E-003
   4.1700000000099555       -1.5528118706487032E-003
   4.1800000000099553       -1.4084352545839381E-003
   4.1900000000099551       -1.2699524983910454E-003
   4.2000000000099549       -1.1374008870460783E-003
   4.2100000000099547       -1.0107969460519338E-003
   4.2200000000099545       -8.9013758236808718E-004
   4.2300000000099542       -7.7540122763847415E-004
   4.2400000000099540       -6.6654897978764814E-004
   4.2500000000099538       -5.6352573924844246E-004
   4.2600000000099536       -4.6626133628239753E-004
   4.2700000000099534       -3.7467164605600902E-004
   4.2800000000099532       -2.8865968833901863E-004
   4.2900000000099530       -2.0811670889734650E-004
   4.3000000000099527       -1.3292323985906524E-004
   4.3100000000099525       -6.2950136538901440E-005
   4.3200000000099523        1.9404115876622742E-006
   4.3300000000099521        6.1893897864790003E-005
   4.3400000000099519        1.1706254529280044E-004
   4.3500000000099517        1.6760438492276433E-004
   4.3600000000099515        2.1368236731415265E-004
   4.3700000000099513        2.5546350836786505E-004
   4.3800000000099510        2.9311807065913461E-004
   4.3900000000099508        3.2681878121047011E-004
   4.4000000000099506        3.5674008646738927E-004
   4.4100000000099504        3.8305744506699722E-004
   4.4200000000099502        4.0594665882338709E-004
   4.4300000000099500        4.2558324219382369E-004
   4.4400000000099498        4.4214183033706555E-004
   4.4500000000099496        4.5579562572899151E-004
   4.4600000000099493        4.6671588316194790E-004
   4.4700000000099491        4.7507143282328484E-004
   4.4800000000099489        4.8102824102472659E-004
   4.4900000000099487        4.8474900803805089E-004
   4.5000000000099485        4.8639280238523127E-004
   4.5100000000099483        4.8611473082984570E-004
   4.5200000000099481        4.8406564322491603E-004
   4.5300000000099478        4.8039187128765573E-004
   4.5400000000099476        4.7523500029425931E-004
   4.5500000000099474        4.6873167261976643E-004
   4.5600000000099472        4.6101342198559347E-004
   4.5700000000099470        4.5220653722412329E-004
   4.5800000000099468        4.4243195432283340E-004
   4.5900000000099466        4.3180517547104969E-004
   4.6000000000099464        4.2043621380002195E-004
   4.6100000000099461        4.0842956248146893E-004
   4.6200000000099459        3.9588418683026116E-004
   4.6300000000099457        3.8289353804480352E-004
   4.6400000000099455        3.6954558721099965E-004
   4.6500000000099453        3.5592287819547164E-004
   4.6600000000099451        3.4210259805782570E-004
   4.6700000000099449        3.2815666362143690E-004
   4.6800000000099446        3.1415182285716401E-004
   4.6900000000099444        3.0014976975294350E-004
   4.7000000000099442        2.8620727136650611E-004
   4.7100000000099440        2.7237630578545854E-004
   4.7200000000099438        2.5870420974995580E-004
   4.7300000000099436        2.4523383472832187E-004
   4.7400000000099434        2.3200371027249367E-004
   4.7500000000099432        2.1904821352182886E-004
   4.7600000000099429        2.0639774376489292E-004
   4.7700000000099427        1.9407890101483450E-004
   4.7800000000099425        1.8211466760025292E-004
   4.7900000000099423        1.7052459182117838E-004
   4.8000000000099421        1.5932497277001655E-004
   4.8100000000099419        1.4852904546665052E-004
   4.8200000000099417        1.3814716550913773E-004
   4.8300000000099415        1.2818699249213884E-004
   4.8400000000099412        1.1865367149716194E-004
   4.8500000000099410        1.0955001201077450E-004
   4.8600000000099408        1.0087666367817908E-004
   4.8700000000099406        9.2632288350592227E-005
   4.8800000000099404        8.4813727935363099E-005
   4.8900000000099402        7.7416167607338970E-005
   4.9000000000099400        7.0433293988595656E-005
   4.9100000000099397        6.3857447951020876E-005
   4.9200000000099395        5.7679771742289582E-005
   4.9300000000099393        5.1890350180558087E-005
   4.9400000000099391        4.6478345706382505E-005
   4.9500000000099389        4.1432127121592521E-005
   4.9600000000099387        3.6739391884658013E-005
   4.9700000000099385        3.2387281870269354E-005
   4.9800000000099383        2.8362492536096290E-005
   4.9900000000099380        2.4651375474500550E-005
