   9.9999999999999994E-012  0.99744517999115556     
   1.0000000010000001E-002  0.99556500776722512     
   2.0000000010000001E-002  0.98943439613248407     
   3.0000000010000000E-002  0.97913470292741300     
   4.0000000010000002E-002  0.96479857166605143     
   5.0000000010000004E-002  0.94660327610385142     
   6.0000000010000006E-002  0.92476263200115105     
   7.0000000010000007E-002  0.89951806026882919     
   8.0000000010000002E-002  0.87112956062552094     
   9.0000000009999997E-002  0.83986724003799051     
  0.10000000000999999       0.80600386640014554     
  0.11000000000999999       0.76980872533346223     
  0.12000000000999998       0.73154287993226963     
  0.13000000000999998       0.69145579096287990     
  0.14000000000999999       0.64978315713106372     
  0.15000000001000000       0.60674578026177450     
  0.16000000001000000       0.56254924115546712     
  0.17000000001000001       0.51738417855627639     
  0.18000000001000002       0.47142698629365193     
  0.19000000001000003       0.42484077409861704     
  0.20000000001000004       0.37777646991472769     
  0.21000000001000005       0.33037397192479878     
  0.22000000001000006       0.28276328494638486     
  0.23000000001000007       0.23506559752113426     
  0.24000000001000008       0.18739427295540578     
  0.25000000001000006       0.13985574023622191     
  0.26000000001000007        9.2550279823928952E-002
  0.27000000001000007        4.5572705527849464E-002
  0.28000000001000008       -9.8705233054328977E-004
  0.29000000001000009       -4.7043454900499590E-002
  0.30000000001000010       -9.2514945165978024E-002
  0.31000000001000011      -0.13732361154170503     
  0.32000000001000012      -0.18139491568587485     
  0.33000000001000013      -0.22465747598601710     
  0.34000000001000014      -0.26704289882714960     
  0.35000000001000015      -0.30848565049214516     
  0.36000000001000015      -0.34892296330604389     
  0.37000000001000016      -0.38829477037729687     
  0.38000000001000017      -0.42654366398483184     
  0.39000000001000018      -0.46361487329725526     
  0.40000000001000019      -0.49945625768411867     
  0.41000000001000020      -0.53401831238868791     
  0.42000000001000021      -0.56725418377985237     
  0.43000000001000022      -0.59911969179222535     
  0.44000000001000023      -0.62957335750349830     
  0.45000000001000023      -0.65857643409233479     
  0.46000000001000024      -0.68609293967403917     
  0.47000000001000025      -0.71208969073010209     
  0.48000000001000026      -0.73653633503622340     
  0.49000000001000027      -0.75940538315580619     
  0.50000000001000022      -0.78067223770595506     
  0.51000000001000023      -0.80031521972394160     
  0.52000000001000024      -0.81831559156680600     
  0.53000000001000025      -0.83465757586762235     
  0.54000000001000026      -0.84932837015110896     
  0.55000000001000027      -0.86231815678043855     
  0.56000000001000028      -0.87362010796784428     
  0.57000000001000029      -0.88323038563514833     
  0.58000000001000029      -0.89114813595779607     
  0.59000000001000030      -0.89737547846819776     
  0.60000000001000031      -0.90191748963196916     
  0.61000000001000032      -0.90478218084463014     
  0.62000000001000033      -0.90598047082701283     
  0.63000000001000034      -0.90552615242547385     
  0.64000000001000035      -0.90343585384840264     
  0.65000000001000036      -0.89972899439373299     
  0.66000000001000036      -0.89442773474349857     
  0.67000000001000037      -0.88755692192110713     
  0.68000000001000038      -0.87914402902513744     
  0.69000000001000039      -0.86921908987022045     
  0.70000000001000040      -0.85781462868107972     
  0.71000000001000041      -0.84496558500018770     
  0.72000000001000042      -0.83070923398277829     
  0.73000000001000043      -0.81508510226528641     
  0.74000000001000044      -0.79813487960463070     
  0.75000000001000044      -0.77990232649623625     
  0.76000000001000045      -0.76043317798828503     
  0.77000000001000046      -0.73977504391846927     
  0.78000000001000047      -0.71797730580747177     
  0.79000000001000048      -0.69509101065059087     
  0.80000000001000049      -0.67116876185531915     
  0.81000000001000050      -0.64626460757835069     
  0.82000000001000051      -0.62043392672038422     
  0.83000000001000052      -0.59373331284127229     
  0.84000000001000052      -0.56622045626150808     
  0.85000000001000053      -0.53795402461878050     
  0.86000000001000054      -0.50899354215035131     
  0.87000000001000055      -0.47939926797334065     
  0.88000000001000056      -0.44923207363565359     
  0.89000000001000057      -0.41855332021023706     
  0.90000000001000058      -0.38742473520466097     
  0.91000000001000059      -0.35590828955665088     
  0.92000000001000060      -0.32406607498419582     
  0.93000000001000060      -0.29196018195621443     
  0.94000000001000061      -0.25965257854650081     
  0.95000000001000062      -0.22720499042981293     
  0.96000000001000063      -0.19467878227450305     
  0.97000000001000064      -0.16213484078107160     
  0.98000000001000065      -0.12963345961043476     
  0.99000000001000066       -9.7234226439579630E-002
   1.0000000000100007       -6.4995912375641438E-002
   1.0100000000100007       -3.2976363952300122E-002
   1.0200000000100007       -1.2323979247851231E-003
   1.0300000000100007        3.0180300928290171E-002
   1.0400000000100007        6.1207278796537215E-002
   1.0500000000100007        9.1795408432016570E-002
   1.0600000000100007       0.12189298116453511     
   1.0700000000100007       0.15144979516610838     
   1.0800000000100007       0.18041723980265090     
   1.0900000000100007       0.20874837592122480     
   1.1000000000100008       0.23639801193172411     
   1.1100000000100008       0.26332277555266465     
   1.1200000000100008       0.28948118110176163     
   1.1300000000100008       0.31483369222318008     
   1.1400000000100008       0.33934277995470985     
   1.1500000000100008       0.36297297604961165     
   1.1600000000100008       0.38569092147948641     
   1.1700000000100008       0.40746541005619541     
   1.1800000000100008       0.42826742712258170     
   1.1900000000100008       0.44807018327348003     
   1.2000000000100008       0.46684914308023640     
   1.2100000000100009       0.48458204880363737     
   1.2200000000100009       0.50124893909177226     
   1.2300000000100009       0.51683216267087229     
   1.2400000000100009       0.53131638704856476     
   1.2500000000100009       0.54468860226023030     
   1.2600000000100009       0.55693811970022111     
   1.2700000000100009       0.56805656609055943     
   1.2800000000100009       0.57803787265038209     
   1.2900000000100009       0.58687825953978046     
   1.3000000000100009       0.59457621566179819     
   1.3100000000100009       0.60113247391616453     
   1.3200000000100010       0.60654998200784482     
   1.3300000000100010       0.61083386892263358     
   1.3400000000100010       0.61399140719083456     
   1.3500000000100010       0.61603197106847651     
   1.3600000000100010       0.61696699077356032     
   1.3700000000100010       0.61680990292243698     
   1.3800000000100010       0.61557609731862395     
   1.3900000000100010       0.61328286025311551     
   1.4000000000100010       0.60994931448155409     
   1.4100000000100010       0.60559635604947171     
   1.4200000000100010       0.60024658814218124     
   1.4300000000100010       0.59392425214079725     
   1.4400000000100011       0.58665515607026097     
   1.4500000000100011       0.57846660062916699     
   1.4600000000100011       0.56938730299459461     
   1.4700000000100011       0.55944731859806363     
   1.4800000000100011       0.54867796107114963     
   1.4900000000100011       0.53711172056118739     
   1.5000000000100011       0.52478218061890747     
   1.5100000000100011       0.51172393386074710     
   1.5200000000100011       0.49797249660898080     
   1.5300000000100011       0.48356422271272825     
   1.5400000000100011       0.46853621675232127     
   1.5500000000100012       0.45292624682845234     
   1.5600000000100012       0.43677265713599589     
   1.5700000000100012       0.42011428052040334     
   1.5800000000100012       0.40299035121212068     
   1.5900000000100012       0.38544041793159040     
   1.6000000000100012       0.36750425755408045     
   1.6100000000100012       0.34922178951984439     
   1.6200000000100012       0.33063299117098344     
   1.6300000000100012       0.31177781419185102     
   1.6400000000100012       0.29269610232494825     
   1.6500000000100012       0.27342751052900749     
   1.6600000000100013       0.25401142574037061     
   1.6700000000100013       0.23448688939286874     
   1.6800000000100013       0.21489252184519630     
   1.6900000000100013       0.19526644885829297     
   1.7000000000100013       0.17564623025849321     
   1.7100000000100013       0.15606879091521750     
   1.7200000000100013       0.13657035415477151     
   1.7300000000100013       0.11718637772440821     
   1.7400000000100013        9.7951492413226759E-002
   1.7500000000100013        7.8899443428735963E-002
   1.7600000000100013        6.0063034620035968E-002
   1.7700000000100014        4.1474075630578880E-002
   1.7800000000100014        2.3163332055389636E-002
   1.7900000000100014        5.1604786694735656E-003
   1.8000000000100014       -1.2505944214061057E-002
   1.8100000000100014       -2.9808571205866857E-002
   1.8200000000100014       -4.6721249080140879E-002
   1.8300000000100014       -6.3219070758482293E-002
   1.8400000000100014       -7.9278406012158603E-002
   1.8500000000100014       -9.4876928865245333E-002
   1.8600000000100014      -0.10999364168915413     
   1.8700000000100014      -0.12460889598702143     
   1.8800000000100014      -0.13870440987427224     
   1.8900000000100015      -0.15226328226938740     
   1.9000000000100015      -0.16527000381645834     
   1.9100000000100015      -0.17771046456851433     
   1.9200000000100015      -0.18957195846781211     
   1.9300000000100015      -0.20084318466629503     
   1.9400000000100015      -0.21151424573622277     
   1.9500000000100015      -0.22157664282754794     
   1.9600000000100015      -0.23102326783493882     
   1.9700000000100015      -0.23984839264342947     
   1.9800000000100015      -0.24804765552748242     
   1.9900000000100015      -0.25561804478378602     
   2.0000000000100013      -0.26255787968335326     
   2.0100000000100011      -0.26886678883344278     
   2.0200000000100009      -0.27454568604446938     
   2.0300000000100007      -0.27959674380141075     
   2.0400000000100005      -0.28402336444323567     
   2.0500000000100003      -0.28783014915758132     
   2.0600000000100001      -0.29102286490127643     
   2.0700000000099998      -0.29360840936035160     
   2.0800000000099996      -0.29559477406588608     
   2.0900000000099994      -0.29699100578441817     
   2.1000000000099992      -0.29780716630368403     
   2.1100000000099990      -0.29805429073616174     
   2.1200000000099988      -0.29774434446426135     
   2.1300000000099986      -0.29689017885205282     
   2.1400000000099983      -0.29550548584912900     
   2.1500000000099981      -0.29360475161258959     
   2.1600000000099979      -0.29120320927320253     
   2.1700000000099977      -0.28831679097154467     
   2.1800000000099975      -0.28496207928936923     
   2.1900000000099973      -0.28115625820058604     
   2.2000000000099971      -0.27691706366508373     
   2.2100000000099969      -0.27226273398717804     
   2.2200000000099966      -0.26721196005875214     
   2.2300000000099964      -0.26178383560515883     
   2.2400000000099962      -0.25599780754970897     
   2.2500000000099960      -0.24987362661006526     
   2.2600000000099958      -0.24343129823712836     
   2.2700000000099956      -0.23669103400403327     
   2.2800000000099954      -0.22967320354969806     
   2.2900000000099952      -0.22239828717798246     
   2.3000000000099949      -0.21488682920994387     
   2.3100000000099947      -0.20715939218292428     
   2.3200000000099945      -0.19923651198629150     
   2.3300000000099943      -0.19113865401958907     
   2.3400000000099941      -0.18288617045464572     
   2.3500000000099939      -0.17449925867886726     
   2.3600000000099937      -0.16599792099249491     
   2.3700000000099934      -0.15740192562807620     
   2.3800000000099932      -0.14873076915577682     
   2.3900000000099930      -0.14000364033347013     
   2.4000000000099928      -0.13123938545579733     
   2.4100000000099926      -0.12245647525160126     
   2.4200000000099924      -0.11367297337432034     
   2.4300000000099922      -0.10490650652509440     
   2.4400000000099920       -9.6174236243499189E-002
   2.4500000000099917       -8.7492832395996506E-002
   2.4600000000099915       -7.8878448387385225E-002
   2.4700000000099913       -7.0346698115765133E-002
   2.4800000000099911       -6.1912634686803733E-002
   2.4900000000099909       -5.3590730898428071E-002
   2.5000000000099907       -4.5394861502467236E-002
   2.5100000000099905       -3.7338287245252906E-002
   2.5200000000099902       -2.9433640684758455E-002
   2.5300000000099900       -2.1692913777527519E-002
   2.5400000000099898       -1.4127447224426784E-002
   2.5500000000099896       -6.7479215601553037E-003
   2.5600000000099894        4.3565003252984426E-004
   2.5700000000099892        7.4139272067518715E-003
   2.5800000000099890        1.4178246260193256E-002
   2.5900000000099888        2.0720622298641838E-002
   2.6000000000099885        2.7033749787922935E-002
   2.6100000000099883        3.3111001530969700E-002
   2.6200000000099881        3.8946426109851648E-002
   2.6300000000099879        4.4534743835475690E-002
   2.6400000000099877        4.9871341250396939E-002
   2.6500000000099875        5.4952264232720718E-002
   2.6600000000099873        5.9774209751436956E-002
   2.6700000000099871        6.4334516325711327E-002
   2.6800000000099868        6.8631153242646209E-002
   2.6900000000099866        7.2662708589836963E-002
   2.7000000000099864        7.6428376160664904E-002
   2.7100000000099862        7.9927941291703511E-002
   2.7200000000099860        8.3161765692858464E-002
   2.7300000000099858        8.6130771331922415E-002
   2.7400000000099856        8.8836423436099071E-002
   2.7500000000099853        9.1280712673742409E-002
   2.7600000000099851        9.3466136580068110E-002
   2.7700000000099849        9.5395680290925336E-002
   2.7800000000099847        9.7072796648876275E-002
   2.7900000000099845        9.8501385745815337E-002
   2.8000000000099843        9.9685773966180696E-002
   2.8100000000099841       0.10063069259446514     
   2.8200000000099839       0.10134125605023306     
   2.8300000000099836       0.10182293981319324     
   2.8400000000099834       0.10208155810007584     
   2.8500000000099832       0.10212324135411606     
   2.8600000000099830       0.10195441360686579     
   2.8700000000099828       0.10158176977084406     
   2.8800000000099826       0.10101225292020191     
   2.8900000000099824       0.10025303161512580     
   2.9000000000099821        9.9311477324142181E-002
   2.9100000000099819        9.8195141996820431E-002
   2.9200000000099817        9.6911735837610702E-002
   2.9300000000099815        9.5469105329702403E-002
   2.9400000000099813        9.3875211555857693E-002
   2.9500000000099811        9.2138108861167675E-002
   2.9600000000099809        9.0265923900605324E-002
   2.9700000000099807        8.8266835112115569E-002
   2.9800000000099804        8.6149052653799102E-002
   2.9900000000099802        8.3920798841512545E-002
   3.0000000000099800        8.1590289120941767E-002
   3.0100000000099798        7.9165713605904894E-002
   3.0200000000099796        7.6655219212318090E-002
   3.0300000000099794        7.4066892414919511E-002
   3.0400000000099792        7.1408742651496243E-002
   3.0500000000099790        6.8688686397009327E-002
   3.0600000000099787        6.5914531927661668E-002
   3.0700000000099785        6.3093964792617141E-002
   3.0800000000099783        6.0234534008757980E-002
   3.0900000000099781        5.7343638991566234E-002
   3.1000000000099779        5.4428517232946408E-002
   3.1100000000099777        5.1496232734566647E-002
   3.1200000000099775        4.8553665203098888E-002
   3.1300000000099772        4.5607500011583341E-002
   3.1400000000099770        4.2664218929037177E-002
   3.1500000000099768        3.9730091618375478E-002
   3.1600000000099766        3.6811167900717999E-002
   3.1700000000099764        3.3913270782223379E-002
   3.1800000000099762        3.1041990237724314E-002
   3.1900000000099760        2.8202677743640103E-002
   3.2000000000099758        2.5400441550917013E-002
   3.2100000000099755        2.2640142687094501E-002
   3.2200000000099753        1.9926391675023136E-002
   3.2300000000099751        1.7263545954265429E-002
   3.2400000000099749        1.4655707989798480E-002
   3.2500000000099747        1.2106724051308835E-002
   3.2600000000099745        9.6201836451260282E-003
   3.2700000000099743        7.1994195796821411E-003
   3.2800000000099740        4.8475086443146116E-003
   3.2900000000099738        2.5672728802447731E-003
   3.3000000000099736        3.6128142166712952E-004
   3.3100000000099734       -1.7681471159232195E-003
   3.3200000000099732       -3.8189417237606453E-003
   3.3300000000099730       -5.7892755884266954E-003
   3.3400000000099728       -7.6775622058342487E-003
   3.3500000000099726       -9.4824510458218110E-003
   3.3600000000099723       -1.1202822792979914E-002
   3.3700000000099721       -1.2837784189631163E-002
   3.3800000000099719       -1.4386662507099704E-002
   3.3900000000099717       -1.5848999671545693E-002
   3.4000000000099715       -1.7224546070698642E-002
   3.4100000000099713       -1.8513254067811548E-002
   3.4200000000099711       -1.9715271249067152E-002
   3.4300000000099709       -2.0830933430514714E-002
   3.4400000000099706       -2.1860757450387149E-002
   3.4500000000099704       -2.2805433772361310E-002
   3.4600000000099702       -2.3665818924972239E-002
   3.4700000000099700       -2.4442927801981127E-002
   3.4800000000099698       -2.5137925848031383E-002
   3.4900000000099696       -2.5752121153407793E-002
   3.5000000000099694       -2.6286956481144319E-002
   3.5100000000099691       -2.6744001249112533E-002
   3.5200000000099689       -2.7124943489062543E-002
   3.5300000000099687       -2.7431581803891436E-002
   3.5400000000099685       -2.7665817343679622E-002
   3.5500000000099683       -2.7829645820267378E-002
   3.5600000000099681       -2.7925149579346116E-002
   3.5700000000099679       -2.7954489748216616E-002
   3.5800000000099677       -2.7919898476516596E-002
   3.5900000000099674       -2.7823671286355628E-002
   3.6000000000099672       -2.7668159547410160E-002
   3.6100000000099670       -2.7455763091634371E-002
   3.6200000000099668       -2.7188922981335312E-002
   3.6300000000099666       -2.6870114443445732E-002
   3.6400000000099664       -2.6501839981908599E-002
   3.6500000000099662       -2.6086622679166522E-002
   3.6600000000099659       -2.5626999696830029E-002
   3.6700000000099657       -2.5125515984683239E-002
   3.6800000000099655       -2.4584718206276855E-002
   3.6900000000099653       -2.4007148888458344E-002
   3.7000000000099651       -2.3395340801302112E-002
   3.7100000000099649       -2.2751811574027829E-002
   3.7200000000099647       -2.2079058551636534E-002
   3.7300000000099645       -2.1379553896155135E-002
   3.7400000000099642       -2.0655739935558644E-002
   3.7500000000099640       -1.9910024762642059E-002
   3.7600000000099638       -1.9144778085337967E-002
   3.7700000000099636       -1.8362327329226425E-002
   3.7800000000099634       -1.7564953992259928E-002
   3.7900000000099632       -1.6754890251029320E-002
   3.8000000000099630       -1.5934315817230392E-002
   3.8100000000099628       -1.5105355042351689E-002
   3.8200000000099625       -1.4270074267998067E-002
   3.8300000000099623       -1.3430479418688005E-002
   3.8400000000099621       -1.2588513833418941E-002
   3.8500000000099619       -1.1746056331784157E-002
   3.8600000000099617       -1.0904919509944797E-002
   3.8700000000099615       -1.0066848261316643E-002
   3.8800000000099613       -9.2335185164175628E-003
   3.8900000000099610       -8.4065361959436303E-003
   3.9000000000099608       -7.5874363707950938E-003
   3.9100000000099606       -6.7776826224611245E-003
   3.9200000000099604       -5.9786665968910718E-003
   3.9300000000099602       -5.1917077447333291E-003
   3.9400000000099600       -4.4180532406050445E-003
   3.9500000000099598       -3.6588780738721878E-003
   3.9600000000099596       -2.9152853032643746E-003
   3.9700000000099593       -2.1883064675249477E-003
   3.9800000000099591       -1.4789021442001085E-003
   3.9900000000099589       -7.8796264860548433E-004
   4.0000000000099591       -1.1630886496638107E-004
   4.0100000000099589        5.3530679828416516E-004
   4.0200000000099587        1.1661993370548785E-003
   4.0300000000099585        1.7757499719619867E-003
   4.0400000000099583        2.3634048684229724E-003
   4.0500000000099581        2.9286737643068059E-003
   4.0600000000099579        3.4711285128708027E-003
   4.0700000000099577        3.9904015485909671E-003
   4.0800000000099574        4.4861842833547241E-003
   4.0900000000099572        4.9582254403290832E-003
   4.1000000000099570        5.4063293326442972E-003
   4.1100000000099568        5.8303540938477580E-003
   4.1200000000099566        6.2302098668820822E-003
   4.1300000000099564        6.6058569581308475E-003
   4.1400000000099562        6.9573039628516740E-003
   4.1500000000099559        7.2846058680850687E-003
   4.1600000000099557        7.5878621388871803E-003
   4.1700000000099555        7.8672147934862793E-003
   4.1800000000099553        8.1228464727101986E-003
   4.1900000000099551        8.3549785087735189E-003
   4.2000000000099549        8.5638689982504065E-003
   4.2100000000099547        8.7498108837958354E-003
   4.2200000000099545        8.9131300489104018E-003
   4.2300000000099542        9.0541834297781822E-003
   4.2400000000099540        9.1733571479394819E-003
   4.2500000000099538        9.2710646672968054E-003
   4.2600000000099536        9.3477449786879135E-003
   4.2700000000099534        9.4038608150008880E-003
   4.2800000000099532        9.4398968995499290E-003
   4.2900000000099530        9.4563582301785080E-003
   4.3000000000099527        9.4537684013110031E-003
   4.3100000000099525        9.4326679659328221E-003
   4.3200000000099523        9.3936128392455107E-003
   4.3300000000099521        9.3371727455157892E-003
   4.3400000000099519        9.2639297094188004E-003
   4.3500000000099517        9.1744765929633720E-003
   4.3600000000099515        9.0694156788846299E-003
   4.3700000000099513        8.9493573011939602E-003
   4.3800000000099510        8.8149185233912138E-003
   4.3900000000099508        8.6667218646674978E-003
   4.4000000000099506        8.5053940742595043E-003
   4.4100000000099504        8.3315649539587970E-003
   4.4200000000099502        8.1458662286323404E-003
   4.4300000000099500        7.9489304644708905E-003
   4.4400000000099498        7.7413900345549526E-003
   4.4500000000099496        7.5238761312080710E-003
   4.4600000000099493        7.2970178244986823E-003
   4.4700000000099491        7.0614411661521119E-003
   4.4800000000099489        6.8177683380441934E-003
   4.4900000000099487        6.5666168443668498E-003
   4.5000000000099485        6.3085987464848517E-003
   4.5100000000099483        6.0443199394395420E-003
   4.5200000000099481        5.7743794690013261E-003
   4.5300000000099478        5.4993688881270686E-003
   4.5400000000099476        5.2198716516401542E-003
   4.5500000000099474        4.9364625479216412E-003
   4.5600000000099472        4.6497071663780401E-003
   4.5700000000099470        4.3601613994356048E-003
   4.5800000000099468        4.0683709778026947E-003
   4.5900000000099466        3.7748710377391087E-003
   4.6000000000099464        3.4801857190750645E-003
   4.6100000000099461        3.1848277927317660E-003
   4.6200000000099459        2.8892983165098758E-003
   4.6300000000099457        2.5940863179317085E-003
   4.6400000000099455        2.2996685029466725E-003
   4.6500000000099453        2.0065089893370322E-003
   4.6600000000099451        1.7150590636929718E-003
   4.6700000000099449        1.4257569608603904E-003
   4.6800000000099446        1.1390276648022297E-003
   4.6900000000099444        8.5528272985478594E-004
   4.7000000000099442        5.7492012140205587E-004
   4.7100000000099440        2.9832407503551815E-004
   4.7200000000099438        2.5864973312004352E-005
   4.7300000000099436       -2.4210076073125477E-004
   4.7400000000099434       -5.0523075409817709E-004
   4.7500000000099432       -7.6319675913801217E-004
   4.7600000000099429       -1.0156847143307105E-003
   4.7700000000099427       -1.2623947912040706E-003
   4.7800000000099425       -1.5030414279866447E-003
   4.7900000000099423       -1.7373533505533529E-003
   4.8000000000099421       -1.9650735811760078E-003
   4.8100000000099419       -2.1859594355456567E-003
   4.8200000000099417       -2.3997825084915640E-003
   4.8300000000099415       -2.6063286487794180E-003
   4.8400000000099412       -2.8053979233322781E-003
   4.8500000000099410       -2.9968045711794428E-003
   4.8600000000099408       -3.1803769474025587E-003
   4.8700000000099406       -3.3559574573147934E-003
   4.8800000000099404       -3.5234024810774285E-003
   4.8900000000099402       -3.6825822889282184E-003
   4.9000000000099400       -3.8333809471704137E-003
   4.9100000000099397       -3.9756962150451327E-003
   4.9200000000099395       -4.1094394325897534E-003
   4.9300000000099393       -4.2345353995639230E-003
   4.9400000000099391       -4.3509222455085381E-003
   4.9500000000099389       -4.4585512909886965E-003
   4.9600000000099387       -4.5573869000591089E-003
   4.9700000000099385       -4.6474063239813164E-003
   4.9800000000099383       -4.7285995362143889E-003
   4.9900000000099380       -4.8009690586966903E-003
