   9.9999999999999994E-012  0.99417038207030195     
   1.0000000010000001E-002  0.99295226168084572     
   2.0000000010000001E-002  0.98915066029983212     
   3.0000000010000000E-002  0.98279399447466997     
   4.0000000010000002E-002  0.97392860992008301     
   5.0000000010000004E-002  0.96261701551415457     
   6.0000000010000006E-002  0.94893567629739872     
   7.0000000010000007E-002  0.93297253255085333     
   8.0000000010000002E-002  0.91482443511872147     
   9.0000000009999997E-002  0.89459466492591677     
  0.10000000000999999       0.87239066727413517     
  0.11000000000999999       0.84832208756703098     
  0.12000000000999998       0.82249915219413139     
  0.13000000000999998       0.79503140173249653     
  0.14000000000999999       0.76602675616827276     
  0.15000000001000000       0.73559087402799850     
  0.16000000001000000       0.70382675812449136     
  0.17000000001000001       0.67083455823213811     
  0.18000000001000002       0.63671152336151327     
  0.19000000001000003       0.60155206152875984     
  0.20000000001000004       0.56544787150915921     
  0.21000000001000005       0.52848811794993888     
  0.22000000001000006       0.49075962770602322     
  0.23000000001000007       0.45234709097598763     
  0.24000000001000008       0.41333325559955209     
  0.25000000001000006       0.37379910672437483     
  0.26000000001000007       0.33382402703547792     
  0.27000000001000007       0.29348593498318898     
  0.28000000001000008       0.25286140007481711     
  0.29000000001000009       0.21202573543540043     
  0.30000000001000010       0.17105306860776914     
  0.31000000001000011       0.13001639203922552     
  0.32000000001000012        8.8987594976402296E-002
  0.33000000001000013        4.8037478612091462E-002
  0.34000000001000014        7.2357563498865012E-003
  0.35000000001000015       -3.3348958993822619E-002
  0.36000000001000015       -7.3649179319767014E-002
  0.37000000001000016      -0.11359857509016719     
  0.38000000001000017      -0.15313201739515847     
  0.39000000001000018      -0.19218562687711715     
  0.40000000001000019      -0.23069682827447821     
  0.41000000001000020      -0.26860440946638015     
  0.42000000001000021      -0.30584858401120368     
  0.43000000001000022      -0.34237105627483100     
  0.44000000001000023      -0.37811508833798668     
  0.45000000001000023      -0.41302556795651513     
  0.46000000001000024      -0.44704907692439877     
  0.47000000001000025      -0.48013395925734703     
  0.48000000001000026      -0.51223038867560322     
  0.49000000001000027      -0.54329043491895768     
  0.50000000001000022      -0.57326812847552189     
  0.51000000001000023      -0.60211952334928776     
  0.52000000001000024      -0.62980275753048032     
  0.53000000001000025      -0.65627811086778376     
  0.54000000001000026      -0.68150806007316511     
  0.55000000001000027      -0.70545733061869909     
  0.56000000001000028      -0.72809294531089852     
  0.57000000001000029      -0.74938426935191005     
  0.58000000001000029      -0.76930305171886337     
  0.59000000001000030      -0.78782346271289871     
  0.60000000001000031      -0.80492212754817871     
  0.61000000001000032      -0.82057815586870608     
  0.62000000001000033      -0.83477316709716509     
  0.63000000001000034      -0.84749131153545143     
  0.64000000001000035      -0.85871928715113011     
  0.65000000001000036      -0.86844635199790465     
  0.66000000001000036      -0.87666433223133955     
  0.67000000001000037      -0.88336762569365057     
  0.68000000001000038      -0.88855320105340752     
  0.69000000001000039      -0.89222059249753660     
  0.70000000001000040      -0.89437188998408845     
  0.71000000001000041      -0.89501172507492677     
  0.72000000001000042      -0.89414725237775727     
  0.73000000001000043      -0.89178812663684037     
  0.74000000001000044      -0.88794647552127914     
  0.75000000001000044      -0.88263686816900100     
  0.76000000001000045      -0.87587627955343084     
  0.77000000001000046      -0.86768405074842081     
  0.78000000001000047      -0.85808184517524611     
  0.79000000001000048      -0.84709360092339758     
  0.80000000001000049      -0.83474547924452502     
  0.81000000001000050      -0.82106580932616990     
  0.82000000001000051      -0.80608502945891503     
  0.83000000001000052      -0.78983562471723823     
  0.84000000001000052      -0.77235206128069667     
  0.85000000001000053      -0.75367071752809212     
  0.86000000001000054      -0.73382981204295206     
  0.87000000001000055      -0.71286932867402797     
  0.88000000001000056      -0.69083093879954083     
  0.89000000001000057      -0.66775792094858821     
  0.90000000001000058      -0.64369507793748881     
  0.91000000001000059      -0.61868865168284159     
  0.92000000001000060      -0.59278623585674073     
  0.93000000001000060      -0.56603668655290518     
  0.94000000001000061      -0.53849003113544081     
  0.95000000001000062      -0.51019737544456900     
  0.96000000001000063      -0.48121080953591311     
  0.97000000001000064      -0.45158331213183589     
  0.98000000001000065      -0.42136865396487466     
  0.99000000001000066      -0.39062130019451335     
   1.0000000000100007      -0.35939631207937234     
   1.0100000000100007      -0.32774924808738676     
   1.0200000000100007      -0.29573606462667978     
   1.0300000000100007      -0.26341301657962962     
   1.0400000000100007      -0.23083655782206913     
   1.0500000000100007      -0.19806324190866140     
   1.0600000000100007      -0.16514962310425477     
   1.0700000000100007      -0.13215215793945340     
   1.0800000000100007       -9.9127107466736142E-002
   1.0900000000100007       -6.6130440391238485E-002
   1.1000000000100008       -3.3217737247768962E-002
   1.1100000000100008       -4.4409579278613387E-004
   1.1200000000100008        3.2135962223092535E-002
   1.1300000000100008        6.4468582739923785E-002
   1.1400000000100008        9.6500669372222458E-002
   1.1500000000100008       0.12817997153731533     
   1.1600000000100008       0.15945517057816591     
   1.1700000000100008       0.19027596373510985     
   1.1800000000100008       0.22059314582572967     
   1.1900000000100008       0.25035868849712456     
   1.2000000000100008       0.27952581692008577     
   1.2100000000100009       0.30804908380015950     
   1.2200000000100009       0.33588444058625394     
   1.2300000000100009       0.36298930576331784     
   1.2400000000100009       0.38932263012166535     
   1.2500000000100009       0.41484495890173895     
   1.2600000000100009       0.43951849071947741     
   1.2700000000100009       0.46330713318396610     
   1.2800000000100009       0.48617655512569558     
   1.2900000000100009       0.50809423536050968     
   1.3000000000100009       0.52902950792118952     
   1.3100000000100009       0.54895360369556545     
   1.3200000000100010       0.56783968841708010     
   1.3300000000100010       0.58566289696080454     
   1.3400000000100010       0.60240036390504925     
   1.3500000000100010       0.61803125032587081     
   1.3600000000100010       0.63253676679896675     
   1.3700000000100010       0.64590019259063902     
   1.3800000000100010       0.65810689102668862     
   1.3900000000100010       0.66914432103526700     
   1.4000000000100010       0.67900204486683446     
   1.4100000000100010       0.68767173200145071     
   1.4200000000100010       0.69514715926063986     
   1.4300000000100010       0.70142420714801057     
   1.4400000000100011       0.70650085244966265     
   1.4500000000100011       0.71037715713216432     
   1.4600000000100011       0.71305525358251953     
   1.4700000000100011       0.71453932624106231     
   1.4800000000100011       0.71483558968458749     
   1.4900000000100011       0.71395226322325900     
   1.5000000000100011       0.71189954208090600     
   1.5100000000100011       0.70868956523421678     
   1.5200000000100011       0.70433637999206034     
   1.5300000000100011       0.69885590340169901     
   1.5400000000100011       0.69226588057398086     
   1.5500000000100012       0.68458584002473333     
   1.5600000000100012       0.67583704613447448     
   1.5700000000100012       0.66604244883324992     
   1.5800000000100012       0.65522663062184761     
   1.5900000000100012       0.64341575104485327     
   1.6000000000100012       0.63063748873497438     
   1.6100000000100012       0.61692098115177296     
   1.6200000000100012       0.60229676214139816     
   1.6300000000100012       0.58679669744710683     
   1.6400000000100012       0.57045391830328096     
   1.6500000000100012       0.55330275324830436     
   1.6600000000100013       0.53537865829404563     
   1.6700000000100013       0.51671814559179075     
   1.6800000000100013       0.49735871073629445     
   1.6900000000100013       0.47733875885116339     
   1.7000000000100013       0.45669752960004184     
   1.7100000000100013       0.43547502126904880     
   1.7200000000100013       0.41371191406661073     
   1.7300000000100013       0.39144949278724595     
   1.7400000000100013       0.36872956898598974     
   1.7500000000100013       0.34559440280999937     
   1.7600000000100013       0.32208662463345517     
   1.7700000000100014       0.29824915664117396     
   1.7800000000100014       0.27412513450537790     
   1.7900000000100014       0.24975782929882756     
   1.8000000000100014       0.22519056978602217     
   1.8100000000100014       0.20046666523241202     
   1.8200000000100014       0.17562932886955229     
   1.8300000000100014       0.15072160215186747     
   1.8400000000100014       0.12578627993819025     
   1.8500000000100014       0.10086583672850070     
   1.8600000000100014        7.6002354083324744E-002
   1.8700000000100014        5.1237449350062456E-002
   1.8800000000100014        2.6612205817114994E-002
   1.8900000000100015        2.1671044130740502E-003
   1.9000000000100015       -2.2058042935567221E-002
   1.9100000000100015       -4.6024158178712013E-002
   1.9200000000100015       -6.9692960143667992E-002
   1.9300000000100015       -9.3027025561905272E-002
   1.9400000000100015      -0.11598984802510438     
   1.9500000000100015      -0.13854589477868157     
   1.9600000000100015      -0.16066066126576961     
   1.9700000000100015      -0.18230072333955050     
   1.9800000000100015      -0.20343378706687160     
   1.9900000000100015      -0.22402873605122819     
   2.0000000000100013      -0.24405567620843188     
   2.0100000000100011      -0.26348597793362211     
   2.0200000000100009      -0.28229231560367829     
   2.0300000000100007      -0.30044870436456439     
   2.0400000000100005      -0.31793053415866185     
   2.0500000000100003      -0.33471460095271144     
   2.0600000000100001      -0.35077913513258507     
   2.0700000000099998      -0.36610382703672784     
   2.0800000000099996      -0.38066984960573325     
   2.0900000000099994      -0.39445987813114736     
   2.1000000000099992      -0.40745810709220254     
   2.1100000000099990      -0.41965026407477701     
   2.1200000000099988      -0.43102362077242884     
   2.1300000000099986      -0.44156700107485924     
   2.1400000000099983      -0.45127078625462302     
   2.1500000000099981      -0.46012691726828281     
   2.1600000000099979      -0.46812889419352693     
   2.1700000000099977      -0.47527177282899163     
   2.1800000000099975      -0.48155215848866706     
   2.1900000000099973      -0.48696819702779376     
   2.2000000000099971      -0.49151956314207301     
   2.2100000000099969      -0.49520744598681066     
   2.2200000000099966      -0.49803453216727783     
   2.2300000000099964      -0.50000498615609956     
   2.2400000000099962      -0.50112442819786285     
   2.2500000000099960      -0.50139990976536319     
   2.2600000000099958      -0.50083988663597812     
   2.2700000000099956      -0.49945418966055272     
   2.2800000000099954      -0.49725399330091569     
   2.2900000000099952      -0.49425178201568709     
   2.3000000000099949      -0.49046131457740622     
   2.3100000000099947      -0.48589758640718367     
   2.3200000000099945      -0.48057679001605830     
   2.3300000000099943      -0.47451627364502502     
   2.3400000000099941      -0.46773449819827828     
   2.3500000000099939      -0.46025099256659013     
   2.3600000000099937      -0.45208630743990874     
   2.3700000000099934      -0.44326196771021625     
   2.3800000000099932      -0.43380042356742959     
   2.3900000000099930      -0.42372500039265354     
   2.4000000000099928      -0.41305984755440772     
   2.4100000000099926      -0.40182988621454524     
   2.4200000000099924      -0.39006075625145770     
   2.4300000000099922      -0.37777876240882602     
   2.4400000000099920      -0.36501081977861988     
   2.4500000000099917      -0.35178439872728240     
   2.4600000000099915      -0.33812746937405153     
   2.4700000000099913      -0.32406844573017873     
   2.4800000000099911      -0.30963612960739945     
   2.4900000000099909      -0.29485965440340023     
   2.5000000000099907      -0.27976842887121445     
   2.5100000000099905      -0.26439208097846245     
   2.5200000000099902      -0.24876040196114235     
   2.5300000000099900      -0.23290329067527349     
   2.5400000000099898      -0.21685069834810358     
   2.5500000000099896      -0.20063257382881644     
   2.5600000000099894      -0.18427880943672512     
   2.5700000000099892      -0.16781918750280966     
   2.5800000000099890      -0.15128332769816966     
   2.5900000000099888      -0.13470063524050691     
   2.6000000000099885      -0.11810025006715064     
   2.6100000000099883      -0.10151099706038183     
   2.6200000000099881       -8.4961337407919613E-002
   2.6300000000099879       -6.8479321178404412E-002
   2.6400000000099877       -5.2092541188556898E-002
   2.6500000000099875       -3.5828088235419789E-002
   2.6600000000099873       -1.9712507763700683E-002
   2.6700000000099871       -3.7717580347492730E-003
   2.6800000000099868        1.1968830139886415E-002
   2.6900000000099866        2.7484592041050859E-002
   2.7000000000099864        4.2751566005197320E-002
   2.7100000000099862        5.7746528656533083E-002
   2.7200000000099860        7.2447028360283133E-002
   2.7300000000099858        8.6831416853202170E-002
   2.7400000000099856       0.10087887901145659     
   2.7500000000099853       0.11456946072001964     
   2.7600000000099851       0.12788409481178223     
   2.7700000000099849       0.14080462504865632     
   2.7800000000099847       0.15331382812104000     
   2.7900000000099845       0.16539543364610451     
   2.8000000000099843       0.17703414214945823     
   2.8100000000099841       0.18821564101881788     
   2.8200000000099839       0.19892661842237822     
   2.8300000000099836       0.20915477518860442     
   2.8400000000099834       0.21888883464816272     
   2.8500000000099832       0.22811855044266244     
   2.8600000000099830       0.23683471230878250     
   2.8700000000099828       0.24502914985019816     
   2.8800000000099826       0.25269473431350614     
   2.8900000000099824       0.25982537838804931     
   2.9000000000099821       0.26641603405317332     
   2.9100000000099819       0.27246268849998945     
   2.9200000000099817       0.27796235815816789     
   2.9300000000099815       0.28291308086164257     
   2.9400000000099813       0.28731390619035629     
   2.9500000000099811       0.29116488402831869     
   2.9600000000099809       0.29446705138127705     
   2.9700000000099807       0.29722241750020900     
   2.9800000000099804       0.29943394735963030     
   2.9900000000099802       0.30110554354237273     
   3.0000000000099800       0.30224202658500698     
   3.0100000000099798       0.30284911384048102     
   3.0200000000099796       0.30293339691679194     
   3.0300000000099794       0.30250231775262154     
   3.0400000000099792       0.30156414339282611     
   3.0500000000099790       0.30012793952849132     
   3.0600000000099787       0.29820354286792944     
   3.0700000000099785       0.29580153240651091     
   3.0800000000099783       0.29293319966458747     
   3.0900000000099781       0.28961051796397336     
   3.1000000000099779       0.28584611081450523     
   3.1100000000099777       0.28165321948310185     
   3.1200000000099775       0.27704566981848944     
   3.1300000000099772       0.27203783840534823     
   3.1400000000099770       0.26664461812206819     
   3.1500000000099768       0.26088138317658743     
   3.1600000000099766       0.25476395369490984     
   3.1700000000099764       0.24830855993687920     
   3.1800000000099762       0.24153180621361220     
   3.1900000000099760       0.23445063458067358     
   3.2000000000099758       0.22708228838060954     
   3.2100000000099755       0.21944427570784769     
   3.2200000000099753       0.21155433286822423     
   3.2300000000099751       0.20343038790451118     
   3.2400000000099749       0.19509052425829945     
   3.2500000000099747       0.18655294463744398     
   3.2600000000099745       0.17783593515700113     
   3.2700000000099743       0.16895782982019256     
   3.2800000000099740       0.15993697540441326     
   3.2900000000099738       0.15079169681567334     
   3.3000000000099736       0.14154026297312511     
   3.3100000000099734       0.13220085328348605     
   3.3200000000099732       0.12279152476322680     
   3.3300000000099730       0.11333017986435846     
   3.3400000000099728       0.10383453505753130     
   3.3500000000099726        9.4322090223949065E-002
   3.3600000000099723        8.4810098905318834E-002
   3.3700000000099721        7.5315539458700703E-002
   3.3800000000099719        6.5855087160696324E-002
   3.3900000000099717        5.6445087302934044E-002
   3.4000000000099715        4.7101529318267568E-002
   3.4100000000099713        3.7840021974517850E-002
   3.4200000000099711        2.8675769669957937E-002
   3.4300000000099709        1.9623549862071165E-002
   3.4400000000099706        1.0697691658414825E-002
   3.4500000000099704        1.9120555956972096E-003
   3.4600000000099702       -6.7199853695683286E-003
   3.4700000000099700       -1.5185563638225201E-002
   3.4800000000099698       -2.3472333495608115E-002
   3.4900000000099696       -3.1568486373574178E-002
   3.5000000000099694       -3.9462764835114933E-002
   3.5100000000099691       -4.7144475271987070E-002
   3.5200000000099689       -5.4603499308534566E-002
   3.5300000000099687       -6.1830303907592164E-002
   3.5400000000099685       -6.8815950177047447E-002
   3.5500000000099683       -7.5552100878297862E-002
   3.5600000000099681       -8.2031026640458665E-002
   3.5700000000099679       -8.8245610886756670E-002
   3.5800000000099677       -9.4189353482076715E-002
   3.5900000000099674       -9.9856373113108743E-002
   3.6000000000099672      -0.10524140841496669     
   3.6100000000099670      -0.11033981786051580     
   3.6200000000099668      -0.11514757843094268     
   3.6300000000099666      -0.11966128308833546     
   3.6400000000099664      -0.12387813707319673     
   3.6500000000099662      -0.12779595305189625     
   3.6600000000099659      -0.13141314514107205     
   3.6700000000099657      -0.13472872183790771     
   3.6800000000099655      -0.13774227788704851     
   3.6900000000099653      -0.14045398511666329     
   3.7000000000099651      -0.14286458227781418     
   3.7100000000099649      -0.14497536392285504     
   3.7200000000099647      -0.14678816836004732     
   3.7300000000099645      -0.14830536472294639     
   3.7400000000099642      -0.14952983919438156     
   3.7500000000099640      -0.15046498042602049     
   3.7600000000099638      -0.15111466419557415     
   3.7700000000099636      -0.15148323734466221     
   3.7800000000099634      -0.15157550104121770     
   3.7900000000099632      -0.15139669341106649     
   3.8000000000099630      -0.15095247158396866     
   3.8100000000099628      -0.15024889319995474     
   3.8200000000099625      -0.14929239742223518     
   3.8300000000099623      -0.14808978550329910     
   3.8400000000099621      -0.14664820095105635     
   3.8500000000099619      -0.14497510934200977     
   3.8600000000099617      -0.14307827782847946     
   3.8700000000099615      -0.14096575438683265     
   3.8800000000099613      -0.13864584685350817     
   3.8900000000099610      -0.13612710179536325     
   3.9000000000099608      -0.13341828326051230     
   3.9100000000099606      -0.13052835145537853     
   3.9200000000099604      -0.12746644139313831     
   3.9300000000099602      -0.12424184155810981     
   3.9400000000099600      -0.12086397262992175     
   3.9500000000099598      -0.11734236631050216     
   3.9600000000099596      -0.11368664429604661     
   3.9700000000099593      -0.10990649743517283     
   3.9800000000099591      -0.10601166511343617     
   3.9900000000099589      -0.10201191490328196     
   4.0000000000099591       -9.7917022517341815E-002
   4.0100000000099589       -9.3736752101748491E-002
   4.0200000000099587       -8.9480836904850841E-002
   4.0300000000099585       -8.5158960355360996E-002
   4.0400000000099583       -8.0780737582561851E-002
   4.0500000000099581       -7.6355697409750095E-002
   4.0600000000099579       -7.1893264850592442E-002
   4.0700000000099577       -6.7402744136531023E-002
   4.0800000000099574       -6.2893302301796822E-002
   4.0900000000099572       -5.8373953350977489E-002
   4.1000000000099570       -5.3853543032443843E-002
   4.1100000000099568       -4.9340734239271898E-002
   4.1200000000099566       -4.4843993057607445E-002
   4.1300000000099564       -4.0371575480711783E-002
   4.1400000000099562       -3.5931514805207482E-002
   4.1500000000099559       -3.1531609724309767E-002
   4.1600000000099557       -2.7179413131092914E-002
   4.1700000000099555       -2.2882221643101559E-002
   4.1800000000099553       -1.8647065857878408E-002
   4.1900000000099551       -1.4480701347249082E-002
   4.2000000000099549       -1.0389600396480861E-002
   4.2100000000099547       -6.3799444927235029E-003
   4.2200000000099545       -2.4576175654463196E-003
   4.2300000000099542        1.3718000200863226E-003
   4.2400000000099540        5.1030367169091007E-003
   4.2500000000099538        8.7311343002498681E-003
   4.2600000000099536        1.2251451625046136E-002
   4.2700000000099534        1.5659667642466492E-002
   4.2800000000099532        1.8951783682342321E-002
   4.2900000000099530        2.2124125009898823E-002
   4.3000000000099527        2.5173341666617652E-002
   4.3100000000099525        2.8096408606461093E-002
   4.3200000000099523        3.0890625140038715E-002
   4.3300000000099521        3.3553613700599193E-002
   4.3400000000099519        3.6083317946981677E-002
   4.3500000000099517        3.8478000219856784E-002
   4.3600000000099515        4.0736238368730311E-002
   4.3700000000099513        4.2856921968266452E-002
   4.3800000000099510        4.4839247943514564E-002
   4.3900000000099508        4.6682715624588422E-002
   4.4000000000099506        4.8387121252251759E-002
   4.4100000000099504        4.9952551956706080E-002
   4.4200000000099502        5.1379379232655217E-002
   4.4300000000099500        5.2668251934435015E-002
   4.4400000000099498        5.3820088815645352E-002
   4.4500000000099496        5.4836070638307158E-002
   4.4600000000099493        5.5717631877082341E-002
   4.4700000000099491        5.6466452044548851E-002
   4.4800000000099489        5.7084446663907482E-002
   4.4900000000099487        5.7573757915817744E-002
   4.5000000000099485        5.7936744986314181E-002
   4.5100000000099483        5.8175974142943017E-002
   4.5200000000099481        5.8294208566385078E-002
   4.5300000000099478        5.8294397964889333E-002
   4.5400000000099476        5.8179667998839862E-002
   4.5500000000099474        5.7953309542714368E-002
   4.5600000000099472        5.7618767811565587E-002
   4.5700000000099470        5.7179631378971765E-002
   4.5800000000099468        5.6639621113158178E-002
   4.5900000000099466        5.6002579057689829E-002
   4.6000000000099464        5.5272457282779602E-002
   4.6100000000099461        5.4453306732844729E-002
   4.6200000000099459        5.3549266095482786E-002
   4.6300000000099457        5.2564550716525354E-002
   4.6400000000099455        5.1503441585266874E-002
   4.6500000000099453        5.0370274413359846E-002
   4.6600000000099451        4.9169428830216098E-002
   4.6700000000099449        4.7905317717061961E-002
   4.6800000000099446        4.6582376701063306E-002
   4.6900000000099444        4.5205053830166507E-002
   4.7000000000099442        4.3777799448498862E-002
   4.7100000000099440        4.2305056291334332E-002
   4.7200000000099438        4.0791249817765857E-002
   4.7300000000099436        3.9240778798331245E-002
   4.7400000000099434        3.7658006173921295E-002
   4.7500000000099432        3.6047250201359515E-002
   4.7600000000099429        3.4412775900081238E-002
   4.7700000000099427        3.2758786813363416E-002
   4.7800000000099425        3.1089417096564834E-002
   4.7900000000099423        2.9408723943832059E-002
   4.8000000000099421        2.7720680363714171E-002
   4.8100000000099419        2.6029168313108510E-002
   4.8200000000099417        2.4337972197936267E-002
   4.8300000000099415        2.2650772747920794E-002
   4.8400000000099412        2.0971141271815177E-002
   4.8500000000099410        1.9302534298405449E-002
   4.8600000000099408        1.7648288607597068E-002
   4.8700000000099406        1.6011616654885524E-002
   4.8800000000099404        1.4395602391511979E-002
   4.8900000000099402        1.2803197481619857E-002
   4.9000000000099400        1.1237217916755689E-002
   4.9100000000099397        9.7003410271040494E-003
   4.9200000000099395        8.1951028879087805E-003
   4.9300000000099393        6.7238961186181466E-003
   4.9400000000099391        5.2889680713988294E-003
   4.9500000000099389        3.8924194047941091E-003
   4.9600000000099387        2.5362030374602856E-003
   4.9700000000099385        1.2221234760992732E-003
   4.9800000000099383       -4.8163489079346838E-005
   4.9900000000099380       -1.2731507287890020E-003
