   9.9999999999999994E-012  0.99417038207030195     
   1.0000000010000001E-002  0.99330685090259419     
   2.0000000010000001E-002  0.99071913587889637     
   3.0000000010000000E-002  0.98641579557405279     
   4.0000000010000002E-002  0.98041084616345786     
   5.0000000010000004E-002  0.97272341435658749     
   6.0000000010000006E-002  0.96337729738552347     
   7.0000000010000007E-002  0.95240046692186953     
   8.0000000010000002E-002  0.93982455391310105     
   9.0000000009999997E-002  0.92568434704237335     
  0.10000000000999999       0.91001733027195109     
  0.11000000000999999       0.89286327638774732     
  0.12000000000999998       0.87426390509257101     
  0.13000000000999998       0.85426260704301871     
  0.14000000000999999       0.83290422983800072     
  0.15000000001000000       0.81023491846042739     
  0.16000000001000000       0.78630200085841018     
  0.17000000001000001       0.76115390887654066     
  0.18000000001000002       0.73484012521293929     
  0.19000000001000003       0.70741114811646766     
  0.20000000001000004       0.67891846685421897     
  0.21000000001000005       0.64941454235788743     
  0.22000000001000006       0.61895278876065374     
  0.23000000001000007       0.58758755268691132     
  0.24000000001000008       0.55537408812326228     
  0.25000000001000006       0.52236852547791290     
  0.26000000001000007       0.48862783404135568     
  0.27000000001000007       0.45420977751707398     
  0.28000000001000008       0.41917286262265940     
  0.29000000001000009       0.38357628099416696     
  0.30000000001000010       0.34747984478203675     
  0.31000000001000011       0.31094391642441438     
  0.32000000001000012       0.27402933313858990     
  0.33000000001000013       0.23679732669571951     
  0.34000000001000014       0.19930943904734913     
  0.35000000001000015       0.16162743436155413     
  0.36000000001000015       0.12381320800691453     
  0.37000000001000016        8.5928692997770645E-002
  0.38000000001000017        4.8035764386855945E-002
  0.39000000001000018        1.0196142063247423E-002
  0.40000000001000019       -2.7528707614227807E-002
  0.41000000001000020       -6.5077670944721652E-002
  0.42000000001000021      -0.10239008639607486     
  0.43000000001000022      -0.13940584414393611     
  0.44000000001000023      -0.17606548530658908     
  0.45000000001000023      -0.21231030056298555     
  0.46000000001000024      -0.24808242786012089     
  0.47000000001000025      -0.28332494893309623     
  0.48000000001000026      -0.31798198437714131     
  0.49000000001000027      -0.35199878702567400     
  0.50000000001000022      -0.38532183340229464     
  0.51000000001000023      -0.41789891302759569     
  0.52000000001000024      -0.44967921537392352     
  0.53000000001000025      -0.48061341427289511     
  0.54000000001000026      -0.51065374959161669     
  0.55000000001000027      -0.53975410600428853     
  0.56000000001000028      -0.56787008869626732     
  0.57000000001000029      -0.59495909584776230     
  0.58000000001000029      -0.62098038775422038     
  0.59000000001000030      -0.64589515245014928     
  0.60000000001000031      -0.66966656771267319     
  0.61000000001000032      -0.69225985933054091     
  0.62000000001000033      -0.71364235553364264     
  0.63000000001000034      -0.73378353748734071     
  0.64000000001000035      -0.75265508576510853     
  0.65000000001000036      -0.77023092272210747     
  0.66000000001000036      -0.78648725070141190     
  0.67000000001000037      -0.80140258601362468     
  0.68000000001000038      -0.81495778863961676     
  0.69000000001000039      -0.82713608761505419     
  0.70000000001000040      -0.83792310206426035     
  0.71000000001000041      -0.84730685785978699     
  0.72000000001000042      -0.85527779989281205     
  0.73000000001000043      -0.86182879994817507     
  0.74000000001000044      -0.86695516018644758     
  0.75000000001000044      -0.87065461224394480     
  0.76000000001000045      -0.87292731196998208     
  0.77000000001000046      -0.87377582982897128     
  0.78000000001000047      -0.87320513700310398     
  0.79000000001000048      -0.87122258723940682     
  0.80000000001000049      -0.86783789449282089     
  0.81000000001000050      -0.86306310642468842     
  0.82000000001000051      -0.85691257382357111     
  0.83000000001000052      -0.84940291602270335     
  0.84000000001000052      -0.84055298239555543     
  0.85000000001000053      -0.83038381001796069     
  0.86000000001000054      -0.81891857759202302     
  0.87000000001000055      -0.80618255573356057     
  0.88000000001000056      -0.79220305373114519     
  0.89000000001000057      -0.77700936289086120     
  0.90000000001000058      -0.76063269658672050     
  0.91000000001000059      -0.74310612714221225     
  0.92000000001000060      -0.72446451967375514     
  0.93000000001000060      -0.70474446303181315     
  0.94000000001000061      -0.68398419798016186     
  0.95000000001000062      -0.66222354275821194     
  0.96000000001000063      -0.63950381617542673     
  0.97000000001000064      -0.61586775839069707     
  0.98000000001000065      -0.59135944953304653     
  0.99000000001000066      -0.56602422632324623     
   1.0000000000100007      -0.53990859685879988     
   1.0100000000100007      -0.51306015372731917     
   1.0200000000100007      -0.48552748561554904     
   1.0300000000100007      -0.45736008758321600     
   1.0400000000100007      -0.42860827017244585     
   1.0500000000100007      -0.39932306752476093     
   1.0600000000100007      -0.36955614467857872     
   1.0700000000100007      -0.33935970422073536     
   1.0800000000100007      -0.30878639246581313     
   1.0900000000100007      -0.27788920533699235     
   1.1000000000100008      -0.24672139412175292     
   1.1100000000100008      -0.21533637127504018     
   1.1200000000100008      -0.18378761644147201     
   1.1300000000100008      -0.15212858286681646     
   1.1400000000100008      -0.12041260436730294     
   1.1500000000100008       -8.8692803023361758E-002
   1.1600000000100008       -5.7021997762112024E-002
   1.1700000000100008       -2.5452613990350696E-002
   1.1800000000100008        5.9634055630633856E-003
   1.1900000000100008        3.7174688639677662E-002
   1.2000000000100008        6.8130519726428432E-002
   1.2100000000100009        9.8780924664483516E-002
   1.2200000000100009       0.12907675344723227     
   1.2300000000100009       0.15896976106690042     
   1.2400000000100009       0.18841268627369862     
   1.2500000000100009       0.21735932811607661     
   1.2600000000100009       0.24576462013553477     
   1.2700000000100009       0.27358470209453889     
   1.2800000000100009       0.30077698912137429     
   1.2900000000100009       0.32730023816125292     
   1.3000000000100009       0.35311461162864460     
   1.3100000000100009       0.37818173816162037     
   1.3200000000100010       0.40246477038497047     
   1.3300000000100010       0.42592843959496890     
   1.3400000000100010       0.44853910728490043     
   1.3500000000100010       0.47026481343681664     
   1.3600000000100010       0.49107532151144989     
   1.3700000000100010       0.51094216007475679     
   1.3800000000100010       0.52983866100618882     
   1.3900000000100010       0.54773999424047581     
   1.4000000000100010       0.56462319900143965     
   1.4100000000100010       0.58046721149313818     
   1.4200000000100010       0.59525288902042739     
   1.4300000000100010       0.60896303051784750     
   1.4400000000100011       0.62158239347254018     
   1.4500000000100011       0.63309770723369529     
   1.4600000000100011       0.64349768270779140     
   1.4700000000100011       0.65277301844561164     
   1.4800000000100011       0.66091640313369082     
   1.4900000000100011       0.66792251450944429     
   1.5000000000100011       0.67378801472576200     
   1.5100000000100011       0.67851154219727527     
   1.5200000000100011       0.68209369996684333     
   1.5300000000100011       0.68453704063702137     
   1.5400000000100011       0.68584604791736337     
   1.5500000000100012       0.68602711484437573     
   1.5600000000100012       0.68508851873674248     
   1.5700000000100012       0.68304039295410413     
   1.5800000000100012       0.67989469553315707     
   1.5900000000100012       0.67566517478015387     
   1.6000000000100012       0.67036733190401299     
   1.6100000000100012       0.66401838077918318     
   1.6200000000100012       0.65663720493213507     
   1.6300000000100012       0.64824431184988085     
   1.6400000000100012       0.63886178471322941     
   1.6500000000100012       0.62851323166155948     
   1.6600000000100013       0.61722373269975850     
   1.6700000000100013       0.60501978436157700     
   1.6800000000100013       0.59192924224703602     
   1.6900000000100013       0.57798126155464691     
   1.7000000000100013       0.56320623573208239     
   1.7100000000100013       0.54763573337156113     
   1.7200000000100013       0.53130243347857886     
   1.7300000000100013       0.51424005924471461     
   1.7400000000100013       0.49648331045709299     
   1.7500000000100013       0.47806779467865479     
   1.7600000000100013       0.45902995733470159     
   1.7700000000100014       0.43940701084222639     
   1.7800000000100014       0.41923686291931800     
   1.7900000000100014       0.39855804421244112     
   1.8000000000100014       0.37740963537963862     
   1.8100000000100014       0.35583119376768568     
   1.8200000000100014       0.33386267982094453     
   1.8300000000100014       0.31154438335912749     
   1.8400000000100014       0.28891684986038113     
   1.8500000000100014       0.26602080688505070     
   1.8600000000100014       0.24289709077418511     
   1.8700000000100014       0.21958657375529528     
   1.8800000000100014       0.19613009158609188     
   1.8900000000100015       0.17256837186490678     
   1.9000000000100015       0.14894196313424737     
   1.9100000000100015       0.12529116490145953     
   1.9200000000100015       0.10165595869777819     
   1.9300000000100015        7.8075940294141027E-002
   1.9400000000100015        5.4590253189032170E-002
   1.9500000000100015        3.1237523480318517E-002
   1.9600000000100015        8.0557962295484051E-003
   1.9700000000100015       -1.4917526576489280E-002
   1.9800000000100015       -3.7645746365992501E-002
   1.9900000000100015       -6.0092926527212161E-002
   2.0000000000100013       -8.2223949065571705E-002
   2.0100000000100011      -0.10400456928435745     
   2.0200000000100009      -0.12540146840493913     
   2.0300000000100007      -0.14638230404704505     
   2.0400000000100005      -0.16691575849429599     
   2.0500000000100003      -0.18697158467499173     
   2.0600000000100001      -0.20652064979302287     
   2.0700000000099998      -0.22553497654875096     
   2.0800000000099996      -0.24398778189474107     
   2.0900000000099994      -0.26185351327633827     
   2.1000000000099992      -0.27910788231224093     
   2.1100000000099990      -0.29572789587542830     
   2.1200000000099988      -0.31169188454003827     
   2.1300000000099986      -0.32697952836505217     
   2.1400000000099983      -0.34157187999091615     
   2.1500000000099981      -0.35545138503050233     
   2.1600000000099979      -0.36860189974108465     
   2.1700000000099977      -0.38100870596924519     
   2.1800000000099975      -0.39265852336585255     
   2.1900000000099973      -0.40353951887343043     
   2.2000000000099971      -0.41364131349337085     
   2.2100000000099969      -0.42295498634551665     
   2.2200000000099966      -0.43147307603764873     
   2.2300000000099964      -0.43918957936734210     
   2.2400000000099962      -0.44609994738349912     
   2.2500000000099960      -0.45220107883961985     
   2.2600000000099958      -0.45749131107551566     
   2.2700000000099956      -0.46197040836870945     
   2.2800000000099954      -0.46563954780118222     
   2.2900000000099952      -0.46850130269141516     
   2.3000000000099949      -0.47055962364583553     
   2.3100000000099947      -0.47181981728778655     
   2.3200000000099945      -0.47228852272601102     
   2.3300000000099943      -0.47197368582835075     
   2.3400000000099941      -0.47088453136991731     
   2.3500000000099939      -0.46903153312837853     
   2.3600000000099937      -0.46642638200221942     
   2.3700000000099934      -0.46308195223087995     
   2.3800000000099932      -0.45901226579853183     
   2.3900000000099930      -0.45423245510593341     
   2.4000000000099928      -0.44875872399729072     
   2.4100000000099926      -0.44260830723135108     
   2.4200000000099924      -0.43579942848805975     
   2.4300000000099922      -0.42835125700401638     
   2.4400000000099920      -0.42028386293167908     
   2.4500000000099917      -0.41161817151877317     
   2.4600000000099915      -0.40237591620566787     
   2.4700000000099913      -0.39257959073959270     
   2.4800000000099911      -0.38225240040546915     
   2.4900000000099909      -0.37141821247383233     
   2.5000000000099907      -0.36010150596682183     
   2.5100000000099905      -0.34832732084351437     
   2.5200000000099902      -0.33612120670597601     
   2.5300000000099900      -0.32350917112730754     
   2.5400000000099898      -0.31051762770266533     
   2.5500000000099896      -0.29717334392374939     
   2.5600000000099894      -0.28350338897657179     
   2.5700000000099892      -0.26953508156145073     
   2.5800000000099890      -0.25529593783312343     
   2.5900000000099888      -0.24081361955763972     
   2.6000000000099885      -0.22611588258128820     
   2.6100000000099883      -0.21123052570522663     
   2.6200000000099881      -0.19618534005774044     
   2.6300000000099879      -0.18100805905414222     
   2.6400000000099877      -0.16572630903225841     
   2.6500000000099875      -0.15036756064923124     
   2.6600000000099873      -0.13495908112299934     
   2.6700000000099871      -0.11952788739931813     
   2.6800000000099868      -0.10410070032254391     
   2.6900000000099866       -8.8703899885644311E-002
   2.7000000000099864       -7.3363481632012784E-002
   2.7100000000099862       -5.8105014278672353E-002
   2.7200000000099860       -4.2953598627350022E-002
   2.7300000000099858       -2.7933827826704734E-002
   2.7400000000099856       -1.3069749045700213E-002
   2.7500000000099853        1.6151733852614314E-003
   2.7600000000099851        1.6098093312279807E-002
   2.7700000000099849        3.0356816525326097E-002
   2.7800000000099847        4.4369832908976996E-002
   2.7900000000099845        5.8116346934084691E-002
   2.8000000000099843        7.1576306451630350E-002
   2.8100000000099841        8.4730429753729061E-002
   2.8200000000099839        9.7560230870498615E-002
   2.8300000000099836       0.11004804307527372     
   2.8400000000099834       0.12217704057443179     
   2.8500000000099832       0.13393125836188291     
   2.8600000000099830       0.14529561022206719     
   2.8700000000099828       0.15625590486908192     
   2.8800000000099826       0.16679886021332174     
   2.8900000000099824       0.17691211575075874     
   2.9000000000099821       0.18658424307369315     
   2.9100000000099819       0.19580475450548024     
   2.9200000000099817       0.20456410986536186     
   2.9300000000099815       0.21285372137310521     
   2.9400000000099813       0.22066595670666753     
   2.9500000000099811       0.22799414022955417     
   2.9600000000099809       0.23483255240791834     
   2.9700000000099807       0.24117642744075060     
   2.9800000000099804       0.24702194912972511     
   2.9900000000099802       0.25236624501840077     
   3.0000000000099800       0.25720737883350969     
   3.0100000000099798       0.26154434126400100     
   3.0200000000099796       0.26537703911634336     
   3.0300000000099794       0.26870628288730913     
   3.0400000000099792       0.27153377279807567     
   3.0500000000099790       0.27386208333597367     
   3.0600000000099787       0.27569464635258073     
   3.0700000000099785       0.27703573276911109     
   3.0800000000099783       0.27789043294216831     
   3.0900000000099781       0.27826463574492077     
   3.1000000000099779       0.27816500642061326     
   3.1100000000099777       0.27759896326705236     
   3.1200000000099775       0.27657465321228325     
   3.1300000000099772       0.27510092634312272     
   3.1400000000099770       0.27318730944951503     
   3.1500000000099768       0.27084397864884086     
   3.1600000000099766       0.26808173115532885     
   3.1700000000099764       0.26491195626059300     
   3.1800000000099762       0.26134660559205863     
   3.1900000000099760       0.25739816271662408     
   3.2000000000099758       0.25307961215735630     
   3.2100000000099755       0.24840440789132415     
   3.2200000000099753       0.24338644139683746     
   3.2300000000099751       0.23804000931838465     
   3.2400000000099749       0.23237978081745092     
   3.2500000000099747       0.22642076467714703     
   3.2600000000099745       0.22017827622819708     
   3.2700000000099743       0.21366790416331788     
   3.2800000000099740       0.20690547730637665     
   3.2900000000099738       0.19990703140194346     
   3.3000000000099736       0.19268877598996037     
   3.3100000000099734       0.18526706142923183     
   3.3200000000099732       0.17765834613231218     
   3.3300000000099730       0.16987916407311857     
   3.3400000000099728       0.16194609262724538     
   3.3500000000099726       0.15387572080349632     
   3.3600000000099723       0.14568461792359033     
   3.3700000000099721       0.13738930280534201     
   3.3800000000099719       0.12900621350286820     
   3.3900000000099717       0.12055167765553730     
   3.4000000000099715       0.11204188349546104     
   3.4100000000099713       0.10349285156133235     
   3.4200000000099711        9.4920407164346479E-002
   3.4300000000099709        8.6340153649808057E-002
   3.4400000000099706        7.7767446495830325E-002
   3.4500000000099704        6.9217368288280470E-002
   3.4600000000099702        6.0704704608819555E-002
   3.4700000000099700        5.2243920870538030E-002
   3.4800000000099698        4.3849140133294925E-002
   3.4900000000099696        3.5534121928445517E-002
   3.5000000000099694        2.7312242120187447E-002
   3.5100000000099691        1.9196473828275884E-002
   3.5200000000099689        1.1199369434362519E-002
   3.5300000000099687        3.3330436917027584E-003
   3.5400000000099685       -4.3908420445422300E-003
   3.5500000000099683       -1.1961094451701387E-002
   3.5600000000099681       -1.9367001726497447E-002
   3.5700000000099679       -2.6598345914776535E-002
   3.5800000000099677       -3.3645414076876698E-002
   3.5900000000099674       -4.0499008283925240E-002
   3.6000000000099672       -4.7150454442807660E-002
   3.6100000000099670       -5.3591609949975236E-002
   3.6200000000099668       -5.9814870176651130E-002
   3.6300000000099666       -6.5813173790346832E-002
   3.6400000000099664       -7.1580006919914868E-002
   3.6500000000099662       -7.7109406173626743E-002
   3.6600000000099659       -8.2395960521981643E-002
   3.6700000000099657       -8.7434812059109412E-002
   3.6800000000099655       -9.2221655658734331E-002
   3.6900000000099653       -9.6752737542703526E-002
   3.7000000000099651      -0.10102485278205872     
   3.7100000000099649      -0.10503534175253254     
   3.7200000000099647      -0.10878208556818397     
   3.7300000000099645      -0.11226350051864284     
   3.7400000000099642      -0.11547853153711284     
   3.7500000000099640      -0.11842664472788043     
   3.7600000000099638      -0.12110781898359241     
   3.7700000000099636      -0.12352253672399532     
   3.7800000000099634      -0.12567177378917305     
   3.7900000000099632      -0.12755698852157474     
   3.8000000000099630      -0.12918011007228852     
   3.8100000000099628      -0.13054352596809082     
   3.8200000000099625      -0.13165006897678183     
   3.8300000000099623      -0.13250300330920431     
   3.8400000000099621      -0.13310601019713691     
   3.8500000000099619      -0.13346317288695289     
   3.8600000000099617      -0.13357896108953748     
   3.8700000000099615      -0.13345821492746798     
   3.8800000000099613      -0.13310612842087638     
   3.8900000000099610      -0.13252823255373306     
   3.9000000000099608      -0.13173037796251919     
   3.9100000000099606      -0.13071871728939025     
   3.9200000000099604      -0.12949968724197314     
   3.9300000000099602      -0.12807999040189555     
   3.9400000000099600      -0.12646657682400586     
   3.9500000000099598      -0.12466662546801804     
   3.9600000000099596      -0.12268752550400552     
   3.9700000000099593      -0.12053685753277210     
   3.9800000000099591      -0.11822237476165073     
   3.9900000000099589      -0.11575198417572440     
   4.0000000000099591      -0.11313372774382691     
   4.0100000000099589      -0.11037576369797268     
   4.0200000000099587      -0.10748634792408077     
   4.0300000000099585      -0.10447381550100550     
   4.0400000000099583      -0.10134656242396825     
   4.0500000000099581       -9.8113027547497469E-002
   4.0600000000099579       -9.4781674781943104E-002
   4.0700000000099577       -9.1360975576526338E-002
   4.0800000000099574       -8.7859391720728403E-002
   4.0900000000099572       -8.4285358494615104E-002
   4.1000000000099570       -8.0647268197434480E-002
   4.1100000000099568       -7.6953454082527142E-002
   4.1200000000099566       -7.3212174725243051E-002
   4.1300000000099564       -6.9431598849182319E-002
   4.1400000000099562       -6.5619790634662112E-002
   4.1500000000099559       -6.1784695531868883E-002
   4.1600000000099557       -5.7934126599684693E-002
   4.1700000000099555       -5.4075751389683561E-002
   4.1800000000099553       -5.0217079393280344E-002
   4.1900000000099551       -4.6365450068487829E-002
   4.2000000000099549       -4.2528021461195560E-002
   4.2100000000099547       -3.8711759434336995E-002
   4.2200000000099545       -3.4923427516756464E-002
   4.2300000000099542       -3.1169577382033152E-002
   4.2400000000099540       -2.7456539965966215E-002
   4.2500000000099538       -2.3790417229877601E-002
   4.2600000000099536       -2.0177074575350902E-002
   4.2700000000099534       -1.6622133914498440E-002
   4.2800000000099532       -1.3130967398337984E-002
   4.2900000000099530       -9.7086918043685268E-003
   4.3000000000099527       -6.3601635829642717E-003
   4.3100000000099525       -3.0899745607604577E-003
   4.3200000000099523        9.7551702213532522E-005
   4.3300000000099521        3.1983629062855602E-003
   4.3400000000099519        6.2086803627636224E-003
   4.3500000000099517        9.1250007087353355E-003
   4.3600000000099515        1.1944096994630745E-002
   4.3700000000099513        1.4663019154375014E-002
   4.3800000000099510        1.7279093869156090E-002
   4.3900000000099508        1.9789923836985027E-002
   4.4000000000099506        2.2193386461333987E-002
   4.4100000000099504        2.4487631973194028E-002
   4.4200000000099502        2.6671081001904403E-002
   4.4300000000099500        2.8742421611059915E-002
   4.4400000000099498        3.0700605816707964E-002
   4.4500000000099496        3.2544845605894462E-002
   4.4600000000099493        3.4274608474413229E-002
   4.4700000000099491        3.5889612503349516E-002
   4.4800000000099489        3.7389820994689682E-002
   4.4900000000099487        3.8775436686890707E-002
   4.5000000000099485        4.0046895571867816E-002
   4.5100000000099483        4.1204860335363393E-002
   4.5200000000099481        4.2250213443107101E-002
   4.5300000000099478        4.3184049895563306E-002
   4.5400000000099476        4.4007669674391334E-002
   4.5500000000099474        4.4722569904011619E-002
   4.5600000000099472        4.5330436751882586E-002
   4.5700000000099470        4.5833137091244064E-002
   4.5800000000099468        4.6232709950178946E-002
   4.5900000000099466        4.6531357770881174E-002
   4.6000000000099464        4.6731437503000517E-002
   4.6100000000099461        4.6835451554860560E-002
   4.6200000000099459        4.6846038626218167E-002
   4.6300000000099457        4.6765964446052591E-002
   4.6400000000099455        4.6598112438639032E-002
   4.6500000000099453        4.6345474340878767E-002
   4.6600000000099451        4.6011140793526681E-002
   4.6700000000099449        4.5598291928576812E-002
   4.6800000000099446        4.5110187974643015E-002
   4.6900000000099444        4.4550159901702302E-002
   4.7000000000099442        4.3921600126057586E-002
   4.7100000000099440        4.3227953295826620E-002
   4.7200000000099438        4.2472707176672966E-002
   4.7300000000099436        4.1659383656871288E-002
   4.7400000000099434        4.0791529890137984E-002
   4.7500000000099432        3.9872709593967659E-002
   4.7600000000099429        3.8906494520494057E-002
   4.7700000000099427        3.7896456116144873E-002
   4.7800000000099425        3.6846157385585915E-002
   4.7900000000099423        3.5759144974651602E-002
   4.8000000000099421        3.4638941486141737E-002
   4.8100000000099419        3.3489038041526129E-002
   4.8200000000099417        3.2312887100746840E-002
   4.8300000000099415        3.1113895551440444E-002
   4.8400000000099412        2.9895418078023976E-002
   4.8500000000099410        2.8660750820201458E-002
   4.8600000000099408        2.7413125329552750E-002
   4.8700000000099406        2.6155702831967654E-002
   4.8800000000099404        2.4891568802786875E-002
   4.8900000000099402        2.3623727860609994E-002
   4.9000000000099400        2.2355098984830808E-002
   4.9100000000099397        2.1088511061066097E-002
   4.9200000000099395        1.9826698757754398E-002
   4.9300000000099393        1.8572298736321779E-002
   4.9400000000099391        1.7327846196441479E-002
   4.9500000000099389        1.6095771757057613E-002
   4.9600000000099387        1.4878398672999567E-002
   4.9700000000099385        1.3677940386187859E-002
   4.9800000000099383        1.2496498409623379E-002
   4.9900000000099380        1.1336060541562651E-002
