   9.9999999999999994E-012  -1.3877787807814457E-017
   1.0000000010000001E-002  -1.3877787807814457E-017
   2.0000000010000001E-002  -1.3877787807814457E-017
   3.0000000010000000E-002  -1.3877787807814457E-017
   4.0000000010000002E-002  -1.3877787807814457E-017
   5.0000000010000004E-002  -1.3877787807814457E-017
   6.0000000010000006E-002  -1.3877787807814457E-017
   7.0000000010000007E-002  -1.3877787807814457E-017
   8.0000000010000002E-002  -1.3877787807814457E-017
   9.0000000009999997E-002  -1.3877787807814457E-017
  0.10000000000999999       -1.3877787807814457E-017
  0.11000000000999999       -1.3877787807814457E-017
  0.12000000000999998       -1.3877787807814457E-017
  0.13000000000999998       -1.3877787807814457E-017
  0.14000000000999999       -1.3877787807814457E-017
  0.15000000001000000       -1.3877787807814457E-017
  0.16000000001000000       -1.3877787807814457E-017
  0.17000000001000001       -1.3877787807814457E-017
  0.18000000001000002       -1.3877787807814457E-017
  0.19000000001000003       -1.3877787807814457E-017
  0.20000000001000004       -1.3877787807814457E-017
  0.21000000001000005       -1.3877787807814457E-017
  0.22000000001000006       -1.3877787807814457E-017
  0.23000000001000007       -1.3877787807814457E-017
  0.24000000001000008       -1.3877787807814457E-017
  0.25000000001000006       -1.3877787807814457E-017
  0.26000000001000007       -1.3877787807814457E-017
  0.27000000001000007       -1.3877787807814457E-017
  0.28000000001000008       -1.3877787807814457E-017
  0.29000000001000009       -1.3877787807814457E-017
  0.30000000001000010       -1.3877787807814457E-017
  0.31000000001000011       -1.3877787807814457E-017
  0.32000000001000012       -1.3877787807814457E-017
  0.33000000001000013       -1.3877787807814457E-017
  0.34000000001000014       -1.3877787807814457E-017
  0.35000000001000015       -1.3877787807814457E-017
  0.36000000001000015       -1.3877787807814457E-017
  0.37000000001000016       -1.3877787807814457E-017
  0.38000000001000017       -1.3877787807814457E-017
  0.39000000001000018       -1.3877787807814457E-017
  0.40000000001000019       -1.3877787807814457E-017
  0.41000000001000020       -1.3877787807814457E-017
  0.42000000001000021       -1.3877787807814457E-017
  0.43000000001000022       -1.3877787807814457E-017
  0.44000000001000023       -1.3877787807814457E-017
  0.45000000001000023       -1.3877787807814457E-017
  0.46000000001000024       -1.3877787807814457E-017
  0.47000000001000025       -1.3877787807814457E-017
  0.48000000001000026       -1.3877787807814457E-017
  0.49000000001000027       -1.3877787807814457E-017
  0.50000000001000022       -1.3877787807814457E-017
  0.51000000001000023       -1.3877787807814457E-017
  0.52000000001000024       -1.3877787807814457E-017
  0.53000000001000025       -1.3877787807814457E-017
  0.54000000001000026       -1.3877787807814457E-017
  0.55000000001000027       -1.3877787807814457E-017
  0.56000000001000028       -1.3877787807814457E-017
  0.57000000001000029       -1.3877787807814457E-017
  0.58000000001000029       -1.3877787807814457E-017
  0.59000000001000030       -1.3877787807814457E-017
  0.60000000001000031       -1.3877787807814457E-017
  0.61000000001000032       -1.3877787807814457E-017
  0.62000000001000033       -1.3877787807814457E-017
  0.63000000001000034       -1.3877787807814457E-017
  0.64000000001000035       -1.3877787807814457E-017
  0.65000000001000036       -1.3877787807814457E-017
  0.66000000001000036       -1.3877787807814457E-017
  0.67000000001000037       -1.3877787807814457E-017
  0.68000000001000038       -1.3877787807814457E-017
  0.69000000001000039       -1.3877787807814457E-017
  0.70000000001000040       -1.3877787807814457E-017
  0.71000000001000041       -1.3877787807814457E-017
  0.72000000001000042       -1.3877787807814457E-017
  0.73000000001000043       -1.3877787807814457E-017
  0.74000000001000044       -1.3877787807814457E-017
  0.75000000001000044       -1.3877787807814457E-017
  0.76000000001000045       -1.3877787807814457E-017
  0.77000000001000046       -1.3877787807814457E-017
  0.78000000001000047       -1.3877787807814457E-017
  0.79000000001000048       -1.3877787807814457E-017
  0.80000000001000049       -1.3877787807814457E-017
  0.81000000001000050       -1.3877787807814457E-017
  0.82000000001000051       -1.3877787807814457E-017
  0.83000000001000052       -1.3877787807814457E-017
  0.84000000001000052       -1.3877787807814457E-017
  0.85000000001000053       -1.3877787807814457E-017
  0.86000000001000054       -1.3877787807814457E-017
  0.87000000001000055       -1.3877787807814457E-017
  0.88000000001000056       -1.3877787807814457E-017
  0.89000000001000057       -1.3877787807814457E-017
  0.90000000001000058       -1.3877787807814457E-017
  0.91000000001000059       -1.3877787807814457E-017
  0.92000000001000060       -1.3877787807814457E-017
  0.93000000001000060       -1.3877787807814457E-017
  0.94000000001000061       -1.3877787807814457E-017
  0.95000000001000062       -1.3877787807814457E-017
  0.96000000001000063       -1.3877787807814457E-017
  0.97000000001000064       -1.3877787807814457E-017
  0.98000000001000065       -1.3877787807814457E-017
  0.99000000001000066       -1.3877787807814457E-017
   1.0000000000100007       -1.3877787807814457E-017
   1.0100000000100007       -1.3877787807814457E-017
   1.0200000000100007       -1.3877787807814457E-017
   1.0300000000100007       -1.3877787807814457E-017
   1.0400000000100007       -1.3877787807814457E-017
   1.0500000000100007       -1.3877787807814457E-017
   1.0600000000100007       -1.3877787807814457E-017
   1.0700000000100007       -1.3877787807814457E-017
   1.0800000000100007       -1.3877787807814457E-017
   1.0900000000100007       -1.3877787807814457E-017
   1.1000000000100008       -1.3877787807814457E-017
   1.1100000000100008       -1.3877787807814457E-017
   1.1200000000100008       -1.3877787807814457E-017
   1.1300000000100008       -1.3877787807814457E-017
   1.1400000000100008       -1.3877787807814457E-017
   1.1500000000100008       -1.3877787807814457E-017
   1.1600000000100008       -1.3877787807814457E-017
   1.1700000000100008       -1.3877787807814457E-017
   1.1800000000100008       -1.3877787807814457E-017
   1.1900000000100008       -1.3877787807814457E-017
   1.2000000000100008       -1.3877787807814457E-017
   1.2100000000100009       -1.3877787807814457E-017
   1.2200000000100009       -1.3877787807814457E-017
   1.2300000000100009       -1.3877787807814457E-017
   1.2400000000100009       -1.3877787807814457E-017
   1.2500000000100009       -1.3877787807814457E-017
   1.2600000000100009       -1.3877787807814457E-017
   1.2700000000100009       -1.3877787807814457E-017
   1.2800000000100009       -1.3877787807814457E-017
   1.2900000000100009       -1.3877787807814457E-017
   1.3000000000100009       -1.3877787807814457E-017
   1.3100000000100009       -1.3877787807814457E-017
   1.3200000000100010       -1.3877787807814457E-017
   1.3300000000100010       -1.3877787807814457E-017
   1.3400000000100010       -1.3877787807814457E-017
   1.3500000000100010       -1.3877787807814457E-017
   1.3600000000100010       -1.3877787807814457E-017
   1.3700000000100010       -1.3877787807814457E-017
   1.3800000000100010       -1.3877787807814457E-017
   1.3900000000100010       -1.3877787807814457E-017
   1.4000000000100010       -1.3877787807814457E-017
   1.4100000000100010       -1.3877787807814457E-017
   1.4200000000100010       -1.3877787807814457E-017
   1.4300000000100010       -1.3877787807814457E-017
   1.4400000000100011       -1.3877787807814457E-017
   1.4500000000100011       -1.3877787807814457E-017
   1.4600000000100011       -1.3877787807814457E-017
   1.4700000000100011       -1.3877787807814457E-017
   1.4800000000100011       -1.3877787807814457E-017
   1.4900000000100011       -1.3877787807814457E-017
   1.5000000000100011       -1.3877787807814457E-017
   1.5100000000100011       -1.3877787807814457E-017
   1.5200000000100011       -1.3877787807814457E-017
   1.5300000000100011       -1.3877787807814457E-017
   1.5400000000100011       -1.3877787807814457E-017
   1.5500000000100012       -1.3877787807814457E-017
   1.5600000000100012       -1.3877787807814457E-017
   1.5700000000100012       -1.3877787807814457E-017
   1.5800000000100012       -1.3877787807814457E-017
   1.5900000000100012       -1.3877787807814457E-017
   1.6000000000100012       -1.3877787807814457E-017
   1.6100000000100012       -1.3877787807814457E-017
   1.6200000000100012       -1.3877787807814457E-017
   1.6300000000100012       -1.3877787807814457E-017
   1.6400000000100012       -1.3877787807814457E-017
   1.6500000000100012       -1.3877787807814457E-017
   1.6600000000100013       -1.3877787807814457E-017
   1.6700000000100013       -1.3877787807814457E-017
   1.6800000000100013       -1.3877787807814457E-017
   1.6900000000100013       -1.3877787807814457E-017
   1.7000000000100013       -1.3877787807814457E-017
   1.7100000000100013       -1.3877787807814457E-017
   1.7200000000100013       -1.3877787807814457E-017
   1.7300000000100013       -1.3877787807814457E-017
   1.7400000000100013       -1.3877787807814457E-017
   1.7500000000100013       -1.3877787807814457E-017
   1.7600000000100013       -1.3877787807814457E-017
   1.7700000000100014       -1.3877787807814457E-017
   1.7800000000100014       -1.3877787807814457E-017
   1.7900000000100014       -1.3877787807814457E-017
   1.8000000000100014       -1.3877787807814457E-017
   1.8100000000100014       -1.3877787807814457E-017
   1.8200000000100014       -1.3877787807814457E-017
   1.8300000000100014       -1.3877787807814457E-017
   1.8400000000100014       -1.3877787807814457E-017
   1.8500000000100014       -1.3877787807814457E-017
   1.8600000000100014       -1.3877787807814457E-017
   1.8700000000100014       -1.3877787807814457E-017
   1.8800000000100014       -1.3877787807814457E-017
   1.8900000000100015       -1.3877787807814457E-017
   1.9000000000100015       -1.3877787807814457E-017
   1.9100000000100015       -1.3877787807814457E-017
   1.9200000000100015       -1.3877787807814457E-017
   1.9300000000100015       -1.3877787807814457E-017
   1.9400000000100015       -1.3877787807814457E-017
   1.9500000000100015       -1.3877787807814457E-017
   1.9600000000100015       -1.3877787807814457E-017
   1.9700000000100015       -1.3877787807814457E-017
   1.9800000000100015       -1.3877787807814457E-017
   1.9900000000100015       -1.3877787807814457E-017
   2.0000000000100013       -1.3877787807814457E-017
   2.0100000000100011       -1.3877787807814457E-017
   2.0200000000100009       -1.3877787807814457E-017
   2.0300000000100007       -1.3877787807814457E-017
   2.0400000000100005       -1.3877787807814457E-017
   2.0500000000100003       -1.3877787807814457E-017
   2.0600000000100001       -1.3877787807814457E-017
   2.0700000000099998       -1.3877787807814457E-017
   2.0800000000099996       -1.3877787807814457E-017
   2.0900000000099994       -1.3877787807814457E-017
   2.1000000000099992       -1.3877787807814457E-017
   2.1100000000099990       -1.3877787807814457E-017
   2.1200000000099988       -1.3877787807814457E-017
   2.1300000000099986       -1.3877787807814457E-017
   2.1400000000099983       -1.3877787807814457E-017
   2.1500000000099981       -1.3877787807814457E-017
   2.1600000000099979       -1.3877787807814457E-017
   2.1700000000099977       -1.3877787807814457E-017
   2.1800000000099975       -1.3877787807814457E-017
   2.1900000000099973       -1.3877787807814457E-017
   2.2000000000099971       -1.3877787807814457E-017
   2.2100000000099969       -1.3877787807814457E-017
   2.2200000000099966       -1.3877787807814457E-017
   2.2300000000099964       -1.3877787807814457E-017
   2.2400000000099962       -1.3877787807814457E-017
   2.2500000000099960       -1.3877787807814457E-017
   2.2600000000099958       -1.3877787807814457E-017
   2.2700000000099956       -1.3877787807814457E-017
   2.2800000000099954       -1.3877787807814457E-017
   2.2900000000099952       -1.3877787807814457E-017
   2.3000000000099949       -1.3877787807814457E-017
   2.3100000000099947       -1.3877787807814457E-017
   2.3200000000099945       -1.3877787807814457E-017
   2.3300000000099943       -1.3877787807814457E-017
   2.3400000000099941       -1.3877787807814457E-017
   2.3500000000099939       -1.3877787807814457E-017
   2.3600000000099937       -1.3877787807814457E-017
   2.3700000000099934       -1.3877787807814457E-017
   2.3800000000099932       -1.3877787807814457E-017
   2.3900000000099930       -1.3877787807814457E-017
   2.4000000000099928       -1.3877787807814457E-017
   2.4100000000099926       -1.3877787807814457E-017
   2.4200000000099924       -1.3877787807814457E-017
   2.4300000000099922       -1.3877787807814457E-017
   2.4400000000099920       -1.3877787807814457E-017
   2.4500000000099917       -1.3877787807814457E-017
   2.4600000000099915       -1.3877787807814457E-017
   2.4700000000099913       -1.3877787807814457E-017
   2.4800000000099911       -1.3877787807814457E-017
   2.4900000000099909       -1.3877787807814457E-017
   2.5000000000099907       -1.3877787807814457E-017
   2.5100000000099905       -1.3877787807814457E-017
   2.5200000000099902       -1.3877787807814457E-017
   2.5300000000099900       -1.3877787807814457E-017
   2.5400000000099898       -1.3877787807814457E-017
   2.5500000000099896       -1.3877787807814457E-017
   2.5600000000099894       -1.3877787807814457E-017
   2.5700000000099892       -1.3877787807814457E-017
   2.5800000000099890       -1.3877787807814457E-017
   2.5900000000099888       -1.3877787807814457E-017
   2.6000000000099885       -1.3877787807814457E-017
   2.6100000000099883       -1.3877787807814457E-017
   2.6200000000099881       -1.3877787807814457E-017
   2.6300000000099879       -1.3877787807814457E-017
   2.6400000000099877       -1.3877787807814457E-017
   2.6500000000099875       -1.3877787807814457E-017
   2.6600000000099873       -1.3877787807814457E-017
   2.6700000000099871       -1.3877787807814457E-017
   2.6800000000099868       -1.3877787807814457E-017
   2.6900000000099866       -1.3877787807814457E-017
   2.7000000000099864       -1.3877787807814457E-017
   2.7100000000099862       -1.3877787807814457E-017
   2.7200000000099860       -1.3877787807814457E-017
   2.7300000000099858       -1.3877787807814457E-017
   2.7400000000099856       -1.3877787807814457E-017
   2.7500000000099853       -1.3877787807814457E-017
   2.7600000000099851       -1.3877787807814457E-017
   2.7700000000099849       -1.3877787807814457E-017
   2.7800000000099847       -1.3877787807814457E-017
   2.7900000000099845       -1.3877787807814457E-017
   2.8000000000099843       -1.3877787807814457E-017
   2.8100000000099841       -1.3877787807814457E-017
   2.8200000000099839       -1.3877787807814457E-017
   2.8300000000099836       -1.3877787807814457E-017
   2.8400000000099834       -1.3877787807814457E-017
   2.8500000000099832       -1.3877787807814457E-017
   2.8600000000099830       -1.3877787807814457E-017
   2.8700000000099828       -1.3877787807814457E-017
   2.8800000000099826       -1.3877787807814457E-017
   2.8900000000099824       -1.3877787807814457E-017
   2.9000000000099821       -1.3877787807814457E-017
   2.9100000000099819       -1.3877787807814457E-017
   2.9200000000099817       -1.3877787807814457E-017
   2.9300000000099815       -1.3877787807814457E-017
   2.9400000000099813       -1.3877787807814457E-017
   2.9500000000099811       -1.3877787807814457E-017
   2.9600000000099809       -1.3877787807814457E-017
   2.9700000000099807       -1.3877787807814457E-017
   2.9800000000099804       -1.3877787807814457E-017
   2.9900000000099802       -1.3877787807814457E-017
   3.0000000000099800       -1.3877787807814457E-017
   3.0100000000099798       -1.3877787807814457E-017
   3.0200000000099796       -1.3877787807814457E-017
   3.0300000000099794       -1.3877787807814457E-017
   3.0400000000099792       -1.3877787807814457E-017
   3.0500000000099790       -1.3877787807814457E-017
   3.0600000000099787       -1.3877787807814457E-017
   3.0700000000099785       -1.3877787807814457E-017
   3.0800000000099783       -1.3877787807814457E-017
   3.0900000000099781       -1.3877787807814457E-017
   3.1000000000099779       -1.3877787807814457E-017
   3.1100000000099777       -1.3877787807814457E-017
   3.1200000000099775       -1.3877787807814457E-017
   3.1300000000099772       -1.3877787807814457E-017
   3.1400000000099770       -1.3877787807814457E-017
   3.1500000000099768       -1.3877787807814457E-017
   3.1600000000099766       -1.3877787807814457E-017
   3.1700000000099764       -1.3877787807814457E-017
   3.1800000000099762       -1.3877787807814457E-017
   3.1900000000099760       -1.3877787807814457E-017
   3.2000000000099758       -1.3877787807814457E-017
   3.2100000000099755       -1.3877787807814457E-017
   3.2200000000099753       -1.3877787807814457E-017
   3.2300000000099751       -1.3877787807814457E-017
   3.2400000000099749       -1.3877787807814457E-017
   3.2500000000099747       -1.3877787807814457E-017
   3.2600000000099745       -1.3877787807814457E-017
   3.2700000000099743       -1.3877787807814457E-017
   3.2800000000099740       -1.3877787807814457E-017
   3.2900000000099738       -1.3877787807814457E-017
   3.3000000000099736       -1.3877787807814457E-017
   3.3100000000099734       -1.3877787807814457E-017
   3.3200000000099732       -1.3877787807814457E-017
   3.3300000000099730       -1.3877787807814457E-017
   3.3400000000099728       -1.3877787807814457E-017
   3.3500000000099726       -1.3877787807814457E-017
   3.3600000000099723       -1.3877787807814457E-017
   3.3700000000099721       -1.3877787807814457E-017
   3.3800000000099719       -1.3877787807814457E-017
   3.3900000000099717       -1.3877787807814457E-017
   3.4000000000099715       -1.3877787807814457E-017
   3.4100000000099713       -1.3877787807814457E-017
   3.4200000000099711       -1.3877787807814457E-017
   3.4300000000099709       -1.3877787807814457E-017
   3.4400000000099706       -1.3877787807814457E-017
   3.4500000000099704       -1.3877787807814457E-017
   3.4600000000099702       -1.3877787807814457E-017
   3.4700000000099700       -1.3877787807814457E-017
   3.4800000000099698       -1.3877787807814457E-017
   3.4900000000099696       -1.3877787807814457E-017
   3.5000000000099694       -1.3877787807814457E-017
   3.5100000000099691       -1.3877787807814457E-017
   3.5200000000099689       -1.3877787807814457E-017
   3.5300000000099687       -1.3877787807814457E-017
   3.5400000000099685       -1.3877787807814457E-017
   3.5500000000099683       -1.3877787807814457E-017
   3.5600000000099681       -1.3877787807814457E-017
   3.5700000000099679       -1.3877787807814457E-017
   3.5800000000099677       -1.3877787807814457E-017
   3.5900000000099674       -1.3877787807814457E-017
   3.6000000000099672       -1.3877787807814457E-017
   3.6100000000099670       -1.3877787807814457E-017
   3.6200000000099668       -1.3877787807814457E-017
   3.6300000000099666       -1.3877787807814457E-017
   3.6400000000099664       -1.3877787807814457E-017
   3.6500000000099662       -1.3877787807814457E-017
   3.6600000000099659       -1.3877787807814457E-017
   3.6700000000099657       -1.3877787807814457E-017
   3.6800000000099655       -1.3877787807814457E-017
   3.6900000000099653       -1.3877787807814457E-017
   3.7000000000099651       -1.3877787807814457E-017
   3.7100000000099649       -1.3877787807814457E-017
   3.7200000000099647       -1.3877787807814457E-017
   3.7300000000099645       -1.3877787807814457E-017
   3.7400000000099642       -1.3877787807814457E-017
   3.7500000000099640       -1.3877787807814457E-017
   3.7600000000099638       -1.3877787807814457E-017
   3.7700000000099636       -1.3877787807814457E-017
   3.7800000000099634       -1.3877787807814457E-017
   3.7900000000099632       -1.3877787807814457E-017
   3.8000000000099630       -1.3877787807814457E-017
   3.8100000000099628       -1.3877787807814457E-017
   3.8200000000099625       -1.3877787807814457E-017
   3.8300000000099623       -1.3877787807814457E-017
   3.8400000000099621       -1.3877787807814457E-017
   3.8500000000099619       -1.3877787807814457E-017
   3.8600000000099617       -1.3877787807814457E-017
   3.8700000000099615       -1.3877787807814457E-017
   3.8800000000099613       -1.3877787807814457E-017
   3.8900000000099610       -1.3877787807814457E-017
   3.9000000000099608       -1.3877787807814457E-017
   3.9100000000099606       -1.3877787807814457E-017
   3.9200000000099604       -1.3877787807814457E-017
   3.9300000000099602       -1.3877787807814457E-017
   3.9400000000099600       -1.3877787807814457E-017
   3.9500000000099598       -1.3877787807814457E-017
   3.9600000000099596       -1.3877787807814457E-017
   3.9700000000099593       -1.3877787807814457E-017
   3.9800000000099591       -1.3877787807814457E-017
   3.9900000000099589       -1.3877787807814457E-017
   4.0000000000099591       -1.3877787807814457E-017
   4.0100000000099589       -1.3877787807814457E-017
   4.0200000000099587       -1.3877787807814457E-017
   4.0300000000099585       -1.3877787807814457E-017
   4.0400000000099583       -1.3877787807814457E-017
   4.0500000000099581       -1.3877787807814457E-017
   4.0600000000099579       -1.3877787807814457E-017
   4.0700000000099577       -1.3877787807814457E-017
   4.0800000000099574       -1.3877787807814457E-017
   4.0900000000099572       -1.3877787807814457E-017
   4.1000000000099570       -1.3877787807814457E-017
   4.1100000000099568       -1.3877787807814457E-017
   4.1200000000099566       -1.3877787807814457E-017
   4.1300000000099564       -1.3877787807814457E-017
   4.1400000000099562       -1.3877787807814457E-017
   4.1500000000099559       -1.3877787807814457E-017
   4.1600000000099557       -1.3877787807814457E-017
   4.1700000000099555       -1.3877787807814457E-017
   4.1800000000099553       -1.3877787807814457E-017
   4.1900000000099551       -1.3877787807814457E-017
   4.2000000000099549       -1.3877787807814457E-017
   4.2100000000099547       -1.3877787807814457E-017
   4.2200000000099545       -1.3877787807814457E-017
   4.2300000000099542       -1.3877787807814457E-017
   4.2400000000099540       -1.3877787807814457E-017
   4.2500000000099538       -1.3877787807814457E-017
   4.2600000000099536       -1.3877787807814457E-017
   4.2700000000099534       -1.3877787807814457E-017
   4.2800000000099532       -1.3877787807814457E-017
   4.2900000000099530       -1.3877787807814457E-017
   4.3000000000099527       -1.3877787807814457E-017
   4.3100000000099525       -1.3877787807814457E-017
   4.3200000000099523       -1.3877787807814457E-017
   4.3300000000099521       -1.3877787807814457E-017
   4.3400000000099519       -1.3877787807814457E-017
   4.3500000000099517       -1.3877787807814457E-017
   4.3600000000099515       -1.3877787807814457E-017
   4.3700000000099513       -1.3877787807814457E-017
   4.3800000000099510       -1.3877787807814457E-017
   4.3900000000099508       -1.3877787807814457E-017
   4.4000000000099506       -1.3877787807814457E-017
   4.4100000000099504       -1.3877787807814457E-017
   4.4200000000099502       -1.3877787807814457E-017
   4.4300000000099500       -1.3877787807814457E-017
   4.4400000000099498       -1.3877787807814457E-017
   4.4500000000099496       -1.3877787807814457E-017
   4.4600000000099493       -1.3877787807814457E-017
   4.4700000000099491       -1.3877787807814457E-017
   4.4800000000099489       -1.3877787807814457E-017
   4.4900000000099487       -1.3877787807814457E-017
   4.5000000000099485       -1.3877787807814457E-017
   4.5100000000099483       -1.3877787807814457E-017
   4.5200000000099481       -1.3877787807814457E-017
   4.5300000000099478       -1.3877787807814457E-017
   4.5400000000099476       -1.3877787807814457E-017
   4.5500000000099474       -1.3877787807814457E-017
   4.5600000000099472       -1.3877787807814457E-017
   4.5700000000099470       -1.3877787807814457E-017
   4.5800000000099468       -1.3877787807814457E-017
   4.5900000000099466       -1.3877787807814457E-017
   4.6000000000099464       -1.3877787807814457E-017
   4.6100000000099461       -1.3877787807814457E-017
   4.6200000000099459       -1.3877787807814457E-017
   4.6300000000099457       -1.3877787807814457E-017
   4.6400000000099455       -1.3877787807814457E-017
   4.6500000000099453       -1.3877787807814457E-017
   4.6600000000099451       -1.3877787807814457E-017
   4.6700000000099449       -1.3877787807814457E-017
   4.6800000000099446       -1.3877787807814457E-017
   4.6900000000099444       -1.3877787807814457E-017
   4.7000000000099442       -1.3877787807814457E-017
   4.7100000000099440       -1.3877787807814457E-017
   4.7200000000099438       -1.3877787807814457E-017
   4.7300000000099436       -1.3877787807814457E-017
   4.7400000000099434       -1.3877787807814457E-017
   4.7500000000099432       -1.3877787807814457E-017
   4.7600000000099429       -1.3877787807814457E-017
   4.7700000000099427       -1.3877787807814457E-017
   4.7800000000099425       -1.3877787807814457E-017
   4.7900000000099423       -1.3877787807814457E-017
   4.8000000000099421       -1.3877787807814457E-017
   4.8100000000099419       -1.3877787807814457E-017
   4.8200000000099417       -1.3877787807814457E-017
   4.8300000000099415       -1.3877787807814457E-017
   4.8400000000099412       -1.3877787807814457E-017
   4.8500000000099410       -1.3877787807814457E-017
   4.8600000000099408       -1.3877787807814457E-017
   4.8700000000099406       -1.3877787807814457E-017
   4.8800000000099404       -1.3877787807814457E-017
   4.8900000000099402       -1.3877787807814457E-017
   4.9000000000099400       -1.3877787807814457E-017
   4.9100000000099397       -1.3877787807814457E-017
   4.9200000000099395       -1.3877787807814457E-017
   4.9300000000099393       -1.3877787807814457E-017
   4.9400000000099391       -1.3877787807814457E-017
   4.9500000000099389       -1.3877787807814457E-017
   4.9600000000099387       -1.3877787807814457E-017
   4.9700000000099385       -1.3877787807814457E-017
   4.9800000000099383       -1.3877787807814457E-017
   4.9900000000099380       -1.3877787807814457E-017
