   9.9999999999999994E-012  0.98954729782496509     
   1.0000000010000001E-002  0.98865906977755558     
   2.0000000010000001E-002  0.98577029388061455     
   3.0000000010000000E-002  0.98089835778796597     
   4.0000000010000002E-002  0.97407193900472333     
   5.0000000010000004E-002  0.96533019997134528     
   6.0000000010000006E-002  0.95472178918089801     
   7.0000000010000007E-002  0.94230367888724520     
   8.0000000010000002E-002  0.92813991015273412     
   9.0000000009999997E-002  0.91230030873011159     
  0.10000000000999999       0.89485923176748927     
  0.11000000000999999       0.87589439132105906     
  0.12000000000999998       0.85548578671253406     
  0.13000000000999998       0.83371475924096627     
  0.14000000000999999       0.81066318064878307     
  0.15000000001000000       0.78641278439636952     
  0.16000000001000000       0.76104460603840385     
  0.17000000001000001       0.73463854712813481     
  0.18000000001000002       0.70727303699487132     
  0.19000000001000003       0.67902477783355508     
  0.20000000001000004       0.64996856294992877     
  0.21000000001000005       0.62017715213551428     
  0.22000000001000006       0.58972119471884110     
  0.23000000001000007       0.55866918887224826     
  0.24000000001000008       0.52708746918150484     
  0.25000000001000006       0.49504021549980859     
  0.26000000001000007       0.46258947742392786     
  0.27000000001000007       0.42979520984218966     
  0.28000000001000008       0.39671531604486765     
  0.29000000001000009       0.36340569560642799     
  0.30000000001000010       0.32992029496370379     
  0.31000000001000011       0.29631115912954242     
  0.32000000001000012       0.26262848340127465     
  0.33000000001000013       0.22892066425459981     
  0.34000000001000014       0.19523434886820221     
  0.35000000001000015       0.16161448291923824     
  0.36000000001000015       0.12810435643636559     
  0.37000000001000016        9.4745647605391295E-002
  0.38000000001000017        6.1578464499045263E-002
  0.39000000001000018        2.8641384761316044E-002
  0.40000000001000019       -4.0285066876064209E-003
  0.41000000001000020       -3.6395581836169769E-002
  0.42000000001000021       -6.8425635602931453E-002
  0.43000000001000022      -0.10008585674983030     
  0.44000000001000023      -0.13134479678721156     
  0.45000000001000023      -0.16217232852441207     
  0.46000000001000024      -0.19253962844154293     
  0.47000000001000025      -0.22241914949929895     
  0.48000000001000026      -0.25178459441461953     
  0.49000000001000027      -0.28061089103530357     
  0.50000000001000022      -0.30887416859757066     
  0.51000000001000023      -0.33655173488946838     
  0.52000000001000024      -0.36362205415895665     
  0.53000000001000025      -0.39006472580196838     
  0.54000000001000026      -0.41586046366883184     
  0.55000000001000027      -0.44099107600849780     
  0.56000000001000028      -0.46543944594968084     
  0.57000000001000029      -0.48918951234841856     
  0.58000000001000029      -0.51222625146129364     
  0.59000000001000030      -0.53453565862349628     
  0.60000000001000031      -0.55610473052361953     
  0.61000000001000032      -0.57692144777556609     
  0.62000000001000033      -0.59697475780020537     
  0.63000000001000034      -0.61625455798645590     
  0.64000000001000035      -0.63475167913071950     
  0.65000000001000036      -0.65245786899057534     
  0.66000000001000036      -0.66936577617972171     
  0.67000000001000037      -0.68546893423342670     
  0.68000000001000038      -0.70076174569704908     
  0.69000000001000039      -0.71523946634552393     
  0.70000000001000040      -0.72889819006599121     
  0.71000000001000041      -0.74173483268943297     
  0.72000000001000042      -0.75374711706248854     
  0.73000000001000043      -0.76493355760869919     
  0.74000000001000044      -0.77529344506141828     
  0.75000000001000044      -0.78482683124103403     
  0.76000000001000045      -0.79353451386248974     
  0.77000000001000046      -0.80141802136429574     
  0.78000000001000047      -0.80847885885285919     
  0.79000000001000048      -0.81471949647661179     
  0.80000000001000049      -0.82014461169371122     
  0.81000000001000050      -0.82475866245062524     
  0.82000000001000051      -0.82856660917323255     
  0.83000000001000052      -0.83157405178559229     
  0.84000000001000052      -0.83378721446259940     
  0.85000000001000053      -0.83521293034081912     
  0.86000000001000054      -0.83585862619623352     
  0.87000000001000055      -0.83573230708267132     
  0.88000000001000056      -0.83484254092871857     
  0.89000000001000057      -0.83319844309161706     
  0.90000000001000058      -0.83080966086724106     
  0.91000000001000059      -0.82768635795580225     
  0.92000000001000060      -0.82383919888347290     
  0.93000000001000060      -0.81927933338063497     
  0.94000000001000061      -0.81401838071797228     
  0.95000000001000062      -0.80806841400208818     
  0.96000000001000063      -0.80144194443277383     
  0.97000000001000064      -0.79415190552446846     
  0.98000000001000065      -0.78621163729425081     
  0.99000000001000066      -0.77763487041976265     
   1.0000000000100007      -0.76843571037981073     
   1.0100000000100007      -0.75862862155771793     
   1.0200000000100007      -0.74822841133948004     
   1.0300000000100007      -0.73725021419313896     
   1.0400000000100007      -0.72570947574571698     
   1.0500000000100007      -0.71362193685467101     
   1.0600000000100007      -0.70100361761793673     
   1.0700000000100007      -0.68787080127314559     
   1.0800000000100007      -0.67424001925530963     
   1.0900000000100007      -0.66012803423697031     
   1.1000000000100008      -0.64555182464060101     
   1.1100000000100008      -0.63052856883650066     
   1.1200000000100008      -0.61507562936933546     
   1.1300000000100008      -0.59921053723345119     
   1.1400000000100008      -0.58295097620415715     
   1.1500000000100008      -0.56631476723232443     
   1.1600000000100008      -0.54931985290977114     
   1.1700000000100008      -0.53198428201301451     
   1.1800000000100008      -0.51432619413308056     
   1.1900000000100008      -0.49636380439914191     
   1.2000000000100008      -0.47811538830383910     
   1.2100000000100009      -0.45959926663819711     
   1.2200000000100009      -0.44083379054410626     
   1.2300000000100009      -0.42183732669237550     
   1.2400000000100009      -0.40262824259439051     
   1.2500000000100009      -0.38322489205542953     
   1.2600000000100009      -0.36364560077769009     
   1.2700000000100009      -0.34390865212107347     
   1.2800000000100009      -0.32403227302975290     
   1.2900000000100009      -0.30403462013252258     
   1.3000000000100009      -0.28393376602487835     
   1.3100000000100009      -0.26374768574072915     
   1.3200000000100010      -0.24349424342157164     
   1.3300000000100010      -0.22319117919088402     
   1.3400000000100010      -0.20285609624140602     
   1.3500000000100010      -0.18250644814287462     
   1.3600000000100010      -0.16215952637767428     
   1.3700000000100010      -0.14183244811173998     
   1.3800000000100010      -0.12154214420792103     
   1.3900000000100010      -0.10130534748887178     
   1.4000000000100010       -8.1138581256384318E-002
   1.4100000000100010       -6.1058146978664581E-002
   1.4200000000100010       -4.1080108875672761E-002
   1.4300000000100010       -2.1220309424123032E-002
   1.4400000000100011       -1.4943254656857811E-003
   1.4500000000100011        1.8082530212442372E-002
   1.4600000000100011        3.7495217485352832E-002
   1.4700000000100011        5.6728978396815122E-002
   1.4800000000100011        7.5769346360496481E-002
   1.4900000000100011        9.4602155050877101E-002
   1.5000000000100011       0.11321354697896700     
   1.5100000000100011       0.13158998174817696     
   1.5200000000100011       0.14971824398594938     
   1.5300000000100011       0.16758545094701541     
   1.5400000000100011       0.18517905978440991     
   1.5500000000100012       0.20248687448465019     
   1.5600000000100012       0.21949705246375797     
   1.5700000000100012       0.23619811082109129     
   1.5800000000100012       0.25257893224823585     
   1.5900000000100012       0.26862877059050028     
   1.6000000000100012       0.28433725605885241     
   1.6100000000100012       0.29969440009043397     
   1.6200000000100012       0.31469059985609238     
   1.6300000000100012       0.32931664241367359     
   1.6400000000100012       0.34356370850612383     
   1.6500000000100012       0.35742337600376084     
   1.6600000000100013       0.37088762299038164     
   1.6700000000100013       0.38394883049318462     
   1.6800000000100013       0.39659978485679986     
   1.6900000000100013       0.40883367976202389     
   1.7000000000100013       0.42064411789017708     
   1.7100000000100013       0.43202511223430262     
   1.7200000000100013       0.44297108705874155     
   1.7300000000100013       0.45347687850892238     
   1.7400000000100013       0.46353773487351285     
   1.7500000000100013       0.47314931650137793     
   1.7600000000100013       0.48230769537610096     
   1.7700000000100014       0.49100935435110482     
   1.7800000000100014       0.49925118604872010     
   1.7900000000100014       0.50703049142682710     
   1.8000000000100014       0.51434497801698698     
   1.8100000000100014       0.52119275783825436     
   1.8200000000100014       0.52757234499114602     
   1.8300000000100014       0.53348265293650377     
   1.8400000000100014       0.53892299146425626     
   1.8500000000100014       0.54389306335734100     
   1.8600000000100014       0.54839296075630062     
   1.8700000000100014       0.55242316123031232     
   1.8800000000100014       0.55598452356064498     
   1.8900000000100015       0.55907828324276942     
   1.9000000000100015       0.56170604771357102     
   1.9100000000100015       0.56386979131032611     
   1.9200000000100015       0.56557184996830978     
   1.9300000000100015       0.56681491566410414     
   1.9400000000100015       0.56760203061185732     
   1.9500000000100015       0.56793658121993207     
   1.9600000000100015       0.56782229181554855     
   1.9700000000100015       0.56726321814518743     
   1.9800000000100015       0.56626374065867358     
   1.9900000000100015       0.56482855758500428     
   2.0000000000100013       0.56296267780811227     
   2.0100000000100011       0.56067141355088645     
   2.0200000000100009       0.55796037287587075     
   2.0300000000100007       0.55483545201120099     
   2.0400000000100005       0.55130273853152933     
   2.0500000000100003       0.54736863864039431     
   2.0600000000100001       0.54304000472678648     
   2.0700000000099998       0.53832380298225246     
   2.0800000000099996       0.53322725022069806     
   2.0900000000099994       0.52775780218062451     
   2.1000000000099992       0.52192314487273839     
   2.1100000000099990       0.51573118582352884     
   2.1200000000099988       0.50919333224621355     
   2.1300000000099986       0.50231577494528079     
   2.1400000000099983       0.49510572971873851     
   2.1500000000099981       0.48757189399116108     
   2.1600000000099979       0.47972314202651106     
   2.1700000000099977       0.47156851573874453     
   2.1800000000099975       0.46311721546054696     
   2.1900000000099973       0.45437859067899100     
   2.2000000000099971       0.44536213074684017     
   2.2100000000099969       0.43607745557814759     
   2.2200000000099966       0.42653430633671097     
   2.2300000000099964       0.41674253612585405     
   2.2400000000099962       0.40671210068790031     
   2.2500000000099960       0.39645304912159673     
   2.2600000000099958       0.38597551462562424     
   2.2700000000099956       0.37528970527620781     
   2.2800000000099954       0.36440589484670410     
   2.2900000000099952       0.35333441367690521     
   2.3000000000099949       0.34208563959965171     
   2.3100000000099947       0.33066998893217736     
   2.3200000000099945       0.31909790753947986     
   2.3300000000099943       0.30737986197682576     
   2.3400000000099941       0.29552633071831014     
   2.3500000000099939       0.28354779547824466     
   2.3600000000099937       0.27145473263194814     
   2.3700000000099934       0.25925760474233034     
   2.3800000000099932       0.24696685219846681     
   2.3900000000099930       0.23459288497216757     
   2.4000000000099928       0.22214607449834384     
   2.4100000000099926       0.20963674568477250     
   2.4200000000099924       0.19707516905665279     
   2.4300000000099922       0.18447155304114082     
   2.4400000000099920       0.17183603639683639     
   2.4500000000099917       0.15917868079298284     
   2.4600000000099915       0.14650946354292563     
   2.4700000000099913       0.13383827049615887     
   2.4800000000099911       0.12117488909307092     
   2.4900000000099909       0.10852900158628113     
   2.5000000000099907        9.5910178432241866E-002
   2.5100000000099905        8.3327871856558433E-002
   2.5200000000099902        7.0791409596261942E-002
   2.5300000000099900        5.8309988822049699E-002
   2.5400000000099898        4.5892670243290037E-002
   2.5500000000099896        3.3548372398370108E-002
   2.5600000000099894        2.1285866132749572E-002
   2.5700000000099892        9.1137692668670778E-003
   2.5800000000099890       -2.9594585441659760E-003
   2.5900000000099888       -1.4925520757362226E-002
   2.6000000000099885       -2.6776288693632241E-002
   2.6100000000099883       -3.8503806093229183E-002
   2.6200000000099881       -5.0100293473762533E-002
   2.6300000000099879       -6.1558152289880125E-002
   2.6400000000099877       -7.2869968893916989E-002
   2.6500000000099875       -8.4028518297004182E-002
   2.6600000000099873       -9.5026767730323383E-002
   2.6700000000099871      -0.10585788000638115     
   2.6800000000099868      -0.11651521667856238     
   2.6900000000099866      -0.12699234099815779     
   2.7000000000099864      -0.13728302069972900     
   2.7100000000099862      -0.14738123054011051     
   2.7200000000099860      -0.15728115467243520     
   2.7300000000099858      -0.16697718881495263     
   2.7400000000099856      -0.17646394222393563     
   2.7500000000099853      -0.18573623947191245     
   2.7600000000099851      -0.19478912203261453     
   2.7700000000099849      -0.20361784967417382     
   2.7800000000099847      -0.21221790166224716     
   2.7900000000099845      -0.22058497777488092     
   2.8000000000099843      -0.22871499913106039     
   2.8100000000099841      -0.23660410883501812     
   2.8200000000099839      -0.24424867243849446     
   2.8300000000099836      -0.25164527822326332     
   2.8400000000099834      -0.25879073730634755     
   2.8500000000099832      -0.26568208357045758     
   2.8600000000099830      -0.27231657342228671     
   2.8700000000099828      -0.27869168538139888     
   2.8800000000099826      -0.28480511950253379     
   2.8900000000099824      -0.29065479663424587     
   2.9000000000099821      -0.29623885751687445     
   2.9100000000099819      -0.30155566172292503     
   2.9200000000099817      -0.30660378644301228     
   2.9300000000099815      -0.31138692912818233     
   2.9400000000099813      -0.31590427551229455     
   2.9500000000099811      -0.32015016489627635     
   2.9600000000099809      -0.32412400414560089     
   2.9700000000099807      -0.32782624801209476     
   2.9800000000099804      -0.33126430423183834     
   2.9900000000099802      -0.33443074279522533     
   3.0000000000099800      -0.33732494038041394     
   3.0100000000099798      -0.33994730590055144     
   3.0200000000099796      -0.34229844666278864     
   3.0300000000099794      -0.34437916572582544     
   3.0400000000099792      -0.34619045914354862     
   3.0500000000099790      -0.34773351309846712     
   3.0600000000099787      -0.34900970092867084     
   3.0700000000099785      -0.35002058005205278     
   3.0800000000099783      -0.35076788879154630     
   3.0900000000099781      -0.35125354310513934     
   3.1000000000099779      -0.35147963322443110     
   3.1100000000099777      -0.35144842020550066     
   3.1200000000099775      -0.35116233239585587     
   3.1300000000099772      -0.35062396182122707     
   3.1400000000099770      -0.34983606049596605     
   3.1500000000099768      -0.34880153666079955     
   3.1600000000099766      -0.34752345095167592     
   3.1700000000099764      -0.34600501250343269     
   3.1800000000099762      -0.34424957499199116     
   3.1900000000099760      -0.34226063292324299     
   3.2000000000099758      -0.34004181966226982     
   3.2100000000099755      -0.33759689542518356     
   3.2200000000099753      -0.33492975106298511     
   3.2300000000099751      -0.33204440168977212     
   3.2400000000099749      -0.32894498212835233     
   3.2500000000099747      -0.32563574262419048     
   3.2600000000099745      -0.32212104452672263     
   3.2700000000099743      -0.31840535594150948     
   3.2800000000099740      -0.31449324735666595     
   3.2900000000099738      -0.31038938724696835     
   3.3000000000099736      -0.30609853765899930     
   3.3100000000099734      -0.30162554978065764     
   3.3200000000099732      -0.29697535949831261     
   3.3300000000099730      -0.29215298294484532     
   3.3400000000099728      -0.28716351204177565     
   3.3500000000099726      -0.28201211003862880     
   3.3600000000099723      -0.27670400705265125     
   3.3700000000099721      -0.27124449561193953     
   3.3800000000099719      -0.26563892620499907     
   3.3900000000099717      -0.25989270283970173     
   3.4000000000099715      -0.25401127861456357     
   3.4100000000099713      -0.24800015130521338     
   3.4200000000099711      -0.24186485896887427     
   3.4300000000099709      -0.23561178115255038     
   3.4400000000099706      -0.22924582900960555     
   3.4500000000099704      -0.22277246898945183     
   3.4600000000099702      -0.21619735610795079     
   3.4700000000099700      -0.20952616414200401     
   3.4800000000099698      -0.20276458139756368     
   3.4900000000099696      -0.19591830651387435     
   3.5000000000099694      -0.18899304430634625     
   3.5100000000099691      -0.18199450165040826     
   3.5200000000099689      -0.17492838340863087     
   3.5300000000099687      -0.16780038840335521     
   3.5400000000099685      -0.16061620543700722     
   3.5500000000099683      -0.15338150936222120     
   3.5600000000099681      -0.14610195720383759     
   3.5700000000099679      -0.13878318433478601     
   3.5800000000099677      -0.13143080070780416     
   3.5900000000099674      -0.12405038714488811     
   3.6000000000099672      -0.11664749168631044     
   3.6100000000099670      -0.10922762600098455     
   3.6200000000099668      -0.10179626185989557     
   3.6300000000099666       -9.4358827674260445E-002
   3.6400000000099664       -8.6920705100020021E-002
   3.6500000000099662       -7.9487225710207596E-002
   3.6600000000099659       -7.2063667736679937E-002
   3.6700000000099657       -6.4655252882637418E-002
   3.6800000000099655       -5.7267143207300149E-002
   3.6900000000099653       -4.9904438084049048E-002
   3.7000000000099651       -4.2572171233280054E-002
   3.7100000000099649       -3.5275307831161354E-002
   3.7200000000099647       -2.8018741695423129E-002
   3.7300000000099645       -2.0807292549250969E-002
   3.7400000000099642       -1.3645703364292985E-002
   3.7500000000099640       -6.5386377837330280E-003
   3.7600000000099638        5.0932237367879059E-004
   3.7700000000099636        7.4936795278053650E-003
   3.7800000000099634        1.4410022668738812E-002
   3.7900000000099632        2.1254029605139765E-002
   3.8000000000099630        2.8021469128645317E-002
   3.8100000000099628        3.4708203093750438E-002
   3.8200000000099625        4.1310188412626195E-002
   3.8300000000099623        4.7823457504448226E-002
   3.8400000000099621        5.4244056835370820E-002
   3.8500000000099619        6.0568332779202705E-002
   3.8600000000099617        6.6792596220475550E-002
   3.8700000000099615        7.2913294974766660E-002
   3.8800000000099613        7.8927036695211145E-002
   3.8900000000099610        8.4830494133752848E-002
   3.9000000000099608        9.0620447982277391E-002
   3.9100000000099606        9.6293839756228655E-002
   3.9200000000099604       0.10184789545057431     
   3.9300000000099602       0.10727948135390084     
   3.9400000000099600       0.11258581968928977     
   3.9500000000099598       0.11776424579290953     
   3.9600000000099596       0.12281220889360904     
   3.9700000000099593       0.12772727280633517     
   3.9800000000099591       0.13250711653974592     
   3.9900000000099589       0.13714953481844450     
   4.0000000000099591       0.14165243852031195     
   4.0100000000099589       0.14601385502946795     
   4.0200000000099587       0.15023192850544012     
   4.0300000000099585       0.15430492006917462     
   4.0400000000099583       0.15823136379857736     
   4.0500000000099581       0.16201119512172493     
   4.0600000000099579       0.16564165658010743     
   4.0700000000099577       0.16912131569095359     
   4.0800000000099574       0.17244901255073733     
   4.0900000000099572       0.17562370365258306     
   4.1000000000099570       0.17864446151845914     
   4.1100000000099568       0.18151047425485548     
   4.1200000000099566       0.18422104503299280     
   4.1300000000099564       0.18677559149465170     
   4.1400000000099562       0.18917364508475354     
   4.1500000000099559       0.19141485031186328     
   4.1600000000099557       0.19349896393782537     
   4.1700000000099555       0.19542585409778021     
   4.1800000000099553       0.19719549935184835     
   4.1900000000099551       0.19880798766980251     
   4.2000000000099549       0.20026351535008485     
   4.2100000000099547       0.20156238587455913     
   4.2200000000099545       0.20270500870042013     
   4.2300000000099542       0.20369189799071394     
   4.2400000000099540       0.20452367128495275     
   4.2500000000099538       0.20520104811133588     
   4.2600000000099536       0.20572484854211681     
   4.2700000000099534       0.20609599169368148     
   4.2800000000099532       0.20631549417292769     
   4.2900000000099530       0.20638446847155975     
   4.3000000000099527       0.20630412130993295     
   4.3100000000099525       0.20607575193210440     
   4.3200000000099523       0.20570075035376514     
   4.3300000000099521       0.20518059556474644     
   4.3400000000099519       0.20451685368780972     
   4.3500000000099517       0.20371117609544448     
   4.3600000000099515       0.20276529748641187     
   4.3700000000099513       0.20168103392378331     
   4.3800000000099510       0.20046028083623577     
   4.3900000000099508       0.19910501098437244     
   4.4000000000099506       0.19761727239384652     
   4.4100000000099504       0.19599918625707199     
   4.4200000000099502       0.19425294480531011     
   4.4300000000099500       0.19238080915292316     
   4.4400000000099498       0.19038510711558998     
   4.4500000000099496       0.18826823100427775     
   4.4600000000099493       0.18603263539676340     
   4.4700000000099491       0.18368083488849635     
   4.4800000000099489       0.18121540182459039     
   4.4900000000099487       0.17863896401472704     
   4.5000000000099485       0.17595420243274665     
   4.5100000000099483       0.17316384890269595     
   4.5200000000099481       0.17027068377309065     
   4.5300000000099478       0.16727753358114220     
   4.5400000000099476       0.16418726870868577     
   4.5500000000099474       0.16100280103153281     
   4.5600000000099472       0.15772708156395790     
   4.5700000000099470       0.15436309810001392     
   4.5800000000099468       0.15091387285335245     
   4.5900000000099466       0.14738246009720857     
   4.6000000000099464       0.14377194380619010     
   4.6100000000099461       0.14008543530149076     
   4.6200000000099459       0.13632607090112595     
   4.6300000000099457       0.13249700957676658     
   4.6400000000099455       0.12860143061872367     
   4.6500000000099453       0.12464253131061168     
   4.6600000000099451       0.12062352461519277     
   4.6700000000099449       0.11654763687287854     
   4.6800000000099446       0.11241810551433742     
   4.6900000000099444       0.10823817678862956     
   4.7000000000099442       0.10401110350825957     
   4.7100000000099440        9.9740142812510701E-002
   4.7200000000099438        9.5428553950390793E-002
   4.7300000000099436        9.1079596084491302E-002
   4.7400000000099434        8.6696526117027703E-002
   4.7500000000099432        8.2282596539297509E-002
   4.7600000000099429        7.7841203246510865E-002
   4.7700000000099427        7.3375556881328935E-002
   4.7800000000099425        6.8888725202598547E-002
   4.7900000000099423        6.4383922296534252E-002
   4.8000000000099421        5.9864347524009723E-002
   4.8100000000099419        5.5333183533435040E-002
   4.8200000000099417        5.0793594304723216E-002
   4.8300000000099415        4.6248723225307167E-002
   4.8400000000099412        4.1701691199132453E-002
   4.8500000000099410        3.7155594789514870E-002
   4.8600000000099408        3.2613504396715592E-002
   4.8700000000099406        2.8078462471049531E-002
   4.8800000000099404        2.3553481762306636E-002
   4.8900000000099402        1.9041543606228492E-002
   4.9000000000099400        1.4545596248746287E-002
   4.9100000000099397        1.0068553208649546E-002
   4.9200000000099395        5.6132916793181480E-003
   4.9300000000099393        1.1826509701142272E-003
   4.9400000000099391       -3.2205690120063434E-003
   4.9500000000099389       -7.5936092401387451E-003
   4.9600000000099387       -1.1933753003842492E-002
   4.9700000000099385       -1.6238327303870662E-002
   4.9800000000099383       -2.0504704204798226E-002
   4.9900000000099380       -2.4730302145167273E-002
