   9.9999999999999994E-012 -0.10663428100410234     
   1.0000000010000001E-002 -0.10657110711055373     
   2.0000000010000001E-002 -0.10638165426609406     
   3.0000000010000000E-002 -0.10606612858865448     
   4.0000000010000002E-002 -0.10562487233167478     
   5.0000000010000004E-002 -0.10505836202785407     
   6.0000000010000006E-002 -0.10436720600169107     
   7.0000000010000007E-002 -0.10355214134833625     
   8.0000000010000002E-002 -0.10261403048678033     
   9.0000000009999997E-002 -0.10155385739761072     
  0.10000000000999999      -0.10037272365245266     
  0.11000000000999999       -9.9071844327504585E-002
  0.12000000000999998       -9.7652543878006981E-002
  0.13000000000999998       -9.6116252037183089E-002
  0.14000000000999999       -9.4464499785722689E-002
  0.15000000001000000       -9.2698915424263506E-002
  0.16000000001000000       -9.0821220766054922E-002
  0.17000000001000001       -8.8833227456904640E-002
  0.18000000001000002       -8.6736833423517984E-002
  0.19000000001000003       -8.4534019445000941E-002
  0.20000000001000004       -8.2226845839912258E-002
  0.21000000001000005       -7.9817449255939019E-002
  0.22000000001000006       -7.7308039549528015E-002
  0.23000000001000007       -7.4700896742249875E-002
  0.24000000001000008       -7.1998368042102287E-002
  0.25000000001000006       -6.9202864918325308E-002
  0.26000000001000007       -6.6316860219392246E-002
  0.27000000001000007       -6.3342885325059481E-002
  0.28000000001000008       -6.0283527324608815E-002
  0.29000000001000009       -5.7141426214640967E-002
  0.30000000001000010       -5.3919272110940983E-002
  0.31000000001000011       -5.0619802470013991E-002
  0.32000000001000012       -4.7245799316866580E-002
  0.33000000001000013       -4.3800086476488184E-002
  0.34000000001000014       -4.0285526807267005E-002
  0.35000000001000015       -3.6705019435256572E-002
  0.36000000001000015       -3.3061496988807851E-002
  0.37000000001000016       -2.9357922833595743E-002
  0.38000000001000017       -2.5597288308513488E-002
  0.39000000001000018       -2.1782609963285210E-002
  0.40000000001000019       -1.7916926798967100E-002
  0.41000000001000020       -1.4003297512778207E-002
  0.42000000001000021       -1.0044797748922238E-002
  0.43000000001000022       -6.0445173069584024E-003
  0.44000000001000023       -2.0055573039249597E-003
  0.45000000001000023        2.0689723269003008E-003
  0.46000000001000024        6.1759554715456189E-003
  0.47000000001000025        1.0312272647667889E-002
  0.48000000001000026        1.4474803681956597E-002
  0.49000000001000027        1.8660430359233537E-002
  0.50000000001000022        2.2866039048079739E-002
  0.51000000001000023        2.7088523300626971E-002
  0.52000000001000024        3.1324786424159756E-002
  0.53000000001000025        3.5571744022200397E-002
  0.54000000001000026        3.9826326502779716E-002
  0.55000000001000027        4.4085481551640868E-002
  0.56000000001000028        4.8346176568168309E-002
  0.57000000001000029        5.2605401061893667E-002
  0.58000000001000029        5.6860169007486305E-002
  0.59000000001000030        6.1107521156206351E-002
  0.60000000001000031        6.5344527301864519E-002
  0.61000000001000032        6.9568288499408520E-002
  0.62000000001000033        7.3775939234332524E-002
  0.63000000001000034        7.7964649541184233E-002
  0.64000000001000035        8.2131627069527327E-002
  0.65000000001000036        8.6274119095799365E-002
  0.66000000001000036        9.0389414479591992E-002
  0.67000000001000037        9.4474845562964649E-002
  0.68000000001000038        9.8527790011486316E-002
  0.69000000001000039       0.10254567259579536     
  0.70000000001000040       0.10652596691255213     
  0.71000000001000041       0.11046619704374402     
  0.72000000001000042       0.11436393915339310     
  0.73000000001000043       0.11821682302080250     
  0.74000000001000044       0.12202253350956482     
  0.75000000001000044       0.12577881197164242     
  0.76000000001000045       0.12948345758591326     
  0.77000000001000046       0.13313432863066124     
  0.78000000001000047       0.13672934261224587     
  0.79000000001000048       0.14026647457430430     
  0.80000000001000049       0.14374376447035825     
  0.81000000001000050       0.14715931856650877     
  0.82000000001000051       0.15051130770717991     
  0.83000000001000052       0.15379796807810953     
  0.84000000001000052       0.15701760200798073     
  0.85000000001000053       0.16016857870267431     
  0.86000000001000054       0.16324933491231247     
  0.87000000001000055       0.16625837553134004     
  0.88000000001000056       0.16919427413194799     
  0.89000000001000057       0.17205567343120948     
  0.90000000001000058       0.17484128569236007     
  0.91000000001000059       0.17754989306071384     
  0.92000000001000060       0.18018034783476647     
  0.93000000001000060       0.18273157267309104     
  0.94000000001000061       0.18520256073768732     
  0.95000000001000062       0.18759237577449739     
  0.96000000001000063       0.18990015213184996     
  0.97000000001000064       0.19212509471764416     
  0.98000000001000065       0.19426647889612964     
  0.99000000001000066       0.19632365032518312     
   1.0000000000100007       0.19829602473502578     
   1.0100000000100007       0.20018308764936193     
   1.0200000000100007       0.20198439404996255     
   1.0300000000100007       0.20369956798574912     
   1.0400000000100007       0.20532830212747108     
   1.0500000000100007       0.20687035726910019     
   1.0600000000100007       0.20832556177709777     
   1.0700000000100007       0.20969381098818624     
   1.0800000000100007       0.21097506655877721     
   1.0900000000100007       0.21216935576516560     
   1.1000000000100008       0.21327677075601295     
   1.1100000000100008       0.21429746775926090     
   1.1200000000100008       0.21523166624439771     
   1.1300000000100008       0.21607964804140189     
   1.1400000000100008       0.21684175641770242     
   1.1500000000100008       0.21751839511451326     
   1.1600000000100008       0.21811002734391269     
   1.1700000000100008       0.21861717474805265     
   1.1800000000100008       0.21904041632189369     
   1.1900000000100008       0.21938038730087311     
   1.2000000000100008       0.21963777801492140     
   1.2100000000100009       0.21981333271025072     
   1.2200000000100009       0.21990784834034682     
   1.2300000000100009       0.21992217332759778     
   1.2400000000100009       0.21985720629700134     
   1.2500000000100009       0.21971389478339146     
   1.2600000000100009       0.21949323391362996     
   1.2700000000100009       0.21919626506520690     
   1.2800000000100009       0.21882407450269448     
   1.2900000000100009       0.21837779199349699     
   1.3000000000100009       0.21785858940433742     
   1.3100000000100009       0.21726767927991622     
   1.3200000000100010       0.21660631340517461     
   1.3300000000100010       0.21587578135258814     
   1.3400000000100010       0.21507740901590883     
   1.3500000000100010       0.21421255713176945     
   1.3600000000100010       0.21328261979055047     
   1.3700000000100010       0.21228902293790458     
   1.3800000000100010       0.21123322286832136     
   1.3900000000100010       0.21011670471210320     
   1.4000000000100010       0.20894098091711219     
   1.4100000000100010       0.20770758972663436     
   1.4200000000100010       0.20641809378075013     
   1.4300000000100010       0.20507407848187409     
   1.4400000000100011       0.20367715032768682     
   1.4500000000100011       0.20222893550939819     
   1.4600000000100011       0.20073107838986298     
   1.4700000000100011       0.19918523998556908     
   1.4800000000100011       0.19759309645373141     
   1.4900000000100011       0.19595633758570535     
   1.5000000000100011       0.19427666530791021     
   1.5100000000100011       0.19255579219143543     
   1.5200000000100011       0.19079543997147885     
   1.5300000000100011       0.18899733807774385     
   1.5400000000100011       0.18716322217690190     
   1.5500000000100012       0.18529483272819997     
   1.5600000000100012       0.18339391355327123     
   1.5700000000100012       0.18146221042118049     
   1.5800000000100012       0.17950146964971264     
   1.5900000000100012       0.17751343672388462     
   1.6000000000100012       0.17549985493263615     
   1.6100000000100012       0.17346246402462742     
   1.6200000000100012       0.17140299888404434     
   1.6300000000100012       0.16932318822728426     
   1.6400000000100012       0.16722475332136683     
   1.6500000000100012       0.16510940672488555     
   1.6600000000100013       0.16297885105228727     
   1.6700000000100013       0.16083477776223629     
   1.6800000000100013       0.15867886597079101     
   1.6900000000100013       0.15651278129008966     
   1.7000000000100013       0.15433817469321312     
   1.7100000000100013       0.15215668140585917     
   1.7200000000100013       0.14996991982543467     
   1.7300000000100013       0.14777949046813876     
   1.7400000000100013       0.14558697494458006     
   1.7500000000100013       0.14339393496443792     
   1.7600000000100013       0.14120191137064814     
   1.7700000000100014       0.13901242320356022     
   1.7800000000100014       0.13682696679548070     
   1.7900000000100014       0.13464701489598829     
   1.8000000000100014       0.13247401582837157     
   1.8100000000100014       0.13030939267750824     
   1.8200000000100014       0.12815454250947669     
   1.8300000000100014       0.12601083562315341     
   1.8400000000100014       0.12387961483402304     
   1.8500000000100014       0.12176219479039278     
   1.8600000000100014       0.11965986132217425     
   1.8700000000100014       0.11757387082236258     
   1.8800000000100014       0.11550544966131265     
   1.8900000000100015       0.11345579363388181     
   1.9000000000100015       0.11142606743947757     
   1.9100000000100015       0.10941740419501859     
   1.9200000000100015       0.10743090498078801     
   1.9300000000100015       0.10546763841912826     
   1.9400000000100015       0.10352864028589814     
   1.9500000000100015       0.10161491315458310     
   1.9600000000100015        9.9727426072923411E-002
   1.9700000000100015        9.7867114271895247E-002
   1.9800000000100015        9.6034878906853707E-002
   1.9900000000100015        9.4231586830619690E-002
   2.0000000000100013        9.2458070398266867E-002
   2.0100000000100011        9.0715127303338361E-002
   2.0200000000100009        8.9003520445198686E-002
   2.0300000000100007        8.7323977827202429E-002
   2.0400000000100005        8.5677192560422527E-002
   2.0500000000100003        8.4063823130176574E-002
   2.0600000000100001        8.2484492647177707E-002
   2.0700000000099998        8.0939789087313987E-002
   2.0800000000099996        7.9430265470103942E-002
   2.0900000000099994        7.7956439933825589E-002
   2.1000000000099992        7.6518795838596651E-002
   2.1100000000099990        7.5117781896915897E-002
   2.1200000000099988        7.3753808867640339E-002
   2.1300000000099986        7.2427248674428332E-002
   2.1400000000099983        7.1138447121810583E-002
   2.1500000000099981        6.9887716877656811E-002
   2.1600000000099979        6.8675337015284249E-002
   2.1700000000099977        6.7501553296275857E-002
   2.1800000000099975        6.6366578476864974E-002
   2.1900000000099973        6.5270592637271682E-002
   2.2000000000099971        6.4213743533363135E-002
   2.2100000000099969        6.3196146969999839E-002
   2.2200000000099966        6.2217887195417904E-002
   2.2300000000099964        6.1279017315989101E-002
   2.2400000000099962        6.0379559730689814E-002
   2.2500000000099960        5.9519506584603241E-002
   2.2600000000099958        5.8698820240770222E-002
   2.2700000000099956        5.7917433769699669E-002
   2.2800000000099954        5.7175251455840501E-002
   2.2900000000099952        5.6472149320315010E-002
   2.3000000000099949        5.5807975659207587E-002
   2.3100000000099947        5.5182551596698229E-002
   2.3200000000099945        5.4595671652330632E-002
   2.3300000000099943        5.4047104321698680E-002
   2.3400000000099941        5.3536592669836652E-002
   2.3500000000099939        5.3063854936596044E-002
   2.3600000000099937        5.2628585153293536E-002
   2.3700000000099934        5.2230453769913726E-002
   2.3800000000099932        5.1869108292153257E-002
   2.3900000000099930        5.1544173927593390E-002
   2.4000000000099928        5.1255254240293549E-002
   2.4100000000099926        5.1001931813097617E-002
   2.4200000000099924        5.0783768916953909E-002
   2.4300000000099922        5.0600308186550327E-002
   2.4400000000099920        5.0451073301573016E-002
   2.4500000000099917        5.0335569672903799E-002
   2.4600000000099915        5.0253285133075629E-002
   2.4700000000099913        5.0203690630315573E-002
   2.4800000000099911        5.0186240925508468E-002
   2.4900000000099909        5.0200375291426652E-002
   2.5000000000099907        5.0245518213575868E-002
   2.5100000000099905        5.0321080092020368E-002
   2.5200000000099902        5.0426457943555450E-002
   2.5300000000099900        5.0561036103610096E-002
   2.5400000000099898        5.0724186927269238E-002
   2.5500000000099896        5.0915271488817998E-002
   2.5600000000099894        5.1133640279221612E-002
   2.5700000000099892        5.1378633900963824E-002
   2.5800000000099890        5.1649583759682746E-002
   2.5900000000099888        5.1945812752051401E-002
   2.6000000000099885        5.2266635949365300E-002
   2.6100000000099883        5.2611361276311441E-002
   2.6200000000099881        5.2979290184406613E-002
   2.6300000000099879        5.3369718319605533E-002
   2.6400000000099877        5.3781936183595225E-002
   2.6500000000099875        5.4215229788303274E-002
   2.6600000000099873        5.4668881303163191E-002
   2.6700000000099871        5.5142169694695736E-002
   2.6800000000099868        5.5634371357975873E-002
   2.6900000000099866        5.6144760739541430E-002
   2.7000000000099864        5.6672610951456634E-002
   2.7100000000099862        5.7217194376022490E-002
   2.7200000000099860        5.7777783260792567E-002
   2.7300000000099858        5.8353650303574478E-002
   2.7400000000099856        5.8944069227063675E-002
   2.7500000000099853        5.9548315342785513E-002
   2.7600000000099851        6.0165666104039797E-002
   2.7700000000099849        6.0795401647553912E-002
   2.7800000000099847        6.1436805323569335E-002
   2.7900000000099845        6.2089164214097992E-002
   2.8000000000099843        6.2751769639104088E-002
   2.8100000000099841        6.3423917650379358E-002
   2.8200000000099839        6.4104909512896144E-002
   2.8300000000099836        6.4794052173437366E-002
   2.8400000000099834        6.5490658716318484E-002
   2.8500000000099832        6.6194048806029790E-002
   2.8600000000099830        6.6903549116643854E-002
   2.8700000000099828        6.7618493747846384E-002
   2.8800000000099826        6.8338224627465041E-002
   2.8900000000099824        6.9062091900382511E-002
   2.9000000000099821        6.9789454303737258E-002
   2.9100000000099819        7.0519679528327592E-002
   2.9200000000099817        7.1252144566149866E-002
   2.9300000000099815        7.1986240166959314E-002
   2.9400000000099813        7.2721379459879582E-002
   2.9500000000099811        7.3456973479662846E-002
   2.9600000000099809        7.4192439630795692E-002
   2.9700000000099807        7.4927206092276613E-002
   2.9800000000099804        7.5660724102680099E-002
   2.9900000000099802        7.6392456103148237E-002
   3.0000000000099800        7.7121864012241761E-002
   3.0100000000099798        7.7848421450334770E-002
   3.0200000000099796        7.8571613950660701E-002
   3.0300000000099794        7.9290939156512447E-002
   3.0400000000099792        8.0005907004805241E-002
   3.0500000000099790        8.0716039896087124E-002
   3.0600000000099787        8.1420872851095588E-002
   3.0700000000099785        8.2119953653965280E-002
   3.0800000000099783        8.2812842982204801E-002
   3.0900000000099781        8.3499114523569187E-002
   3.1000000000099779        8.4178355079963449E-002
   3.1100000000099777        8.4850164658523117E-002
   3.1200000000099775        8.5514156550025519E-002
   3.1300000000099772        8.6169957394793717E-002
   3.1400000000099770        8.6817207236264946E-002
   3.1500000000099768        8.7455559562401017E-002
   3.1600000000099766        8.8084681335127660E-002
   3.1700000000099764        8.8704253007996114E-002
   3.1800000000099762        8.9313968532266988E-002
   3.1900000000099760        8.9913535351623705E-002
   3.2000000000099758        9.0502674389160431E-002
   3.2100000000099755        9.1081120016418327E-002
   3.2200000000099753        9.1648620011930831E-002
   3.2300000000099751        9.2204935516153469E-002
   3.2400000000099749        9.2749840972642134E-002
   3.2500000000099747        9.3283124059226216E-002
   3.2600000000099745        9.3804585609419636E-002
   3.2700000000099743        9.4314039524319909E-002
   3.2800000000099740        9.4811312675247603E-002
   3.2900000000099738        9.5296244797382149E-002
   3.3000000000099736        9.5768688374654118E-002
   3.3100000000099734        9.6228508516156122E-002
   3.3200000000099732        9.6675582824337372E-002
   3.3300000000099730        9.7109801255249678E-002
   3.3400000000099728        9.7531065971113634E-002
   3.3500000000099726        9.7939291185477395E-002
   3.3600000000099723        9.8334403001239704E-002
   3.3700000000099721        9.8716339241811696E-002
   3.3800000000099719        9.9085049275692616E-002
   3.3900000000099717        9.9440493834734162E-002
   3.4000000000099715        9.9782644826370670E-002
   3.4100000000099713       0.10011148514008961     
   3.4200000000099711       0.10042700844842056     
   3.4300000000099709       0.10072921946550600     
   3.4400000000099706       0.10101813367683023     
   3.4500000000099704       0.10129377574760126     
   3.4600000000099702       0.10155618028112030     
   3.4700000000099700       0.10180539159663578     
   3.4800000000099698       0.10204146350335071     
   3.4900000000099696       0.10226445907085092     
   3.5000000000099694       0.10247445039622156     
   3.5100000000099691       0.10267151836811535     
   3.5200000000099689       0.10285575242803567     
   3.5300000000099687       0.10302725032909249     
   3.5400000000099685       0.10318611789248985     
   3.5500000000099683       0.10333246876199614     
   3.5600000000099681       0.10346642415665050     
   3.5700000000099679       0.10358811262195124     
   3.5800000000099677       0.10369766977977048     
   3.5900000000099674       0.10379523807723598     
   3.6000000000099672       0.10388096653481659     
   3.6100000000099670       0.10395501049384438     
   3.6200000000099668       0.10401753136370173     
   3.6300000000099666       0.10406869636889904     
   3.6400000000099664       0.10410867829626284     
   3.6500000000099662       0.10413765524245083     
   3.6600000000099659       0.10415581036200469     
   3.6700000000099657       0.10416333161614899     
   3.6800000000099655       0.10416041152253713     
   3.6900000000099653       0.10414724690614256     
   3.7000000000099651       0.10412403865148828     
   3.7100000000099649       0.10409099145640124     
   3.7200000000099647       0.10404831358747542     
   3.7300000000099645       0.10399621663742058     
   3.7400000000099642       0.10393491528446928     
   3.7500000000099640       0.10386462705400924     
   3.7600000000099638       0.10378557208260358     
   3.7700000000099636       0.10369797288455437     
   3.7800000000099634       0.10360205412116257     
   3.7900000000099632       0.10349804237282832     
   3.8000000000099630       0.10338616591413408     
   3.8100000000099628       0.10326665449204399     
   3.8200000000099625       0.10313973910735035     
   3.8300000000099623       0.10300565179949087     
   3.8400000000099621       0.10286462576169744     
   3.8500000000099619       0.10271689467651156     
   3.8600000000099617       0.10256269253065631     
   3.8700000000099615       0.10240225366601800     
   3.8800000000099613       0.10223581231439041     
   3.8900000000099610       0.10206360248456998     
   3.9000000000099608       0.10188585781795424     
   3.9100000000099606       0.10170281140415927     
   3.9200000000099604       0.10151469509178181     
   3.9300000000099602       0.10132174004828061     
   3.9400000000099600       0.10112417661054750     
   3.9500000000099598       0.10092223387192750     
   3.9600000000099596       0.10071613951970555     
   3.9700000000099593       0.10050611967713753     
   3.9800000000099591       0.10029239875006983     
   3.9900000000099589       0.10007519927818799     
   4.0000000000099591        9.9854741790927015E-002
   4.0100000000099589        9.9631244668075478E-002
   4.0200000000099587        9.9404924005096568E-002
   4.0300000000099585        9.9175993483187105E-002
   4.0400000000099583        9.8944664244090097E-002
   4.0500000000099581        9.8711142995931242E-002
   4.0600000000099579        9.8475633636699450E-002
   4.0700000000099577        9.8238338940672812E-002
   4.0800000000099574        9.7999458698056527E-002
   4.0900000000099572        9.7759189613437936E-002
   4.1000000000099570        9.7517725209018205E-002
   4.1100000000099568        9.7275255732578544E-002
   4.1200000000099566        9.7031968070162136E-002
   4.1300000000099564        9.6788045663451228E-002
   4.1400000000099562        9.6543668431812654E-002
   4.1500000000099559        9.6299012698982903E-002
   4.1600000000099557        9.6054251124360529E-002
   4.1700000000099555        9.5809552638868895E-002
   4.1800000000099553        9.5565082385349998E-002
   4.1900000000099551        9.5321001663447105E-002
   4.2000000000099549        9.5077467878929622E-002
   4.2100000000099547        9.4834634497411321E-002
   4.2200000000099545        9.4592651002411196E-002
   4.2300000000099542        9.4351662857700455E-002
   4.2400000000099540        9.4111811473879967E-002
   4.2500000000099538        9.3873234179127560E-002
   4.2600000000099536        9.3636064194052723E-002
   4.2700000000099534        9.3400430610594137E-002
   4.2800000000099532        9.3166458374892749E-002
   4.2900000000099530        9.2934268274071752E-002
   4.3000000000099527        9.2703976926851284E-002
   4.3100000000099525        9.2475696777925873E-002
   4.3200000000099523        9.2249536096028109E-002
   4.3300000000099521        9.2025598975603404E-002
   4.3400000000099519        9.1803985342016323E-002
   4.3500000000099517        9.1584790960208703E-002
   4.3600000000099515        9.1368107446729005E-002
   4.3700000000099513        9.1154022285049638E-002
   4.3800000000099510        9.0942618844088038E-002
   4.3900000000099508        9.0733976399848065E-002
   4.4000000000099506        9.0528170160094207E-002
   4.4100000000099504        9.0325271291972445E-002
   4.4200000000099502        9.0125346952490540E-002
   4.4300000000099500        8.9928460321768655E-002
   4.4400000000099498        8.9734670638971878E-002
   4.4500000000099496        8.9544033240834986E-002
   4.4600000000099493        8.9356599602689657E-002
   4.4700000000099491        8.9172417381904123E-002
   4.4800000000099489        8.8991530463644261E-002
   4.4900000000099487        8.8813979008865729E-002
   4.5000000000099485        8.8639799504447697E-002
   4.5100000000099483        8.8469024815374844E-002
   4.5200000000099481        8.8301684238880213E-002
   4.5300000000099478        8.8137803560456127E-002
   4.5400000000099476        8.7977405111644383E-002
   4.5500000000099474        8.7820507829515809E-002
   4.5600000000099472        8.7667127317748991E-002
   4.5700000000099470        8.7517275909220926E-002
   4.5800000000099468        8.7370962730019722E-002
   4.5900000000099466        8.7228193764792697E-002
   4.6000000000099464        8.7088971923342612E-002
   4.6100000000099461        8.6953297108385785E-002
   4.6200000000099459        8.6821166284386964E-002
   4.6300000000099457        8.6692573547386312E-002
   4.6400000000099455        8.6567510195735123E-002
   4.6500000000099453        8.6445964801657477E-002
   4.6600000000099451        8.6327923283556776E-002
   4.6700000000099449        8.6213368978986696E-002
   4.6800000000099446        8.6102282718207232E-002
   4.6900000000099444        8.5994642898247917E-002
   4.7000000000099442        8.5890425557401812E-002
   4.7100000000099440        8.5789604450074067E-002
   4.7200000000099438        8.5692151121912419E-002
   4.7300000000099436        8.5598034985145163E-002
   4.7400000000099434        8.5507223394056669E-002
   4.7500000000099432        8.5419681720530272E-002
   4.7600000000099429        8.5335373353573288E-002
   4.7700000000099427        8.5254259637593921E-002
   4.7800000000099425        8.5176300410056568E-002
   4.7900000000099423        8.5101453905160537E-002
   4.8000000000099421        8.5029676750496261E-002
   4.8100000000099419        8.4960924041575042E-002
   4.8200000000099417        8.4895149415982349E-002
   4.8300000000099415        8.4832305127097871E-002
   4.8400000000099412        8.4772342117326413E-002
   4.8500000000099410        8.4715210090785489E-002
   4.8600000000099408        8.4660857585398278E-002
   4.8700000000099406        8.4609232044341176E-002
   4.8800000000099404        8.4560279886796944E-002
   4.8900000000099402        8.4513946577966542E-002
   4.9000000000099400        8.4470176698295402E-002
   4.9100000000099397        8.4428914011868694E-002
   4.9200000000099395        8.4390101533935821E-002
   4.9300000000099393        8.4353681597522864E-002
   4.9400000000099391        8.4319595919094978E-002
   4.9500000000099389        8.4287785663232501E-002
   4.9600000000099387        8.4258191506285121E-002
   4.9700000000099385        8.4230753698972108E-002
   4.9800000000099383        8.4205412127896076E-002
   4.9900000000099380        8.4182106375941493E-002
