   9.9999999999999994E-012 -0.10663428100410234     
   1.0000000010000001E-002 -0.10654103138265164     
   2.0000000010000001E-002 -0.10623150644952566     
   3.0000000010000000E-002 -0.10570665163075181     
   4.0000000010000002E-002 -0.10496804663786528     
   5.0000000010000004E-002 -0.10401788283775955     
   6.0000000010000006E-002 -0.10285893555952061     
   7.0000000010000007E-002 -0.10149453068753676     
   8.0000000010000002E-002  -9.9928506902774744E-002
   9.0000000009999997E-002  -9.8165174962354232E-002
  0.10000000000999999       -9.6209275343963119E-002
  0.11000000000999999       -9.4065935435691778E-002
  0.12000000000999998       -9.1740627264806085E-002
  0.13000000000999998       -8.9239126558062543E-002
  0.14000000000999999       -8.6567473662965688E-002
  0.15000000001000000       -8.3731936918473998E-002
  0.16000000001000000       -8.0738978496941075E-002
  0.17000000001000001       -7.7595222861029975E-002
  0.18000000001000002       -7.4307427888513466E-002
  0.19000000001000003       -7.0882458559315908E-002
  0.20000000001000004       -6.7327263075931051E-002
  0.21000000001000005       -6.3648851251331559E-002
  0.22000000001000006       -5.9854274983664746E-002
  0.23000000001000007       -5.5950610631660097E-002
  0.24000000001000008       -5.1944943108888239E-002
  0.25000000001000006       -4.7844351522713838E-002
  0.26000000001000007       -4.3655896195579635E-002
  0.27000000001000007       -3.9386606919834741E-002
  0.28000000001000008       -3.5043472311591425E-002
  0.29000000001000009       -3.0633430143330517E-002
  0.30000000001000010       -2.6163358548391510E-002
  0.31000000001000011       -2.1640068003165966E-002
  0.32000000001000012       -1.7070294004310399E-002
  0.33000000001000013       -1.2460690368653840E-002
  0.34000000001000014       -7.8178230926915365E-003
  0.35000000001000015       -3.1481647166774762E-003
  0.36000000001000015        1.5419108545639409E-003
  0.37000000001000016        6.2461331158015221E-003
  0.38000000001000017        1.0958339346871598E-002
  0.39000000001000018        1.5672478651178240E-002
  0.40000000001000019        2.0382615674916046E-002
  0.41000000001000020        2.5082934031337406E-002
  0.42000000001000021        2.9767739451402458E-002
  0.43000000001000022        3.4431462738402849E-002
  0.44000000001000023        3.9068662544424523E-002
  0.45000000001000023        4.3674027544541957E-002
  0.46000000001000024        4.8242378587225715E-002
  0.47000000001000025        5.2768670866166434E-002
  0.48000000001000026        5.7247995766376278E-002
  0.49000000001000027        6.1675582523499375E-002
  0.50000000001000022        6.6046799713313495E-002
  0.51000000001000023        7.0357156579243949E-002
  0.52000000001000024        7.4602304205024131E-002
  0.53000000001000025        7.8778036538991167E-002
  0.54000000001000026        8.2880291276022158E-002
  0.55000000001000027        8.6905150602565859E-002
  0.56000000001000028        9.0848841809817962E-002
  0.57000000001000029        9.4707737780013332E-002
  0.58000000001000029        9.8478357349794446E-002
  0.59000000001000030       0.10215736555496976     
  0.60000000001000031       0.10574157376050612     
  0.61000000001000032       0.10922793967923329     
  0.62000000001000033       0.11261356728264610     
  0.63000000001000034       0.11589570660696819     
  0.64000000001000035       0.11907175345746927     
  0.65000000001000036       0.12213924901375446     
  0.66000000001000036       0.12509587933930674     
  0.67000000001000037       0.12793947479670248     
  0.68000000001000038       0.13066800937209386     
  0.69000000001000039       0.13327959991089217     
  0.70000000001000040       0.13577250526652582     
  0.71000000001000041       0.13814512536506979     
  0.72000000001000042       0.14039600018792336     
  0.73000000001000043       0.14252380867392495     
  0.74000000001000044       0.14452736754342382     
  0.75000000001000044       0.14640563004614182     
  0.76000000001000045       0.14815768463474194     
  0.77000000001000046       0.14978275356598741     
  0.78000000001000047       0.15128019096489442     
  0.79000000001000048       0.15264948023846936     
  0.80000000001000049       0.15389023532896673     
  0.81000000001000050       0.15500219894173317     
  0.82000000001000051       0.15598523960802665     
  0.83000000001000052       0.15683934984431058     
  0.84000000001000052       0.15756464429632802     
  0.85000000001000053       0.15816135782513682     
  0.86000000001000054       0.15862984353685777     
  0.87000000001000055       0.15897057075788851     
  0.88000000001000056       0.15918412295733436     
  0.89000000001000057       0.15927119561841266     
  0.90000000001000058       0.15923259406058735     
  0.91000000001000059       0.15906923121420069     
  0.92000000001000060       0.15878212534937086     
  0.93000000001000060       0.15837239776093415     
  0.94000000001000061       0.15784127041121618     
  0.95000000001000062       0.15719006353242659     
  0.96000000001000063       0.15642019319047762     
  0.97000000001000064       0.15553316881203710     
  0.98000000001000065       0.15453059067663449     
  0.99000000001000066       0.15341414737564485     
   1.0000000000100007       0.15218561323999205     
   1.0100000000100007       0.15084684573840809     
   1.0200000000100007       0.14939978284812544     
   1.0300000000100007       0.14784644039977668     
   1.0400000000100007       0.14618890939846396     
   1.0500000000100007       0.14442935332284368     
   1.0600000000100007       0.14257000540408049     
   1.0700000000100007       0.14061316588728676     
   1.0800000000100007       0.13856119927497956     
   1.0900000000100007       0.13641653155672578     
   1.1000000000100008       0.13418164742689920     
   1.1100000000100008       0.13185908749132677     
   1.1200000000100008       0.12945144546514836     
   1.1300000000100008       0.12696136536378139     
   1.1400000000100008       0.12439153868888253     
   1.1500000000100008       0.12174470161119419     
   1.1600000000100008       0.11902363215216043     
   1.1700000000100008       0.11623114736619251     
   1.1800000000100008       0.11337010052545797     
   1.1900000000100008       0.11044337830905904     
   1.2000000000100008       0.10745389799846027     
   1.2100000000100009       0.10440460468101215     
   1.2200000000100009       0.10129846846341037     
   1.2300000000100009        9.8138481696914970E-002
   1.2400000000100009        9.4927656216143047E-002
   1.2500000000100009        9.1669020593231149E-002
   1.2600000000100009        8.8365617409151345E-002
   1.2700000000100009        8.5020500543942806E-002
   1.2800000000100009        8.1636732487607014E-002
   1.2900000000100009        7.8217381673391956E-002
   1.3000000000100009        7.4765519835169561E-002
   1.3100000000100009        7.1284219390590361E-002
   1.3200000000100010        6.7776550851672404E-002
   1.3300000000100010        6.4245580264459604E-002
   1.3400000000100010        6.0694366679355571E-002
   1.3500000000100010        5.7125959653713518E-002
   1.3600000000100010        5.3543396788232805E-002
   1.3700000000100010        4.9949701298682078E-002
   1.3800000000100010        4.6347879624439675E-002
   1.3900000000100010        4.2740919075306541E-002
   1.4000000000100010        3.9131785518015799E-002
   1.4100000000100010        3.5523421103826114E-002
   1.4200000000100010        3.1918742364884303E-002
   1.4300000000100010        2.8320637707705737E-002
   1.4400000000100011        2.4731964926540922E-002
   1.4500000000100011        2.1155549446444544E-002
   1.4600000000100011        1.7594182275847553E-002
   1.4700000000100011        1.4050618007743418E-002
   1.4800000000100011        1.0527572870603435E-002
   1.4900000000100011        7.0277228300910377E-003
   1.5000000000100011        3.5537017426007372E-003
   1.5100000000100011        1.0809956160140466E-004
   1.5200000000100011       -3.3065394022812472E-003
   1.5300000000100011       -6.6877181665546542E-003
   1.5400000000100011       -1.0032988706682663E-002
   1.5500000000100012       -1.3339953529647397E-002
   1.5600000000100012       -1.6606267190507604E-002
   1.5700000000100012       -1.9829637751256513E-002
   1.5800000000100012       -2.3007828181336190E-002
   1.5900000000100012       -2.6138657699211462E-002
   1.6000000000100012       -2.9220003054459792E-002
   1.6100000000100012       -3.2249799749883415E-002
   1.6200000000100012       -3.5226043203201080E-002
   1.6300000000100012       -3.8146789847929574E-002
   1.6400000000100012       -4.1010158173114875E-002
   1.6500000000100012       -4.3814329701626756E-002
   1.6600000000100013       -4.6557549906781473E-002
   1.6700000000100013       -4.9238129067109754E-002
   1.6800000000100013       -5.1854443059139069E-002
   1.6900000000100013       -5.4404934088111159E-002
   1.7000000000100013       -5.6888111356608650E-002
   1.7100000000100013       -5.9302551671114492E-002
   1.7200000000100013       -6.1646899986581641E-002
   1.7300000000100013       -6.3919869889139266E-002
   1.7400000000100013       -6.6120244017115526E-002
   1.7500000000100013       -6.8246874420604786E-002
   1.7600000000100013       -7.0298682859858339E-002
   1.7700000000100014       -7.2274661042828356E-002
   1.7800000000100014       -7.4173870802241831E-002
   1.7900000000100014       -7.5995444212631130E-002
   1.8000000000100014       -7.7738583647795678E-002
   1.8100000000100014       -7.9402561779214939E-002
   1.8200000000100014       -8.0986721515981158E-002
   1.8300000000100014       -8.2490475886865172E-002
   1.8400000000100014       -8.3913307865172204E-002
   1.8500000000100014       -8.5254770137091068E-002
   1.8600000000100014       -8.6514484814279854E-002
   1.8700000000100014       -8.7692143091476313E-002
   1.8800000000100014       -8.8787504849960411E-002
   1.8900000000100015       -8.9800398207735915E-002
   1.9000000000100015       -9.0730719017339020E-002
   1.9100000000100015       -9.1578430312216977E-002
   1.9200000000100015       -9.2343561702658394E-002
   1.9300000000100015       -9.3026208722291420E-002
   1.9400000000100015       -9.3626532126199327E-002
   1.9500000000100015       -9.4144757141738075E-002
   1.9600000000100015       -9.4581172673168984E-002
   1.9700000000100015       -9.4936130461253293E-002
   1.9800000000100015       -9.5210044198981894E-002
   1.9900000000100015       -9.5403388604640690E-002
   2.0000000000100013       -9.5516698453442017E-002
   2.0100000000100011       -9.5550567568971817E-002
   2.0200000000100009       -9.5505647775730701E-002
   2.0300000000100007       -9.5382647814065316E-002
   2.0400000000100005       -9.5182332232043393E-002
   2.0500000000100003       -9.4905520307426161E-002
   2.0600000000100001       -9.4553084737283424E-002
   2.0700000000099998       -9.4125950423229660E-002
   2.0800000000099996       -9.3625093238516532E-002
   2.0900000000099994       -9.3051538745552637E-002
   2.1000000000099992       -9.2406360885392780E-002
   2.1100000000099990       -9.1690680640617639E-002
   2.1200000000099988       -9.0905662537889148E-002
   2.1300000000099986       -9.0052511845072361E-002
   2.1400000000099983       -8.9132480910377315E-002
   2.1500000000099981       -8.8146863999225375E-002
   2.1600000000099979       -8.7096995425282958E-002
   2.1700000000099977       -8.5984248084710446E-002
   2.1800000000099975       -8.4810031973835076E-002
   2.1900000000099973       -8.3575792691695863E-002
   2.2000000000099971       -8.2283009928907053E-002
   2.2100000000099969       -8.0933195944280695E-002
   2.2200000000099966       -7.9527894030642768E-002
   2.2300000000099964       -7.8068676971273662E-002
   2.2400000000099962       -7.6557145488390363E-002
   2.2500000000099960       -7.4994926685083507E-002
   2.2600000000099958       -7.3383672482106810E-002
   2.2700000000099956       -7.1725058050908216E-002
   2.2800000000099954       -7.0020780244275313E-002
   2.2900000000099952       -6.8272556025956443E-002
   2.3000000000099949       -6.6482120900599864E-002
   2.3100000000099947       -6.4651227345340068E-002
   2.3200000000099945       -6.2781643244338728E-002
   2.3300000000099943       -6.0875150327572805E-002
   2.3400000000099941       -5.8933542615138765E-002
   2.3500000000099939       -5.6958624868323690E-002
   2.3600000000099937       -5.4952211048670638E-002
   2.3700000000099934       -5.2916122786243872E-002
   2.3800000000099932       -5.0852187858274805E-002
   2.3900000000099930       -4.8762238679347245E-002
   2.4000000000099928       -4.6648110804251713E-002
   2.4100000000099926       -4.4511641444617070E-002
   2.4200000000099924       -4.2354668000397236E-002
   2.4300000000099922       -4.0179026607266050E-002
   2.4400000000099920       -3.7986550700943547E-002
   2.4500000000099917       -3.5779069599450319E-002
   2.4600000000099915       -3.3558407104254895E-002
   2.4700000000099913       -3.1326380121252953E-002
   2.4800000000099911       -2.9084797302484061E-002
   2.4900000000099909       -2.6835457709462926E-002
   2.5000000000099907       -2.4580149498970777E-002
   2.5100000000099905       -2.2320648632121562E-002
   2.5200000000099902       -2.0058717607486024E-002
   2.5300000000099900       -1.7796104219025069E-002
   2.5400000000099898       -1.5534540339551997E-002
   2.5500000000099896       -1.3275740730410601E-002
   2.5600000000099894       -1.1021401878025291E-002
   2.5700000000099892       -8.7732008579447102E-003
   2.5800000000099890       -6.5327942269704509E-003
   2.5900000000099888       -4.3018169439278109E-003
   2.6000000000099885       -2.0818813196050306E-003
   2.6100000000099883        1.2542400364660977E-004
   2.6200000000099881        2.3185350421908585E-003
   2.6300000000099879        4.4959134308338033E-003
   2.6400000000099877        6.6560473516047158E-003
   2.6500000000099875        8.7974524312253027E-003
   2.6600000000099873        1.0918672606934382E-002
   2.6700000000099871        1.3018280960367903E-002
   2.6800000000099868        1.5094880519222323E-002
   2.6900000000099866        1.7147105026337608E-002
   2.7000000000099864        1.9173619676437020E-002
   2.7100000000099862        2.1173121819828597E-002
   2.7200000000099860        2.3144341633055718E-002
   2.7300000000099858        2.5086042756503987E-002
   2.7400000000099856        2.6997022898809522E-002
   2.7500000000099853        2.8876114408009579E-002
   2.7600000000099851        3.0722184809401754E-002
   2.7700000000099849        3.2534137310107486E-002
   2.7800000000099847        3.4310911270362746E-002
   2.7900000000099845        3.6051482641585281E-002
   2.8000000000099843        3.7754864371294050E-002
   2.8100000000099841        3.9420106774983227E-002
   2.8200000000099839        4.1046297875076659E-002
   2.8300000000099836        4.2632563707115281E-002
   2.8400000000099834        4.4178068593352854E-002
   2.8500000000099832        4.5682015383959454E-002
   2.8600000000099830        4.7143645666054682E-002
   2.8700000000099828        4.8562239940815627E-002
   2.8800000000099826        4.9937117768925579E-002
   2.8900000000099824        5.1267637884651995E-002
   2.9000000000099821        5.2553198278860083E-002
   2.9100000000099819        5.3793236251291787E-002
   2.9200000000099817        5.4987228432456431E-002
   2.9300000000099815        5.6134696880960566E-002
   2.9400000000099813        5.7235220036346832E-002
   2.9500000000099811        5.8288395578431698E-002
   2.9600000000099809        5.9293854050857880E-002
   2.9700000000099807        6.0251264991327019E-002
   2.9800000000099804        6.1160351073709082E-002
   2.9900000000099802        6.2020871622957746E-002
   3.0000000000099800        6.2832609199905978E-002
   3.0100000000099798        6.3595384614336808E-002
   3.0200000000099796        6.4309056674067472E-002
   3.0300000000099794        6.4973521908440537E-002
   3.0400000000099792        6.5588714266685014E-002
   3.0500000000099790        6.6154604791684724E-002
   3.0600000000099787        6.6671201269698915E-002
   3.0700000000099785        6.7138547856591332E-002
   3.0800000000099783        6.7556724681133495E-002
   3.0900000000099781        6.7925847425957586E-002
   3.1000000000099779        6.8246066886741022E-002
   3.1100000000099777        6.8517568510214830E-002
   3.1200000000099775        6.8740571911593037E-002
   3.1300000000099772        6.8915330372029363E-002
   3.1400000000099770        6.9042130316710748E-002
   3.1500000000099768        6.9121290774206270E-002
   3.1600000000099766        6.9153162817691280E-002
   3.1700000000099764        6.9138128988675385E-002
   3.1800000000099762        6.9076602703862108E-002
   3.1900000000099760        6.8969027645776546E-002
   3.2000000000099758        6.8815877137329201E-002
   3.2100000000099755        6.8617653501757928E-002
   3.2200000000099753        6.8374887409168819E-002
   3.2300000000099751        6.8088137208462185E-002
   3.2400000000099749        6.7757988246389650E-002
   3.2500000000099747        6.7385052174228452E-002
   3.2600000000099745        6.6969966242715367E-002
   3.2700000000099743        6.6513392585886358E-002
   3.2800000000099740        6.6016017494465076E-002
   3.2900000000099738        6.5478550679442096E-002
   3.3000000000099736        6.4901724526487903E-002
   3.3100000000099734        6.4286293341836040E-002
   3.3200000000099732        6.3633032590276292E-002
   3.3300000000099730        6.2942738125888867E-002
   3.3400000000099728        6.2216225416153056E-002
   3.3500000000099726        6.1454328760056076E-002
   3.3600000000099723        6.0657900500826492E-002
   3.3700000000099721        5.9827810233911871E-002
   3.3800000000099719        5.8964944010814979E-002
   3.3900000000099717        5.8070203539398624E-002
   3.4000000000099715        5.7144505381264851E-002
   3.4100000000099713        5.6188780146806810E-002
   3.4200000000099711        5.5203971688527545E-002
   3.4300000000099709        5.4191035052782319E-002
   3.4400000000099706        5.3150935571845082E-002
   3.4500000000099704        5.2084651797951978E-002
   3.4600000000099702        5.0993172305591444E-002
   3.4700000000099700        4.9877494884770890E-002
   3.4800000000099698        4.8738625736023763E-002
   3.4900000000099696        4.7577578667638162E-002
   3.5000000000099694        4.6395374295643943E-002
   3.5100000000099691        4.5193039247087896E-002
   3.5200000000099689        4.3971605367117805E-002
   3.5300000000099687        4.2732108930387550E-002
   3.5400000000099685        4.1475589857287012E-002
   3.5500000000099683        4.0203090935490293E-002
   3.5600000000099681        3.8915657047309010E-002
   3.5700000000099679        3.7614334403324706E-002
   3.5800000000099677        3.6300169782767622E-002
   3.5900000000099674        3.4974209781098414E-002
   3.6000000000099672        3.3637500065238135E-002
   3.6100000000099670        3.2291084636883877E-002
   3.6200000000099668        3.0936005104336098E-002
   3.6300000000099666        2.9573299963252669E-002
   3.6400000000099664        2.8204003886735982E-002
   3.6500000000099662        2.6829147025146105E-002
   3.6600000000099659        2.5449754316025544E-002
   3.6700000000099657        2.4066844804506854E-002
   3.6800000000099655        2.2681430974565625E-002
   3.6900000000099653        2.1294518091469719E-002
   3.7000000000099651        1.9907103555763445E-002
   3.7100000000099649        1.8520176269115812E-002
   3.7200000000099647        1.7134716012348519E-002
   3.7300000000099645        1.5751692835949932E-002
   3.7400000000099642        1.4372066463367694E-002
   3.7500000000099640        1.2996785707362971E-002
   3.7600000000099638        1.1626787899696664E-002
   3.7700000000099636        1.0262998334404874E-002
   3.7800000000099634        8.9063297249128287E-003
   3.7900000000099632        7.5576816752203485E-003
   3.8000000000099630        6.2179401653830180E-003
   3.8100000000099628        4.8879770515003751E-003
   3.8200000000099625        3.5686495804103796E-003
   3.8300000000099623        2.2607999192779393E-003
   3.8400000000099621        9.6525706448465087E-004
   3.8500000000099619       -3.1716721648018809E-004
   3.8600000000099617       -1.5856784771004495E-003
   3.8700000000099615       -2.8394982462496832E-003
   3.8800000000099613       -4.0778661488408141E-003
   3.8900000000099610       -5.3000396864006788E-003
   3.9000000000099608       -6.5052943097471394E-003
   3.9100000000099606       -7.6929237645368687E-003
   3.9200000000099604       -8.8622428370309647E-003
   3.9300000000099602       -1.0012583935150754E-002
   3.9400000000099600       -1.1143297458117471E-002
   3.9500000000099598       -1.2253753316618668E-002
   3.9600000000099596       -1.3343341197834424E-002
   3.9700000000099593       -1.4411470814184618E-002
   3.9800000000099591       -1.5457572135784178E-002
   3.9900000000099589       -1.6481095606605711E-002
   4.0000000000099591       -1.7481512344359906E-002
   4.0100000000099589       -1.8458314324114475E-002
   4.0200000000099587       -1.9411014545683877E-002
   4.0300000000099585       -2.0339147184832845E-002
   4.0400000000099583       -2.1242267728346420E-002
   4.0500000000099581       -2.2119957927106165E-002
   4.0600000000099579       -2.2971820640534379E-002
   4.0700000000099577       -2.3797475297038032E-002
   4.0800000000099574       -2.4596563010839873E-002
   4.0900000000099572       -2.5368746638608997E-002
   4.1000000000099570       -2.6113710820475838E-002
   4.1100000000099568       -2.6831162005559600E-002
   4.1200000000099566       -2.7520828462141253E-002
   4.1300000000099564       -2.8182460272623569E-002
   4.1400000000099562       -2.8815829313429173E-002
   4.1500000000099559       -2.9420729219995959E-002
   4.1600000000099557       -2.9996975337038878E-002
   4.1700000000099555       -3.0544404654254398E-002
   4.1800000000099553       -3.1062875727653774E-002
   4.1900000000099551       -3.1552268586717461E-002
   4.2000000000099549       -3.2012484627573320E-002
   4.2100000000099547       -3.2443446492407046E-002
   4.2200000000099545       -3.2845097935321046E-002
   4.2300000000099542       -3.3217403674866600E-002
   4.2400000000099540       -3.3560349233479420E-002
   4.2500000000099538       -3.3873940764056698E-002
   4.2600000000099536       -3.4158204863920072E-002
   4.2700000000099534       -3.4413188376414910E-002
   4.2800000000099532       -3.4638958180403134E-002
   4.2900000000099530       -3.4835600967912009E-002
   4.3000000000099527       -3.5003223010207446E-002
   4.3100000000099525       -3.5141949912565473E-002
   4.3200000000099523       -3.5251926358021046E-002
   4.3300000000099521       -3.5333315840377300E-002
   4.3400000000099519       -3.5386300386765296E-002
   4.3500000000099517       -3.5411080270044942E-002
   4.3600000000099515       -3.5407873711345891E-002
   4.3700000000099513       -3.5376916573049019E-002
   4.3800000000099510       -3.5318462042512197E-002
   4.3900000000099508       -3.5232780306849246E-002
   4.4000000000099506       -3.5120158219072467E-002
   4.4100000000099504       -3.4980898955913747E-002
   4.4200000000099502       -3.4815321667638927E-002
   4.4300000000099500       -3.4623761120176760E-002
   4.4400000000099498       -3.4406567329880997E-002
   4.4500000000099496       -3.4164105191250488E-002
   4.4600000000099493       -3.3896754097930748E-002
   4.4700000000099491       -3.3604907557322372E-002
   4.4800000000099489       -3.3288972799124558E-002
   4.4900000000099487       -3.2949370378139983E-002
   4.5000000000099485       -3.2586533771670118E-002
   4.5100000000099483       -3.2200908971829464E-002
   4.5200000000099481       -3.1792954073107074E-002
   4.5300000000099478       -3.1363138855504943E-002
   4.5400000000099476       -3.0911944363579497E-002
   4.5500000000099474       -3.0439862481716082E-002
   4.5600000000099472       -2.9947395505961122E-002
   4.5700000000099470       -2.9435055712739105E-002
   4.5800000000099468       -2.8903364924777325E-002
   4.5900000000099466       -2.8352854074562076E-002
   4.6000000000099464       -2.7784062765646753E-002
   4.6100000000099461       -2.7197538832131121E-002
   4.6200000000099459       -2.6593837896628336E-002
   4.6300000000099457       -2.5973522927034406E-002
   4.6400000000099455       -2.5337163792411396E-002
   4.6500000000099453       -2.4685336818293657E-002
   4.6600000000099451       -2.4018624341723346E-002
   4.6700000000099449       -2.3337614266317877E-002
   4.6800000000099446       -2.2642899617667994E-002
   4.6900000000099444       -2.1935078099363639E-002
   4.7000000000099442       -2.1214751649938995E-002
   4.7100000000099440       -2.0482526001025098E-002
   4.7200000000099438       -1.9739010236994300E-002
   4.7300000000099436       -1.8984816356376999E-002
   4.7400000000099434       -1.8220558835325237E-002
   4.7500000000099432       -1.7446854193395561E-002
   4.7600000000099429       -1.6664320055881671E-002
   4.7700000000099427       -1.5873573697840454E-002
   4.7800000000099425       -1.5075234658204636E-002
   4.7900000000099423       -1.4269923323909153E-002
   4.8000000000099421       -1.3458260005246372E-002
   4.8100000000099419       -1.2640864520870487E-002
   4.8200000000099417       -1.1818355786874762E-002
   4.8300000000099415       -1.0991351410173419E-002
   4.8400000000099412       -1.0160467286411720E-002
   4.8500000000099410       -9.3263172026253616E-003
   4.8600000000099408       -8.4895124448626791E-003
   4.8700000000099406       -7.6506614109768944E-003
   4.8800000000099404       -6.8103692287920237E-003
   4.8900000000099402       -5.9692373798373721E-003
   4.9000000000099400       -5.1278633288420333E-003
   4.9100000000099397       -4.2868401591729388E-003
   4.9200000000099395       -3.4467562143949693E-003
   4.9300000000099393       -2.6081947461251004E-003
   4.9400000000099391       -1.7717335683468116E-003
   4.9500000000099389       -9.3794471834346416E-004
   4.9600000000099387       -1.0739412440591289E-004
   4.9700000000099385        7.1935871953987540E-004
   4.9800000000099383        1.5417610722434638E-003
   4.9900000000099380        2.3592672562441214E-003
