(-10.136789027659457,5.0244590891656154e-14)
(-10.13491860231265,0.012558646857185229)
(-10.1293109230666,0.025103797472087026)
(-10.11997676329155,0.03762200029970621)
(-10.106934022044486,0.050099892886700234)
(-10.090207639749348,0.06252424566409824)
(-10.069829481182657,0.07488200484577331)
(-10.045838186780264,0.08716033415053805)
(-10.018278993547073,0.0993466550789356)
(-9.987203527099656,0.11142868549194214)
(-9.952669566599102,0.12339447625755058)
(-9.914740784535427,0.13523244575226173)
(-9.873486463502761,0.146931412027523)
(-9.828981192254913,0.1584806224757573)
(-9.781304543452272,0.16986978085643295)
(-9.730540735602428,0.18108907156924514)
(-9.676778281758695,0.19212918108851798)
(-9.620109627572173,0.20298131650000933)
(-9.56063078129594,0.21363722110803782)
(-9.498440938314713,0.224089187106906)
(-9.433642102721713,0.23433006533564094)
(-9.36633870838877,0.24435327215883548)
(-9.296637241877354,0.25415279353858244)
(-9.224645869420476,0.2637231863829534)
(-9.150474070070292,0.27305957727499763)
(-9.074232276956579,0.2821576587027057)
(-8.996031528440263,0.29101368292468777)
(-8.915983130775711,0.29962445361843776)
(-8.834198333719373,0.30798731546793456)
(-8.750788020342128,0.31610014185504653)
(-8.665862412121756,0.3239613208247493)
(-8.579530790211777,0.3315697394976799)
(-8.491901233606361,0.3389247671050918)
(-8.403080374749294,0.34602623682099926)
(-8.313173172970371,0.35287442656434775)
(-8.222282705976014,0.3594700389405533)
(-8.13050997947369,0.36581418048692077)
(-8.03795375487306,0.3719083403804016)
(-7.944710394880952,0.37775436875910284)
(-7.850873726692934,0.38335445480104324)
(-7.7565349223820235,0.38871110469505443)
(-7.661782395994322,0.39382711962960054)
(-7.566701716782822,0.3987055739157835)
(-7.471375537943416,0.40334979335105703)
(-7.375883540161241,0.40776333392032393)
(-7.280302389230495,0.41194996092124386)
(-7.184705706975775,0.415913628590854)
(-7.08916405467785,0.4196584603010766)
(-6.99374492819019,0.423188729381455)
(-6.8985127639244235,0.426508840618568)
(-6.803528954882046,0.42962331247310653)
(-6.708851880825786,0.432536760436088)
(-6.61453692214498,0.43525387923537784)
(-6.520636531044415,0.4377794296449335)
(-6.427200259816901,0.4401182223432254)
(-6.334274820128804,0.4422751044338463)
(-6.241904142756488,0.44425494641514274)
(-6.150129442056707,0.4460626299582463)
(-6.058989284522063,0.4477030364847277)
(-5.968519660807221,0.44918103653121033)
(-5.878754060646961,0.4505014798848836)
(-5.789723550123229,0.45166918647090587)
(-5.701456850774537,0.4526889379701842)
(-5.61398042007719,0.4535654701439084)
(-5.527318532863399,0.4543034658395077)
(-5.44149336327635,0.4549075486513056)
(-5.356525066896284,0.45538227720813856)
(-5.272431862704641,0.45573214005941753)
(-5.1892301145850155,0.45596155113065445)
(-5.10693441209005,0.4560748457192246)
(-5.025557650232344,0.4560762770011168)
(-4.945111108084887,0.45597001301958306)
(-4.865604526002442,0.4557601341269415)
(-4.787046181299627,0.45545063085125886)
(-4.709442962244234,0.455045402160248)
(-4.63280044024558,0.45454825409542)
(-4.557122940137347,0.4539628987503397)
(-4.482413608472567,0.45329295356768645)
(-4.408674479765236,0.4525419409307701)
(-4.335906540628282,0.4517132880261025)
(-4.264109791771736,0.45081032695464074)
(-4.193283307837614,0.4498362950703518)
(-4.123425295059338,0.4487943355256935)
(-4.054533146744601,0.4476874980048941)
(-3.9866034965885535,0.4465187396265446)
(-3.919632269833716,0.4452909259984324)
(-3.85361473229952,0.44400683240831507)
(-3.7885455373110206,0.4426691451354002)
(-3.7244187705618184,0.4412804628682353)
(-3.661227992951011,0.4398432982156275)
(-3.5989662814384515,0.43836007929828735)
(-3.537626267964719,0.43683315140921786)
(-3.4772001764873006,0.4352647787325964)
(-3.4176798581845067,0.4336571461108127)
(-3.3590568248726878,0.4320123608505621)
(-3.3013222807430345,0.4303324545592693)
(-3.2444671523576405,0.42861938500577296)
(-3.1884821171057047,0.4268750379944335)
(-3.1333576300783674,0.42510122924988514)
(-3.0790839494559843,0.4232997063046481)
(-3.0256511604595833,0.42147215038457025)
(-2.9730491979232823,0.41962017828722287)
(-2.9212678675437216,0.41774534424885507)
(-2.870296865861817,0.4158491417959669)
(-2.8201257990310697,0.4139330055779682)
(-2.7707442004256135,0.4119983131778015)
(-2.722141547139955,0.41004638689775663)
(-2.67430727543103,0.4080784955180476)
(-2.627230795227374,0.4060958560410089)
(-2.580901503298799,0.4040996353300794)
(-2.5353087962708254,0.4020909518621393)
(-2.490442082012396,0.4000708773019129)
(-2.4462907905231686,0.3980404380960713)
(-2.4028443842356353,0.39600061709806667)
(-2.360092367002209,0.3939523549935316)
(-2.3180242929697203,0.39189655185195715)
(-2.27662977448204,0.38983406855888386)
(-2.235898489413606,0.3877657282266472)
(-2.195820187905983,0.38569231756721806)
(-2.156384698540348,0.3836145882271702)
(-2.117581933977509,0.38153325808489913)
(-2.079401896095606,0.37944901251032404)
(-2.0418346806543233,0.3773625055873739)
(-2.0048704815131626,0.3752743612996479)
(-1.9684995944300117,0.37318517467969164)
(-1.9327124204650517,0.3710955129223977)
(-1.8974994690138243,0.3690059164630868)
(-1.862851360492164,0.3669169000208698)
(-1.8287588282458531,0.3648289535062662)
(-1.795212722846398,0.3627425435053543)
(-1.762204009369769,0.36065811320634006)
(-1.7297237733809514,0.3585760843272682)
(-1.6977632199374972,0.3564968574876057)
(-1.6663136750512846,0.3544208131592453)
(-1.6353665864833886,0.35234831248608556)
(-1.6049135243356403,0.35027969807460974)
(-1.5749461814530017,0.3482152947562303)
(-1.5454563736500797,0.3461554103221625)
(-1.5164360397743941,0.34410033623160036)
(-1.487877241618305,0.3420503482939529)
(-1.4597721636908467,0.34000570732589885)
(-1.4321131128600786,0.3379666597840119)
(-1.4048925178759395,0.3359334383736978)
(-1.3781029287830617,0.3339062626351735)
(-1.3517370162324074,0.33188533950721405)
(-1.3257875707000997,0.32987086386937436)
(-1.300247501621308,0.3278630190633821)
(-1.275109836446604,0.3258619773943909)
(-1.250367719627722,0.3238679006127581)
(-1.2260144115392684,0.3218809403770088)
(-1.2020432873425104,0.3199012386986232)
(-1.1784478357969757,0.31792892836927644)
(-1.1552216580252828,0.31596413337113866)
(-1.1323584662362147,0.3140069692708336)
(-1.1098520824107778,0.31205754359763177)
(-1.087696436955668,0.31011595620644267)
(-1.0658855673282548,0.30818229962615273)
(-1.0444136166369518,0.3062566593938429)
(-1.0232748322205751,0.3043391143753966)
(-1.0024635642100286,0.3024297370730046)
(-0.9819742640754631,0.30052859392004766)
(-0.9618014831618078,0.2986357455638314)
(-0.9419398712153881,0.2967512471366261)
(-0.9223841749041455,0.2948751485154558)
(-0.9031292363337936,0.2930074945710668)
(-0.8841699915620834,0.2911483254064843)
(-0.8655014691131578,0.2892976765855643)
(-0.8471187884938947,0.28745557935192667)
(-0.8290171587132072,0.2856220608384881)
(-0.8111918768099241,0.28379714426884073)
(-0.79363832638089,0.28198084914872595)
(-0.7763519761233385,0.2801731914505992)
(-0.7593283783834566,0.2783741837897155)
(-0.7425631677158709,0.2765838355927656)
(-0.7260520594544632,0.2748021532592514)
(-0.7097908482954537,0.2730291403158878)
(-0.6937754068935696,0.27126479756430955)
(-0.6780016844720548,0.26950912322235127)
(-0.6624657054472081,0.26776211305915887)
(-0.6471635680680516,0.26602376052438326)
(-0.6320914430716801,0.26429405687169427)
(-0.6172455723547776,0.2625729912768486)
(-0.6026222676613976,0.2608605509508206)
(-0.5882179092890363,0.25915672124639966)
(-0.5740289448100058,0.2574614857632218)
(-0.5600518878131715,0.25577482644489846)
(-0.5462833166564273,0.25409672367325986)
(-0.5327198732497387,0.25242715635817986)
(-0.5193582618445485,0.2507661020234841)
(-0.5061952478469515,0.24911353688878604)
(-0.493227656648171,0.24746943594767623)
(-0.48045237247341493,0.2458337730423527)
(-0.4678663372491354,0.24420652093484263)
(-0.45546654948868126,0.24258765137495486)
(-0.443250063196321,0.24097713516510127)
(-0.4312139867895902,0.23937494222211567)
(-0.4193554820398926,0.23778104163619573)
(-0.40767176303128466,0.23619540172709003)
(-0.3961600951373389,0.2346179900976492)
(-0.384817794015976,0.23304877368484966)
(-0.3736422246221603,0.2314877188084065)
(-0.3626308002382812,0.22993479121707416)
(-0.35178098153152015,0.22838995613844962)
(-0.3410902755792736,0.2268531782982716)
(-0.3305562350142593,0.2253244219935551)
(-0.3201764570816911,0.22380365110961958)
(-0.3099485827662783,0.22229082916123608)
(-0.2998702959252851,0.22078591932707328)
(-0.2899393224380103,0.21928888448245729)
(-0.28015342937148285,0.2177996872305043)
(-0.2705104241621785,0.21631828993173077)
(-0.2610081538135031,0.2148446547321658)
(-0.2516445041088421,0.21337874359006162)
(-0.24241739883995767,0.21192051830125522)
(-0.23332479905048617,0.21046994052323778)
(-0.22436470229432767,0.20902697179799537)
(-0.21553514190867878,0.20759157357366947)
(-0.20683418630149433,0.20616370722509642)
(-0.19825993825313382,0.20474333407326833)
(-0.1898105342319576,0.20333041540377783)
(-0.18148414372366545,0.20192491248426495)
(-0.17327896857411193,0.20052678658094822)
(-0.16519324234538665,0.19913599897424986)
(-0.1572252296849296,0.1977525109735735)
(-0.1493732257074446,0.19637628393126585)
(-0.14163555538938888,0.19500727925580155)
(-0.13401057297580726,0.1936454584242279)
(-0.1264966613992947,0.19229078299390048)
(-0.11909223171085247,0.19094321461354505)
(-0.11179572252242985,0.1896027150336743)
(-0.10460559946092161,0.1882692461163922)
(-0.09752035463341446,0.18694276984461086)
(-0.09053850610346066,0.185623248330711)
(-0.08365859737817197,0.18431064382466705)
(-0.0768791969059247,0.18300491872166938)
(-0.07019889758446639,0.18170603556925746)
(-0.06361631627922593,0.18041395707399682)
(-0.05713009335161756,0.1791286461077136)
(-0.05073889219715366,0.17785006571331427)
(-0.044441398793157186,0.17657817911020277)
(-0.03823632125589094,0.17531294969932223)
(-0.03212238940691058,0.17405434106783357)
(-0.026098354348456296,0.17280231699345094)
(-0.02016298804769692,0.17155684144844954)
(-0.014315082929649668,0.17031787860336345)
(-0.008553451478595084,0.16908539283038682)
(-0.0028769258478141078,0.16785934870649274)
(0.0027156425225270207,0.16663971101628544)
(0.008225383279506816,0.16542644475459814)
(0.013653407523768727,0.16421951512884864)
(0.019000808168182816,0.16301888756116495)
(0.024268660289021683,0.16182452769029348)
(0.029458021469793903,0.16063640137329943)
(0.034569932137901584,0.15945447468707075)
(0.039605415894264175,0.15827871392963508)
(0.044565479836063945,0.15710908562130033)
(0.04945111487275066,0.15594555650562641)
(0.05426329603545752,0.1547880935502387)
(0.05900298277996218,0.15363666394748968)
(0.06367111928332955,0.15249123511497778)
(0.06826863473437712,0.15135177469593214)
(0.07279644361808885,0.15021825055946755)
(0.07725544599410929,0.14909063080071855)
(0.0816465277694445,0.1479688837408608)
(0.08597056096549612,0.14685297792702065)
(0.0902284039795443,0.14574288213208633)
(0.09442090184080734,0.14463856535441919)
(0.09854888646118672,0.14353999681747656)
(0.102613176880819,0.14244714596934652)
(0.10661457950853909,0.14135998248220236)
(0.11055388835737287,0.14027847625168224)
(0.1144318852751599,0.13920259739619528)
(0.11824934017041606,0.13813231625616054)
(0.12200701123353488,0.13706760339318333)
(0.12570564515343294,0.13600842958917111)
(0.12934597732973466,0.13495476584539465)
(0.1329287320805937,0.13390658338149475)
(0.13645462284624665,0.13286385363444358)
(0.1399243523883911,0.13182654825745516)
(0.14333861298547662,0.13079463911885847)
(0.14669808662400047,0.12976809830092567)
(0.15000344518589084,0.12874689809866682)
(0.15325535063206724,0.1277310110185878)
(0.15645445518225543,0.1267204097774162)
(0.15960140149114052,0.12571506730079923)
(0.16269682282094153,0.12471495672197255)
(0.16574134321047526,0.12372005138040305)
(0.16873557764079633,0.12273032482041044)
(0.17168013219747885,0.12174575078976606)
(0.17457560422962026,0.1207663032382727)
(0.17742258250562343,0.11979195631633165)
(0.18022164736587465,0.1188226843734708)
(0.182973370872274,0.11785846195689931)
(0.18567831695483786,0.11689926381001389)
(0.18833704155531658,0.11594506487090807)
(0.1909500927679454,0.1149958402708699)
(0.1935180109773765,0.11405156533287049)
(0.19604132899385937,0.11311221557004456)
(0.19852057218572225,0.11217776668416461)
(0.20095625860921953,0.11124819456411016)
(0.20334889913579368,0.11032347528433148)
(0.20569899757677776,0.10940358510328886)
(0.2080070508058192,0.10848850046200066)
(0.21027354887849894,0.10757819798236155)
(0.21249897514996632,0.1066726544656907)
(0.21468380639006954,0.10577184689116159)
(0.2168285128962587,0.10487575241425814)
(0.21893355860426722,0.10398434836522884)
(0.22099940119664707,0.10309761224754213)
(0.22302649220906406,0.10221552173634879)
(0.22501527713475727,0.10133805467694708)
(0.22696619552670486,0.10046518908324041)
(0.2288796810979349,0.09959690313620946)
(0.23075616181985847,0.09873317518238565)
(0.23259606001869187,0.09787398373232932)
(0.23439979247001663,0.09701930745911294)
(0.23616777049151222,0.09616912519681482)
(0.2379004000338912,0.09532341593901071)
(0.2395980817700977,0.09448215883727994)
(0.241261211182903,0.09364533319977435)
(0.24289017865022472,0.09281291848950012)
(0.2444853695300057,0.09198489432319956)
(0.24604716424229958,0.09116124046965017)
(0.24757593835036645,0.09034193684826587)
(0.24907206264011417,0.08952696352764825)
(0.25053590319793845,0.08871630072411979)
(0.2519678214875986,0.08790992880041672)
(0.2533681744245748,0.08710782826406449)
(0.2547373144501199,0.08630997976610795)
(0.2560755896033539,0.08551636409966995)
(0.25738334359211734,0.08472696219855418)
(0.2586609158624929,0.08394175513585851)
(0.2599086416670259,0.08316072412259623)
(0.26112685213166204,0.08238385050632652)
(0.262315874321442,0.08161111576979294)
(0.2634760313049613,0.08084250152957212)
(0.2646076422176368,0.08007798953473023)
(0.265711022323793,0.07931756166548974)
(0.2667864830775997,0.07856119993190534)
(0.26783433218249425,0.07780888647240998)
(0.26885487365142785,0.07706060355307397)
(0.2698484078621979,0.07631633356546541)
(0.27081523161588117,0.07557605902604521)
(0.2717556381905311,0.07483976257427774)
(0.2726699173979406,0.07410742697210887)
(0.27355835563565545,0.07337903510221389)
(0.27442123593991874,0.07265456996688849)
(0.27525883803727863,0.07193401468682319)
(0.27607143839526743,0.07121735249988947)
(0.27685931027217064,0.07050456675993691)
(0.2776227237659,0.06979564093560242)
(0.2783619458619931,0.06909055860912892)
(0.27907724048075155,0.06838930347519553)
(0.27976886852353744,0.06769185933975778)
(0.28043708791822897,0.06699821011889323)
(0.28108215366388944,0.06630833983766453)
(0.2817043178746065,0.06562223262898205)
(0.2823038298225591,0.06493987273247896)
(0.28288093598136277,0.06426124449369956)
(0.28343588006342785,0.06358633236176547)
(0.2839689030659723,0.0629151208898211)
(0.28448024331105287,0.0622475947338808)
(0.28497013647974834,0.06158373865028333)
(0.28543881565494356,0.060923537495798354)
(0.28588651135828713,0.06026697622626536)
(0.2863134515873518,0.05961403989549989)
(0.28671986185254195,0.05896471365431443)
(0.2871059652128348,0.05831898274940959)
(0.2874719823112943,0.05767683252238269)
(0.28781813140983165,0.057038248408707255)
(0.28814462842339,0.05640321593673045)
(0.2884516869535628,0.05577172072668611)
(0.2887395183216453,0.05514374848971821)
(0.28900833160113687,0.05451928502691935)
(0.28925833364970244,0.05389831622837993)
(0.28948972914059634,0.05328082807224963)
(0.289702720593584,0.05266680662381256)
(0.28989750840273365,0.05205623803395673)
(0.2900742908791686,0.05144910854130402)
(0.2902332642546955,0.050845404465237644)
(0.2903746227363928,0.05024511221107275)
(0.290498558522093,0.04964821826613213)
(0.2906052618308116,0.04905470919946437)
(0.29069492093009847,0.04846457166095748)
(0.29076772216290925,0.047877792380459354)
(0.29082384997398514,0.04729435816689686)
(0.2908634869357593,0.046714255907399735)
(0.29088681377380504,0.046137472566428535)
(0.2908940093918325,0.04556399518490737)
(0.2908852508962519,0.04499381087936401)
(0.2908607136203218,0.04442690684107741)
(0.29082057114789406,0.043863270335235856)
(0.29076499533678574,0.04330288870010683)
(0.2906941563417869,0.04274574934622185)
(0.2906082226373228,0.042191839755572905)
(0.29050736104566394,0.04164114748192859)
(0.2903917367295823,0.04109366014456371)
(0.29026151327278965,0.04054936543850897)
(0.2901168526426265,0.040008251122812186)
(0.2899579152405412,0.03947030502531709)
(0.2897848599170238,0.03893551504085441)
(0.28959784399212046,0.038403869130542605)
(0.28939702327561095,0.03787535532109818)
(0.28918255183794667,0.037349961660494035)
(0.28895458303992694,0.03682767639264309)
(0.28871326803251024,0.03630848769538899)
(0.2884587567787448,0.03579238385092261)
(0.2881911978259013,0.035279353203419794)
(0.28791073832356023,0.034769384158355614)
(0.2876175240413533,0.03426246518181844)
(0.2873116993865136,0.033758584799842964)
(0.2869934074211042,0.0332577315977452)
(0.2866627898789032,0.03275989421945417)
(0.2863199871821302,0.0322650613668656)
(0.2859651384578451,0.031773221799194035)
(0.2855983815541061,0.0312843643323343)
(0.2852198530558567,0.030798477838227457)
(0.2848296883005932,0.030315551244236842)
(0.2844280213937433,0.02983557353252609)
(0.2840149852238394,0.029358533739447593)
(0.2835907114774336,0.028884420954935167)
(0.2831553306537883,0.028413224321904264)
(0.2827089720793339,0.02794493303565751)
(0.28225176392190193,0.027479536343297407)
(0.28178383320473366,0.027017023543144385)
(0.28130530582028124,0.026557383984162467)
(0.2808163065437685,0.026100607065387423)
(0.2803169590465864,0.025646682235367046)
(0.27980738590943827,0.025195598991601856)
(0.27928770863530383,0.024747346879994102)
(0.2787580476622,0.024301915494302606)
(0.27821852237574485,0.02385929447560326)
(0.2776692511215286,0.023419473511755245)
(0.27711035121729516,0.022982442336872966)
(0.27654193896494117,0.022548190730803993)
(0.27596412966232164,0.022116708518612027)
(0.275377037614892,0.021687985570066397)
(0.27478077614715635,0.021262011799136105)
(0.2741754576139532,0.020838777163490047)
(0.27356119341152646,0.02041827166399893)
(0.2729380939886682,0.020000485344263196)
(0.27230626885709563,0.019585408290095394)
(0.27166582660247035,0.01917303062907556)
(0.2710168748946572,0.01876334253006131)
(0.270359520498035,0.018356334202721585)
(0.26969386928168537,0.017951995897076523)
(0.26902002622936033,0.017550317903038154)
(0.2683380954493266,0.017151290549957836)
(0.26764818018405406,0.01675490420617799)
(0.2669503828198144,0.016361149278593272)
(0.26624480489602276,0.015970016212207314)
(0.2655315471145525,0.015581495489703584)
(0.2648107093488598,0.015195577631016675)
(0.264082390652983,0.014812253192909493)
(0.26334668927040455,0.01443151276855456)
(0.2626037026427894,0.014053346987120697)
(0.261853527418592,0.013677746513364144)
(0.26109625946153603,0.013304702047224526)
(0.2603319938589693,0.012934204323424986)
(0.2595608249301003,0.012566244111077318)
(0.25878284623410924,0.01220081221329152)
(0.2579981505781487,0.011837899466789828)
(0.2572068300252137,0.011477496741524939)
(0.2564089759019155,0.011119594940303052)
(0.25560467880612847,0.010764184998411145)
(0.2547940286145328,0.010411257883248393)
(0.2539771144900472,0.010060804593962167)
(0.2531540248891518,0.009712816161087991)
(0.2523248475691115,0.009367283646194017)
(0.2514896695950866,0.009024198141529268)
(0.2506485773471245,0.008683550769676238)
(0.24980165652717312,0.008345332683209037)
(0.2489489921657448,0.008009535064351904)
(0.24809066862876047,0.007676149124646428)
(0.24722676962402876,0.007345166104616462)
(0.24635737820794934,0.007016577273446156)
(0.24548257679183083,0.006690373928653349)
(0.2446024471482611,0.0063665473957708945)
(0.2437170704173593,0.006045089028031288)
(0.24282652711293953,0.005725990206054381)
(0.241930897128604,0.005409242337541062)
(0.24103025974370867,0.00509483685696683)
(0.24012469362928449,0.004782765225282755)
(0.23921427685386648,0.004473018929618415)
(0.23829908688922807,0.004165589482988562)
(0.23737920061604834,0.003860468424003808)
(0.23645469432949703,0.0035576473165846658)
(0.23552564374473453,0.003257117749679048)
(0.2345921240023455,0.0029588713369834317)
(0.2336542096736921,0.0026628997166675493)
(0.2327119747661931,0.00236919455110233)
(0.23176549272852812,0.0020777475265915876)
(0.23081483645577483,0.0017885503531067058)
(0.22986007829445837,0.0015015947640252935)
(0.22890129004759419,0.0012168725158714963)
(0.2279385429795418,0.0009343753880628502)
(0.22697190782098828,0.0006540951826557321)
(0.22600145477334263,0.0003760237241036456)
(0.22502725351420452,0.00010015285899878771)
(0.224049373201307,-0.000173525544157141)
(0.2230678824774641,-0.00044501959519859495)
(0.22208284947503423,-0.0007143373825306774)
(0.22109434182039264,-0.000981486973362138)
(0.22010242663834825,-0.0012464764139349515)
(0.21910717055649392,-0.0015093137297512518)
(0.21810863970950184,-0.001770006925797058)
(0.21710689974335828,-0.0020285639867629896)
(0.21610201581954183,-0.0022849928772618873)
(0.21509405261915063,-0.0025393015420439534)
(0.21408307434696555,-0.0027914979062086745)
(0.21306914473546804,-0.0030415898754137917)
(0.21205232704879304,-0.0032895853360815574)
(0.21103268408664483,-0.0035354921556023347)
(0.21001027818814472,-0.0037793181825351)
(0.20898517123563726,-0.00402107124680526)
(0.20795742465847097,-0.004260759159901418)
(0.20692709943660093,-0.004498389715061728)
(0.2058942561043873,-0.004733970687472537)
(0.20485895475408006,-0.004967509834448286)
(0.20382125503951842,-0.005199014895622447)
(0.20278121617947,-0.0054284935931216)
(0.2017388969612073,-0.005655953631749761)
(0.20069435574390698,-0.005881402699163854)
(0.19964765046202324,-0.00610484846604772)
(0.1985988386286191,-0.006326298586283605)
(0.19754797733865712,-0.006545760697121344)
(0.196495123272246,-0.0067632424193448636)
(0.19544033269784525,-0.006978751357436399)
(0.19438366147542915,-0.007192295099738149)
(0.1933251650596047,-0.007403881218611595)
(0.19226489850270093,-0.007613517270594528)
(0.19120291645780524,-0.007821210796555495)
(0.19013927318177187,-0.008026969321846041)
(0.18907402253818265,-0.008230800356450742)
(0.18800721800028167,-0.008432711395134813)
(0.18693891265385404,-0.008632709917589179)
(0.1858691592000939,-0.008830803388574126)
(0.18479800995836268,-0.009026999258055179)
(0.18372551686916244,-0.009221304961359868)
(0.18265173149666258,-0.009413727919292186)
(0.18157670503137782,-0.009604275538266243)
(0.18050048829311718,-0.009792955210461321)
(0.17942313173341962,-0.009979774313933742)
(0.17834468543822476,-0.01016474021274981)
(0.1772651991304384,-0.010347860257110828)
(0.1761847221724952,-0.010529141783477712)
(0.17510330356886164,-0.010708592114692227)
(0.17402099196852858,-0.010886218560097156)
(0.1729378356674576,-0.011062028415653511)
(0.17185388261101553,-0.0112360289640569)
(0.1707691803963544,-0.01140822747485064)
(0.16968377627478967,-0.01157863120453833)
(0.16859771715412283,-0.011747247396693023)
(0.16751104960096294,-0.01191408328206599)
(0.16642381984299115,-0.012079146078692015)
(0.16533607377122367,-0.012242442991994446)
(0.16424785694222993,-0.012403981214886938)
(0.16315921458033236,-0.012563767927874406)
(0.16207019157977845,-0.0127218102991516)
(0.1609808325069691,-0.012878115484711574)
(0.15989118160214996,-0.01303269062838345)
(0.15880128278236602,-0.013185542862040392)
(0.1577111796426711,-0.013336679305576938)
(0.15662091545860135,-0.013486107067055735)
(0.15553053318811205,-0.013633833242784854)
(0.15444007547357144,-0.013779864917403737)
(0.15334958464373827,-0.013924209163968315)
(0.15225910271571028,-0.014066873044034376)
(0.15116867139685022,-0.014207863607738597)
(0.1500783320866929,-0.014347187893878701)
(0.14898812587883015,-0.014484852929991904)
(0.1478980935627687,-0.014620865732431359)
(0.14680827562577267,-0.014755233306441335)
(0.14571871225468042,-0.0148879626462306)
(0.14462944333770483,-0.01501906073504479)
(0.14354050846620947,-0.015148534545236451)
(0.14245194693646385,-0.015276391038334083)
(0.14136379775138802,-0.015402637165109988)
(0.14027609962226145,-0.01552727986564564)
(0.13918889097042808,-0.015650326069396356)
(0.1381022099289712,-0.015771782695254425)
(0.13701609434422435,-0.01589165665158411)
(0.13593058177818074,-0.016009954836414535)
(0.13484570950857874,-0.016126684137232766)
(0.13376151453204563,-0.016241851431306742)
(0.1326780335649202,-0.016355463585608666)
(0.13159530304497377,-0.016467527456895916)
(0.1305133591329653,-0.01657804989176414)
(0.12943223771418064,-0.016687037726699813)
(0.12835197439994964,-0.016794497788129876)
(0.12727260452915123,-0.016900436892471647)
(0.12619416316970158,-0.01700486184618033)
(0.12511668512002647,-0.01710777944579611)
(0.12404020491051589,-0.017209196477989207)
(0.12296475680496691,-0.017309119719604193)
(0.12189037480200553,-0.01740755593770261)
(0.12081709263650207,-0.01750451188960502)
(0.1197449437809636,-0.017599994322931023)
(0.11867396144691658,-0.017694009975638865)
(0.117604178586271,-0.017786565576062847)
(0.11653562789267857,-0.017877667842951056)
(0.11546834180286536,-0.01796732348550019)
(0.11440235249796202,-0.01805553920339069)
(0.11333769190481192,-0.01814232168681982)
(0.1122743916972719,-0.018227677616533797)
(0.11121248329749515,-0.01831161366385914)
(0.11015199787720611,-0.018394136490732703)
(0.1090929663589583,-0.018475252749730508)
(0.10803541941738186,-0.01855496908409551)
(0.10697938748041864,-0.018633292127764427)
(0.10592490073054348,-0.01871022850539327)
(0.10487198910597932,-0.018785784832382753)
(0.10382068230189032,-0.01885996771490092)
(0.10277100977157012,-0.01893278374990602)
(0.10172300072762301,-0.01900423952516875)
(0.1006766841431216,-0.019074341619291738)
(0.09963208875276586,-0.01914309660173036)
(0.09858924305402123,-0.019210511032810323)
(0.0975481753082532,-0.019276591463745607)
(0.09650891354184851,-0.019341344436655736)
(0.09547148554732338,-0.019404776484580468)
(0.09443591888442772,-0.01946689413149548)
(0.09340224088123303,-0.019527703892325967)
(0.09237047863521333,-0.019587212272959353)
(0.09134065901431532,-0.019645425770257748)
(0.09031280865802102,-0.019702350872068782)
(0.0892869539783974,-0.019757994057236345)
(0.08826312116113859,-0.019812361795609187)
(0.08724133616659988,-0.019865460548050325)
(0.08622162473082082,-0.01991729676644444)
(0.08520401236653966,-0.019967876893704457)
(0.08418852436419905,-0.020017207363777923)
(0.08317518579294479,-0.02006529460165187)
(0.0821640215016123,-0.02011214502335756)
(0.08115505611971113,-0.020157765035974256)
(0.08014831405838914,-0.02020216103763068)
(0.07914381951140713,-0.020245339417508907)
(0.07814159645608522,-0.020287306555844407)
(0.0771416686542557,-0.02032806882392659)
(0.07614405965320227,-0.02036763258409915)
(0.07514879278659287,-0.020406004189758218)
(0.07415589117540282,-0.020443189985350982)
(0.0731653777288353,-0.020479196306373435)
(0.07217727514522923,-0.020514029479366765)
(0.07119160591296332,-0.020547695821913556)
(0.0702083923113526,-0.02058020164263323)
(0.06922765641153618,-0.02061155324117677)
(0.06824942007735968,-0.020641756908220368)
(0.06727370496625305,-0.020670818925459484)
(0.06630053253009469,-0.020698745565600446)
(0.06532992401607685,-0.020725543092353253)
(0.06436190046756282,-0.020751217760423223)
(0.06339648272493224,-0.020775775815500358)
(0.06243369142642841,-0.020799223494251364)
(0.06147354700899169,-0.020821567024306955)
(0.0605160697090936,-0.020842812624252385)
(0.05956127956356114,-0.020862966503615375)
(0.05860919641039445,-0.020882034862852738)
(0.057659839889582426,-0.02090002389333868)
(0.05671322944391118,-0.02091693977735094)
(0.05576938431976221,-0.020932788688056248)
(0.05482832356791407,-0.020947576789496)
(0.053890066044330845,-0.020961310236570843)
(0.05295463041095044,-0.020973995175025774)
(0.0520220351364636,-0.020985637741432254)
(0.051092298497091085,-0.020996244063172836)
(0.05016543857735309,-0.021005820258422868)
(0.04924147327083683,-0.02101437243613309)
(0.048320420280956164,-0.021021906696010912)
(0.047402297121708174,-0.021028429128501856)
(0.04648712111842532,-0.021033945814769892)
(0.04557490940852087,-0.021038462826677765)
(0.04466567894223168,-0.021041986226766014)
(0.043759446483356876,-0.021044522068233314)
(0.04285622860999011,-0.02104607639491393)
(0.04195604171524835,-0.021046655241256408)
(0.041058902007998006,-0.021046264632301873)
(0.04016482551357418,-0.021044910583660256)
(0.03927382807449783,-0.02104259910148868)
(0.03838592535118761,-0.021039336182466006)
(0.03750113282266883,-0.021035127813770975)
(0.036619465787276956,-0.021029979973055824)
(0.03574093936336051,-0.021023898628423143)
(0.03486556848997408,-0.021016889738399522)
(0.03399336792757558,-0.021008959251910535)
(0.03312435225871296,-0.02100011310825466)
(0.0322585358887118,-0.020990357237076988)
(0.03139593304635559,-0.020979697558342045)
(0.030536557784566907,-0.020968139982307076)
(0.029680423981081352,-0.020955690409494444)
(0.028827545339120873,-0.020942354730664033)
(0.02797793538806172,-0.020928138826784817)
(0.027131607484099422,-0.020913048569005336)
(0.02628857481091431,-0.02089708981862776)
(0.025448850380325672,-0.0208802684270743)
(0.0246124470329539,-0.020862590235862205)
(0.02377937743886917,-0.02084406107657054)
(0.022949654098244482,-0.020824686770811594)
(0.022123289342001248,-0.020804473130200164)
(0.021300295332455074,-0.02078342595632212)
(0.02048068406395777,-0.020761551040704918)
(0.019664467363534742,-0.020738854164783986)
(0.018851656891523162,-0.020715341099873167)
(0.018042264142203925,-0.020691017607130883)
(0.01723630044443525,-0.02066588943752994)
(0.016433776962277977,-0.02063996233182339)
(0.01563470469562419,-0.020613242020512325)
(0.014839094480820037,-0.020585734223813358)
(0.014046956991286363,-0.020557444651625033)
(0.013258302738137996,-0.020528379003493837)
(0.012473142070799985,-0.020498542968581057)
(0.011691485177622706,-0.020467942225628838)
(0.010913342086492497,-0.02043658244292622)
(0.010138722665442555,-0.020404469278273395)
(0.009367636623259774,-0.020371608378948625)
(0.00860009351009108,-0.020338005381673175)
(0.007836102718046228,-0.020303665912575583)
(0.0070756734817993515,-0.02026859558715614)
(0.006318814879188918,-0.020232800010252898)
(0.0055655358318143725,-0.020196284776004537)
(0.004815845105633149,-0.020159055467815795)
(0.004069751311552443,-0.020121117658320333)
(0.0033272629060231993,-0.020082476909345743)
(0.002588388191628245,-0.020043138771875846)
(0.0018531353176722892,-0.020003108786015054)
(0.001121512280767073,-0.01996239248095203)
(0.00039352692541777025,-0.01992099537492171)
(-0.00033081305539550335,-0.01987892297516941)
(-0.001051500119634142,-0.019836180777912812)
(-0.001768526875622787,-0.019792774268306165)
(-0.0024818860814698274,-0.019748708920400683)
(-0.0031915706444905103,-0.019703990197109143)
(-0.003897573620631786,-0.019658623550167127)
(-0.00459988821389876,-0.01961261442009535)
(-0.005298507775780742,-0.01956596823616142)
(-0.0059934258046816825,-0.01951869041634298)
(-0.006684635945349705,-0.019470786367288485)
(-0.007372131988308097,-0.019422261484280116)
(-0.008055907869289796,-0.019373121151193586)
(-0.008735957668669875,-0.01932337074046205)
(-0.009412275610901499,-0.01927301561303549)
(-0.01008485606395363,-0.019222061118344444)
(-0.01075369353874782,-0.019170512594257984)
(-0.01141878268859727,-0.01911837536704921)
(-0.01208011830864768,-0.019065654751352874)
(-0.012737695335318234,-0.019012356050128257)
(-0.013391508845743685,-0.01895848455462017)
(-0.014041554057218993,-0.018904045544319414)
(-0.01468782632664294,-0.0188490442869236)
(-0.015330321149964073,-0.01879348603829936)
(-0.01596903416162712,-0.018737376042441373)
(-0.01660396113402097,-0.018680719531434263)
(-0.017235097976927464,-0.018623521725413584)
(-0.017862440736969475,-0.018565787832525743)
(-0.018485985597063843,-0.018507523048889314)
(-0.01910572887586987,-0.01844873255855564)
(-0.019721667027244184,-0.01838942153346884)
(-0.020333796639691544,-0.01832959513342788)
(-0.02094211443582076,-0.018269258506045695)
(-0.021546617271797085,-0.018208416786710646)
(-0.022147302136800336,-0.018147075098546503)
(-0.022744166152479477,-0.0180852385523743)
(-0.023337206572409796,-0.01802291224667174)
(-0.023926420781550998,-0.01796010126753395)
(-0.02451180629570673,-0.017896810688635186)
(-0.02509336076098138,-0.01783304557118747)
(-0.025671081953242303,-0.017768810963903793)
(-0.026244967777578662,-0.017704111902955896)
(-0.02681501626776435,-0.01763895341193812)
(-0.027381225585718535,-0.017573340501825418)
(-0.027943594020967775,-0.017507278170935527)
(-0.028502119990111555,-0.017440771404889702)
(-0.029056802036282595,-0.017373825176573276)
(-0.02960763882861392,-0.01730644444609637)
(-0.03015462916170173,-0.017238634160755172)
(-0.030697771955071722,-0.017170399254992558)
(-0.0312370662526446,-0.01710174465035959)
(-0.031772511222203065,-0.01703267525547603)
(-0.032304106154858035,-0.016963195965992387)
(-0.03283185046451549,-0.016893311664549143)
(-0.03335574368734719,-0.01682302722074122)
(-0.03387578548125382,-0.016752347491075632)
(-0.03439197562533886,-0.016681277318935983)
(-0.03490431401937534,-0.0166098215345418)
(-0.035412800683275576,-0.01653798495491184)
(-0.03591743575656211,-0.01646577238382411)
(-0.03641821949783607,-0.01639318861177844)
(-0.03691515228425145,-0.016320238415958394)
(-0.037408234610982825,-0.016246926560192918)
(-0.037897467090698814,-0.016173257794918072)
(-0.0383828504530342,-0.016099236857139845)
(-0.03886438554406156,-0.016024868470395897)
(-0.039342073325763456,-0.015950157344717393)
(-0.03981591487550622,-0.015875108176592368)
(-0.04028591138551396,-0.01579972564892762)
(-0.04075206416233909,-0.01572401443101126)
(-0.04121437462634089,-0.015647979178476032)
(-0.04167284431115585,-0.015571624533261651)
(-0.042127474863172976,-0.01549495512357782)
(-0.042578268041010565,-0.015417975563867805)
(-0.04302522571498837,-0.015340690454770834)
(-0.04346834986660505,-0.015263104383086258)
(-0.04390764258801124,-0.01518522192173621)
(-0.04434310608149018,-0.015107047629730539)
(-0.044774742658927336,-0.015028586052128956)
(-0.0452025547412927,-0.014949841720006416)
(-0.04562654485811105,-0.014870819150415661)
(-0.04604671564694649,-0.014791522846353383)
(-0.04646306985287226,-0.014711957296722585)
(-0.04687561032794987,-0.014632126976297509)
(-0.04728434003070863,-0.014552036345689488)
(-0.047689262025622604,-0.014471689851310822)
(-0.048090379482585474,-0.014391091925339453)
(-0.04848769567639139,-0.01431024698568471)
(-0.04888121398621227,-0.014229159435952142)
(-0.04927093789507486,-0.014147833665409362)
(-0.049656870989342024,-0.014066274048951444)
(-0.05003901695818765,-0.013984484947066516)
(-0.05041737959307895,-0.013902470705802202)
(-0.05079196278725221,-0.013820235656731295)
(-0.05116277053519505,-0.013737784116918481)
(-0.05152980693212173,-0.013655120388886244)
(-0.05189307617345716,-0.013572248760582207)
(-0.05225258255431356,-0.013489173505345805)
(-0.052608330468968505,-0.01340589888187487)
(-0.05296032441034981,-0.01332242913419343)
(-0.0533085689695109,-0.013238768491618997)
(-0.05365306883511274,-0.013154921168729995)
(-0.05399382879290333,-0.013070891365333757)
(-0.05433085372519957,-0.012986683266434625)
(-0.05466414861036516,-0.012902301042201853)
(-0.05499371852229416,-0.012817748847938567)
(-0.05531956862988941,-0.01273303082404954)
(-0.05564170419654286,-0.01264815109601101)
(-0.05596013057962071,-0.012563113774339019)
(-0.05627485322993844,-0.012477922954559078)
(-0.056585877691246525,-0.01239258271717517)
(-0.056893209599708824,-0.012307097127639716)
(-0.05719685468338772,-0.012221470236324172)
(-0.057496818761720636,-0.012135706078487593)
(-0.05779310774500656,-0.012049808674248421)
(-0.05808572763388282,-0.011963782028553938)
(-0.05837468451881081,-0.011877630131152058)
(-0.05865998457955761,-0.011791356956561683)
(-0.05894163408467574,-0.01170496646404431)
(-0.059219639390986366,-0.011618462597574791)
(-0.05949400694306336,-0.011531849285814156)
(-0.059764743272712674,-0.011445130442080838)
(-0.06003185499845612,-0.011358309964322745)
(-0.06029534882501561,-0.011271391735090085)
(-0.0605552315427942,-0.011184379621508055)
(-0.06081151002735706,-0.011097277475248907)
(-0.06106419123891822,-0.011010089132506179)
(-0.06131328222182122,-0.010922818413967616)
(-0.06155879010402446,-0.010835469124788761)
(-0.0618007220965799,-0.010748045054566517)
(-0.062039085493122516,-0.010660549977314152)
(-0.0622738876693495,-0.010572987651434745)
(-0.06250513608250349,-0.01048536181969611)
(-0.06273283827086225,-0.0103976762092065)
(-0.06295700185321276,-0.010309934531387985)
(-0.06317763452834603,-0.010222140481953605)
(-0.06339474407453219,-0.010134297740882144)
(-0.06360833834900968,-0.010046409972394154)
(-0.06381842528747146,-0.009958480824928298)
(-0.06402501290354085,-0.009870513931117679)
(-0.06422810928826718,-0.00978251290776631)
(-0.06442772260960268,-0.00969448135582679)
(-0.0646238611118894,-0.009606422860376516)
(-0.06481653311534721,-0.009518340990596267)
(-0.0650057470155552,-0.00943023929974716)
(-0.06519151128294098,-0.00934212132514946)
(-0.0653738344622621,-0.009253990588160267)
(-0.06555272517209254,-0.009165850594151845)
(-0.0657281921043127,-0.00907770483249183)
(-0.06590024402358863,-0.008989556776520927)
(-0.06606888976686659,-0.008901409883533258)
(-0.06623413824285009,-0.008813267594755482)
(-0.06639599843149625,-0.008725133335327685)
(-0.06655447938348923,-0.008637010514281942)
(-0.06670959021974603,-0.008548902524525392)
(-0.0668613401308845,-0.008460812742818635)
(-0.06700973837672164,-0.008372744529758119)
(-0.0671547942857603,-0.00828470122975793)
(-0.0672965172546706,-0.008196686171030008)
(-0.0674349167477874,-0.00810870266556778)
(-0.06757000229658734,-0.008020754009127058)
(-0.06770178349918811,-0.007932843481210011)
(-0.06783027001982714,-0.007844974345046555)
(-0.06795547158835685,-0.007757149847578517)
(-0.06807739799973395,-0.007669373219443162)
(-0.06819605911349827,-0.007581647674955838)
(-0.06831146485328307,-0.007493976412095964)
(-0.06842362520627668,-0.0074063626124886445)
(-0.06853255022273942,-0.007318809441392285)
(-0.06863825001547462,-0.0072313200476812715)
(-0.06874073475932829,-0.007143897563832338)
(-0.06884001469067477,-0.007056545105909538)
(-0.06893610010691706,-0.006969265773551138)
(-0.06902900136596349,-0.006882062649954063)
(-0.06911872888572888,-0.006794938801861724)
(-0.06920529314362785,-0.006707897279550734)
(-0.06928870467605877,-0.006620941116816899)
(-0.06936897407790311,-0.006534073330963734)
(-0.06944611200200927,-0.006447296922789103)
(-0.06952012915869946,-0.006360614876574608)
(-0.06959103631524803,-0.006274030160072412)
(-0.0696588442953888,-0.006187545724494962)
(-0.06972356397879245,-0.006101164504502771)
(-0.06978520630057657,-0.006014889418194954)
(-0.06984378225079052,-0.005928723367097699)
(-0.0698993028739129,-0.005842669236154565)
(-0.06995177926834943,-0.005756729893716863)
(-0.07000122258592123,-0.005670908191533535)
(-0.0700476440313669,-0.005585206964742316)
(-0.07009105486183698,-0.005499629031860859)
(-0.07013146638639176,-0.005414177194778255)
(-0.07016888996549268,-0.005328854238746234)
(-0.07020333701050578,-0.005243662932371702)
(-0.07023481898319713,-0.005158606027609219)
(-0.07026334739523248,-0.005073686259753263)
(-0.07028893380766957,-0.00498890634743131)
(-0.07031158983046136,-0.004904268992597288)
(-0.07033132712195872,-0.004819776880525394)
(-0.07034815738840554,-0.00473543267980376)
(-0.0703620923834365,-0.0046512390423286915)
(-0.07037314390758485,-0.004567198603299679)
(-0.07038132380777333,-0.004483313981213694)
(-0.07038664397682823,-0.004399587777861197)
(-0.070389116352969,-0.004316022578320973)
(-0.07038875291931727,-0.0042326209509565066)
(-0.07038556570339612,-0.004149385447411977)
(-0.07037956677663892,-0.004066318602608934)
(-0.07037076825388555,-0.003983422934743028)
(-0.07035918229288897,-0.0039007009452810644)
(-0.07034482109382245,-0.003818155118958866)
(-0.07032769689878635,-0.003735787923779097)
(-0.07030782199130366,-0.0036536018110089005)
(-0.07028520869583392,-0.0035715992151792273)
(-0.07025986937728099,-0.003489782554081881)
(-0.07023181644049707,-0.003408154228771276)
(-0.07020106232978855,-0.003326716623561981)
(-0.07016761952842772,-0.0032454721060290715)
(-0.07013150055816288,-0.0031644230270082823)
(-0.07009271797871924,-0.0030835717205962014)
(-0.07005128438731864,-0.0030029205041513136)
(-0.07000721241818371,-0.002922471678295021)
(-0.06996051474205046,-0.002842227526912835)
(-0.0699112040656793,-0.0027621903171563453)
(-0.06985929313137035,-0.002682362299445366)
(-0.06980479471647026,-0.0026027457074700097)
(-0.06974772163289017,-0.002523342758193748)
(-0.06968808672661879,-0.002444155651856242)
(-0.06962590287723411,-0.002365186571976768)
(-0.06956118299742076,-0.002286437685357956)
(-0.06949394003248872,-0.0022079111420899478)
(-0.06942418695988009,-0.0021296090755543286)
(-0.06935193678869914,-0.0020515336024294157)
(-0.069277202559217,-0.001973686822694733)
(-0.0691999973423989,-0.0018960708196366703)
(-0.06912033423942375,-0.001818687659854169)
(-0.06903822638119295,-0.0017415393932644014)
(-0.06895368692786333,-0.0016646280531094507)
(-0.0688667290683608,-0.0015879556559628613)
(-0.06877736601990464,-0.0015115242017364242)
(-0.06868561102752754,-0.0014353356736877814)
(-0.06859147736360448,-0.0013593920384279057)
(-0.06849497832736721,-0.0012836952459289509)
(-0.06839612724443568,-0.0012082472295327383)
(-0.0682949374663434,-0.0011330499059593244)
(-0.0681914223700596,-0.001058105175315824)
(-0.06808559535751879,-0.000983414921105871)
(-0.06797746985514681,-0.0009089810102390193)
(-0.06786705931338555,-0.0008348052930406851)
(-0.06775437720623446,-0.0007608896032625731)
(-0.06763943703076578,-0.000687235758093062)
(-0.0675222523066597,-0.0006138455581681408)
(-0.06740283657574184,-0.0005407207875826395)
(-0.06728120340150574,-0.00046786321390179255)
(-0.06715736636865478,-0.0003952745881730702)
(-0.06703133908262857,-0.00032295664493848776)
(-0.06690313516914163,-0.0002509111022468428)
(-0.06677276827371852,-0.0001791396616668957)
(-0.06664025206122869,-0.0001076440083003016)
(-0.06650560021542173,-0.00003642581079521376)
(-0.06636882643847189,0.000034513278640006176)
(-0.06622994445050935,0.00010517162422259655)
(-0.06608896798916462,0.0001755476065808961)
(-0.0659459108091072,0.00024563962273969214)
(-0.06580078668158666,0.00031544608610501324)
(-0.06565360939397728,0.0003849654264488)
(-0.06550439274931465,0.0004541960898930579)
(-0.06535315056585116,0.0005231365388939764)
(-0.06519989667658892,0.000591785252225388)
(-0.06504464492883218,0.0006601407249621227)
(-0.06488740918373627,0.0007282014684630989)
(-0.06472820331584521,0.0007959660103537652)
(-0.06456704121265315,0.0008634328945087441)
(-0.06440393677414512,0.0009306006810336125)
(-0.06423890391235176,0.0009974679462468243)
(-0.06407195655089766,0.0010640332826609335)
(-0.06390310862455921,0.0011302952989638256)
(-0.06373237407880697,0.0011962526199993655)
(-0.06355976686937616,0.0012619038867479994)
(-0.06338530096180833,0.0013272477563067982)
(-0.06320899033101655,0.0013922829018693174)
(-0.0630308489608354,0.0014570080127051062)
(-0.06285089084358612,0.0015214217941389692)
(-0.062669129979635,0.001585522967529817)
(-0.062485580376947195,0.0016493102702492305)
(-0.062300256050655894,0.0017127824556597193)
(-0.06211317102262358,0.0017759382930928485)
(-0.0619243393210009,0.0018387765678266998)
(-0.06173377497979777,0.0019012960810632434)
(-0.06154149203844962,0.001963495649905906)
(-0.06134750454137121,0.0020253741073350596)
(-0.061151826537541504,0.002086930302185873)
(-0.06095447208006112,0.0021481630991234623)
(-0.060755455225730136,0.0022090713786192557)
(-0.06055479003461262,0.0022696540369261495)
(-0.060352490569614316,0.0023299099860540733)
(-0.060148570896050635,0.002389838153744442)
(-0.05994304508122657,0.0024494374834452353)
(-0.05973592719400965,0.002508706934284979)
(-0.05952723130440623,0.0025676454810470437)
(-0.05931697148314154,0.0026262521141430257)
(-0.05910516180123438,0.0026845258395862904)
(-0.05889181632958324,0.002742465678965281)
(-0.05867694913854173,0.0028000706694159164)
(-0.058460574297510746,0.0028573398635947543)
(-0.05824270587450819,0.002914272329650455)
(-0.058023357935765844,0.0029708671511962745)
(-0.057802544545309156,0.0030271234272814134)
(-0.05758027976454559,0.0030830402723624377)
(-0.05735657765185871,0.0031386168162746307)
(-0.05713145226218848,0.0031938522042021184)
(-0.05690491764662888,0.003248745596648929)
(-0.056676987852019634,0.003303296169408981)
(-0.05644767692053166,0.0033575031135355646)
(-0.0562169988892796,0.0034113656353120417)
(-0.055984967789894695,0.0034648829562196927)
(-0.05575159764814314,0.0035180543129081643)
(-0.055516902483506374,0.00357087895716305)
(-0.05528089630879858,0.0036233561558754192)
(-0.055043593129751184,0.0036754851910090853)
(-0.05480500694462595,0.0037272653595690226)
(-0.05456515174381431,0.003778695973568925)
(-0.054324041509442755,0.0038297763599984638)
(-0.054081690214979834,0.003880505860790461)
(-0.053838111824839566,0.003930883832787311)
(-0.053593320294000185,0.003980909647708359)
(-0.053347329567600556,0.004030582692115017)
(-0.05310015358056333,0.00407990236737775)
(-0.05285180625719832,0.004128868089640739)
(-0.05260230151082647,0.004177479289788523)
(-0.05235165324338693,0.004225735413410055)
(-0.052099875345056265,0.0042736359207640575)
(-0.051846981693868005,0.004321180286743728)
(-0.051592986155332386,0.004368368000840867)
(-0.05133790258205691,0.004415198567110282)
(-0.051081744813363174,0.004461671504132688)
(-0.050824526674919844,0.004507786344979586)
(-0.05056626197836006,0.004553542637175411)
(-0.050306964520913405,0.004598939942661325)
(-0.05004664808502854,0.004643977837757356)
(-0.04978532643800697,0.0046886559131254476)
(-0.04952301333163076,0.004732973773731288)
(-0.04925972250179634,0.004776931038806479)
(-0.048995467668146844,0.004820527341810365)
(-0.04873026253370469,0.00486376233039084)
(-0.0484641207845163,0.00490663566634687)
(-0.04819705608927951,0.004949147025588)
(-0.04792908209898848,0.004991296098095994)
(-0.047660212446576464,0.005033082587885177)
(-0.0473904607465506,0.005074506212962149)
(-0.04711984059464205,0.005115566705286298)
(-0.04684836556745131,0.0051562638107294605)
(-0.046576049222088446,0.005196597289034993)
(-0.046302905095828295,0.005236566913777267)
(-0.04602894670575554,0.005276172472320849)
(-0.04575418754841776,0.005315413765778754)
(-0.04547864109947648,0.005354290608971286)
(-0.045202320813364706,0.0053928028303844725)
(-0.04492524012293609,0.005430950272127314)
(-0.04464741243913192,0.00546873278989083)
(-0.04436885115062728,0.005506150252904172)
(-0.04408956962350229,0.005543202543893037)
(-0.0438095812008959,0.005579889559035999)
(-0.04352889920267721,0.005616211207922399)
(-0.04324753692510057,0.005652167413507454)
(-0.04296550764048031,0.005687758112070089)
(-0.04268282459685403,0.005722983253168324)
(-0.0423995010176507,0.00575784279959491)
(-0.04211555010136911,0.005792336727334297)
(-0.04183098502124046,0.0058264650255166715)
(-0.04154581892491231,0.005860227696374376)
(-0.04126006493411507,0.0058936247551960455)
(-0.04097373614434756,0.0059266562302822045)
(-0.04068684562455004,0.005959322162899414)
(-0.04039940641678611,0.0059916226072345225)
(-0.040111431535926646,0.006023557630349216)
(-0.03982293396933366,0.006055127312134272)
(-0.0395339266765418,0.006086331745262289)
(-0.03924442258895025,0.006117171035142308)
(-0.038954434609507135,0.0061476452998724205)
(-0.038663975612401064,0.006177754670193)
(-0.03837305844275508,0.006207499289440168)
(-0.038081695916316625,0.006236879313497588)
(-0.037789900819155245,0.006265894910749994)
(-0.03749768590735771,0.0062945462620345415)
(-0.037205063906727134,0.006322833560593444)
(-0.03691204751248279,0.006350757012025769)
(-0.03661864938896195,0.006378316834239197)
(-0.03632488216932291,0.006405513257401559)
(-0.036030758455250604,0.006432346523891801)
(-0.03573629081666141,0.0064588168882514395)
(-0.03544149179141443,0.006484924617135396)
(-0.03514637388501801,0.006510669989262691)
(-0.03485094957034567,0.006536053295367339)
(-0.03455523128734418,0.0065610748381477665)
(-0.034259231442755944,0.006585734932218527)
(-0.03396296240982458,0.006610033904058135)
(-0.03366643652802665,0.006633972091961294)
(-0.03336966610278182,0.006657549845986713)
(-0.03307266340517645,0.00668076752790683)
(-0.03277544067169325,0.006703625511158088)
(-0.032478010103928555,0.006726124180789034)
(-0.032180383868323933,0.00674826393340936)
(-0.031882574095894026,0.006770045177139122)
(-0.03158459288195521,0.006791468331556388)
(-0.03128645228586058,0.00681253382764685)
(-0.030988164330730854,0.006833242107750782)
(-0.030689741003193736,0.006853593625512238)
(-0.030391194253116906,0.006873588845826171)
(-0.03009253599335002,0.006893228244786263)
(-0.029793778099463084,0.006912512309632458)
(-0.029494932409493163,0.006931441538698835)
(-0.02919601072368366,0.006950016441360327)
(-0.028897024804234152,0.006968237537979918)
(-0.028597986375046958,0.006986105359855787)
(-0.02829890712147341,0.007003620449167063)
(-0.027999798690074365,0.007020783358922915)
(-0.027700672688359865,0.007037594652905166)
(-0.027401540684557996,0.007054054905618699)
(-0.027102414207358667,0.007070164702234079)
(-0.026803304745684618,0.007085924638536715)
(-0.02650422374843815,0.007101335320869283)
(-0.026205182624276218,0.0071163973660810734)
(-0.02590619274136407,0.0071311114014706595)
(-0.025607265427145528,0.007145478064732687)
(-0.025308411968111098,0.007159498003903449)
(-0.0250096436095633,0.007173171877304796)
(-0.024710971555389635,0.007186500353490217)
(-0.024412406967836704,0.007199484111189155)
(-0.02411396096727896,0.007212123839251622)
(-0.023815644632007173,0.0072244202365946975)
(-0.023517468997990332,0.007236374012143611)
(-0.023219445058668083,0.007247985884778946)
(-0.02292158376472584,0.007259256583279262)
(-0.022623896023882026,0.007270186846266668)
(-0.02232639270067009,0.007280777422148825)
(-0.022029084616229374,0.00729102906906541)
(-0.02173198254808783,0.00730094255482824)
(-0.02143509722996064,0.007310518656868878)
(-0.021138439351537898,0.007319758162179508)
(-0.0208420195582779,0.007328661867256881)
(-0.02054584845120777,0.0073372305780461345)
(-0.0202499365867176,0.007345465109883315)
(-0.01995429447636224,0.007353366287438841)
(-0.01965893258666181,0.007360934944660378)
(-0.019363861338905636,0.007368171924715123)
(-0.01906909110895818,0.007375078079933461)
(-0.018774632227065366,0.007381654271750844)
(-0.018480494977663874,0.007387901370650578)
(-0.01818668959919252,0.007393820256106929)
(-0.01789322628390223,0.007399411816525296)
(-0.017600115177674375,0.0074046769491873015)
(-0.017307366379834578,0.007409616560190564)
(-0.01701498994297192,0.007414231564392438)
(-0.016722995872756826,0.007418522885350071)
(-0.01643139412776642,0.007422491455264579)
(-0.016140194619306325,0.007426138214921107)
(-0.015849407211235168,0.007429464113630752)
(-0.015559041719793498,0.007432470109172669)
(-0.015269107913431812,0.00743515716773512)
(-0.014979615512642838,0.007437526263856873)
(-0.014690574189794312,0.00743957838036943)
(-0.014401993568961382,0.0074413145083365795)
(-0.01411388322576668,0.007442735646997248)
(-0.013826252687217626,0.0074438428037061095)
(-0.013539111431544563,0.007444636993873924)
(-0.013252468888045203,0.007445119240909211)
(-0.012966334436927603,0.007445290576158534)
(-0.012680717409158455,0.007445152038849094)
(-0.012395627086305885,0.007444704676026754)
(-0.012111072700393575,0.007443949542498423)
(-0.011827063433749025,0.007442887700772356)
(-0.011543608418860384,0.007441520220999092)
(-0.011260716738226767,0.007439848180911144)
(-0.010978397424219943,0.0074378726657641945)
(-0.010696659458940317,0.007435594768277052)
(-0.010415511774077724,0.007433015588571795)
(-0.010134963250775062,0.00743013623411471)
(-0.00985502271949223,0.007426957819655765)
(-0.009575698959872779,0.007423481467169864)
(-0.009297000700609808,0.007419708305795189)
(-0.009018936619319974,0.007415639471775628)
(-0.00874151534241099,0.007411276108398561)
(-0.008464745444958234,0.007406619365935978)
(-0.00818863545057867,0.007401670401584707)
(-0.00791319383130868,0.007396430379405032)
(-0.0076384290074845524,0.007390900470262629)
(-0.007364349347621011,0.007385081851766012)
(-0.007090963168295839,0.0073789757082081305)
(-0.006818278734034253,0.007372583230504974)
(-0.006546304257195786,0.007365905616136432)
(-0.006275047897862695,0.007358944069085176)
(-0.006004517763728719,0.00735169979977594)
(-0.005734721909994048,0.00734417402501592)
(-0.005465668339257479,0.00733636796793489)
(-0.005197365001412452,0.007328282857923605)
(-0.004929819793544902,0.007319919930573751)
(-0.004663040559833278,0.0073112804276176235)
(-0.0043970350914489574,0.007302365596867802)
(-0.00413181112646051,0.007293176692156602)
(-0.0038673763497384943,0.00728371497327518)
(-0.0036037383928614066,0.0072739817059134316)
(-0.003340904834025865,0.007263978161599338)
(-0.0030788831979564253,0.007253705617638422)
(-0.0028176809558182916,0.007243165357053157)
(-0.002557305525131145,0.00723235866852261)
(-0.0022977642696857285,0.007221286846321527)
(-0.002039064499461817,0.00720995119026001)
(-0.0017812134705477245,0.007198353005623145)
(-0.0015242183850615472,0.007186493603109835)
(-0.0012680863910754187,0.0071743742987725)
(-0.0010128245825406096,0.007161996413957685)
(-0.0007584399992139208,0.007149361275242486)
(-0.0005049396265874619,0.0071364702143778104)
(-0.0002523303958186082,0.007123324568224935)
(-6.191836630702089e-7,0.007109925678696261)
(0.0002501871875907173,0.007096274892694283)
(0.0005000819501858243,0.007082373562051744)
(0.000749058390958292,0.007068223043470393)
(0.0009971098513978753,0.007053824698460868)
(0.0012442297277056842,0.007039179893281743)
(0.0014904114708515657,0.0070242899988804414)
(0.0017356485866285222,0.007009156390830963)
(0.001979934635705362,0.006993780449275106)
(0.0022232632336779586,0.0069781635588606955)
(0.002465628051119221,0.006962307108682325)
(0.0027070228136257066,0.006946212492220432)
(0.0029474413018640696,0.00692988110728124)
(0.0031868773516147237,0.006913314355936609)
(0.0034253248538138777,0.006896513644463227)
(0.003662777754594272,0.006879480383282749)
(0.0038992300553235735,0.006862215986902128)
(0.0041346758126409346,0.0068447218738527495)
(0.0043691091384927255,0.006826999466630603)
(0.004602524200164987,0.006809050191636166)
(0.004834915220315629,0.006790875479114923)
(0.005066276477003077,0.0067724767630959835)
(0.005296602303715698,0.00675385548133428)
(0.005525887089396204,0.006735013075248423)
(0.005754125278468101,0.006715950989862772)
(0.005981311370856214,0.006696670673746391)
(0.006207439922009381,0.0066771735789541995)
(0.006432505542918156,0.006657461160966546)
(0.006656502900132968,0.006637534878629828)
(0.006879426715779476,0.0066173961940968334)
(0.007101271767572743,0.0065970465727682595)
(0.007322032888829309,0.006576487483231963)
(0.007541704968476645,0.0065557203972034465)
(0.007760282951063272,0.006534746789467871)
(0.00797776183676471,0.006513568137819255)
(0.008194136681388787,0.006492185923002867)
(0.00840940259638003,0.006470601628654873)
(0.00862355474881933,0.0064488167412431584)
(0.008836588361426886,0.00642683275000984)
(0.009048498712557326,0.006404651146910475)
(0.009259281136199298,0.006382273426556557)
(0.009468931021967286,0.006359701086155485)
(0.009677443815097638,0.006336935625453556)
(0.009884815016438987,0.006313978546675969)
(0.010091040182440881,0.006290831354468214)
(0.01029611492514376,0.006267495555839069)
(0.010500034912163426,0.00624397266010017)
(0.010702795866678811,0.00622026417880984)
(0.010904393567410022,0.006196371625712501)
(0.011104823848604712,0.006172296516682819)
(0.011304082600015733,0.006148040369666914)
(0.011502165766877903,0.006123604704622799)
(0.011699069349885838,0.006098991043464903)
(0.011894789405168889,0.006074200910004891)
(0.012089322044263528,0.006049235829894744)
(0.01228266343408417,0.006024097330568307)
(0.012474809796894077,0.005998786941184652)
(0.012665757410271991,0.005973306192569745)
(0.012855502607079964,0.005947656617160036)
(0.013044041775427603,0.005921839748945148)
(0.013231371358636182,0.005895857123410605)
(0.013417487855196628,0.005869710277480001)
(0.013602387818733729,0.00584340074945962)
(0.013786067857962714,0.005816930078980773)
(0.013968524636645534,0.005790299806943501)
(0.014149754873546113,0.005763511475459364)
(0.014329755342384284,0.005736566627795919)
(0.01450852287178656,0.005709466808319437)
(0.014686054345238678,0.0056822135624397556)
(0.014862346701031771,0.00565480843655325)
(0.015037396932209067,0.005627252977986539)
(0.015211202086515737,0.005599548734942378)
(0.015383759266337725,0.005571697256441915)
(0.015555065628647011,0.0055437000922702465)
(0.01572511838494046,0.005515558792919957)
(0.015893914801182202,0.00548727490953731)
(0.016061452197737205,0.005458849993864801)
(0.016227727949310638,0.005430285598188015)
(0.016392739484881177,0.005401583275279342)
(0.016556484287634128,0.0053727445783436365)
(0.016718959894893137,0.005343771060963582)
(0.016880163898048587,0.005314664277043987)
(0.017040093942488253,0.005285425780758806)
(0.01719874772752448,0.005256057126496066)
(0.017356123006317257,0.005226559868803508)
(0.017512217585799038,0.005196935562334347)
(0.0176670293265992,0.005167185761794286)
(0.01782055614295983,0.005137312021885898)
(0.017972796002660836,0.005107315897256858)
(0.018123746926936003,0.005077198942445763)
(0.018273406990386168,0.005046962711827809)
(0.01842177432090111,0.00501660875956332)
(0.018568847099562726,0.00498613863954228)
(0.018714623560568838,0.004955553905334065)
(0.01885910199113462,0.0049248561101324)
(0.019002280731405502,0.0048940468067037645)
(0.01914415817436564,0.004863127547335114)
(0.019284732765741226,0.004832099883780358)
(0.01942400300390806,0.004800965367209601)
(0.019561967439792733,0.004769725548155833)
(0.019698624676775835,0.00473838197646385)
(0.019833973370592218,0.0047069362012380185)
(0.01996801222923002,0.00467538977079126)
(0.020100740012828366,0.004643744232592926)
(0.02023215553357109,0.004612001133217535)
(0.020362257655588245,0.0045801620182947325)
(0.020491045294840644,0.00454822843245674)
(0.020618517419021924,0.004516201919289612)
(0.020744673047437486,0.004484084021279635)
(0.020869511250907854,0.004451876279766731)
(0.02099303115164253,0.004419580234890371)
(0.021115231923135122,0.004387197425541613)
(0.02123611279004966,0.004354729389313537)
(0.02135567302809686,0.00432217766244946)
(0.021473911963925923,0.004289543779795445)
(0.021590828974996215,0.0042568292747490405)
(0.021706423489466168,0.004224035679211429)
(0.021820694986066234,0.0041911645235378076)
(0.021933642993979516,0.0041582173364883915)
(0.022045267092713122,0.004125195645179478)
(0.02215556691197695,0.004092100975035238)
(0.02226454213155678,0.0040589348497394135)
(0.022372192481184466,0.00402569879118674)
(0.02247851774040928,0.0039923943194351535)
(0.022583517738468947,0.003959022952657985)
(0.022687192354155263,0.003925586207096014)
(0.02278954151568561,0.0038920855970107)
(0.02289056520056123,0.0038585226346357073)
(0.022990263435439123,0.0038248988301309073)
(0.02308863629599144,0.0037912156915349683)
(0.023185683906767514,0.0037574747247185393)
(0.02328140644105799,0.0037236774333383425)
(0.023375804120748144,0.00368982531878968)
(0.02346887721618349,0.0036559198801614846)
(0.023560626046021528,0.0036219626141897675)
(0.023651050977086426,0.003587955015211112)
(0.023740152424232542,0.0035538985751190654)
(0.023827930850190176,0.0035197947833170715)
(0.023914386765415397,0.0034856451266731476)
(0.023999520727951574,0.0034514510894764084)
(0.02408333334327365,0.0034172141533914545)
(0.02416582526413085,0.0033829357974126265)
(0.02424699719040462,0.0033486174978215135)
(0.0243268498689502,0.003314260728141806)
(0.02440538409344364,0.0032798669590953958)
(0.02448260070422453,0.0032454376585586554)
(0.024558500588138056,0.003210974291518469)
(0.024633084678382693,0.0031764783200299014)
(0.0247063539543437,0.00314195120317161)
(0.02477830944143801,0.0031073943970038732)
(0.024848952210948114,0.00307280935452513)
(0.024918283379867782,0.0030381975256304245)
(0.024986304110732525,0.003003560357068223)
(0.02505301561145506,0.0029688992923983465)
(0.02511841913515997,0.00293421577195005)
(0.025182515980021664,0.0028995112327809777)
(0.025245307489089333,0.002864787108634554)
(0.025306795050121882,0.0028300448298992868)
(0.02536698009541993,0.002795285823567872)
(0.02542586410165202,0.002760511513195939)
(0.025483448589688547,0.00272572331886217)
(0.025539735124415743,0.0026909226571261145)
(0.025594725314574775,0.0026561109409897862)
(0.02564842081258268,0.0026212895798569213)
(0.02570082331435772,0.0025864599794934748)
(0.025751934559135912,0.002551623541987191)
(0.025801756329302962,0.0025167816657095366)
(0.025850290450207057,0.0024819357452753933)
(0.02589753878998718,0.0024470871715052585)
(0.025943503259380853,0.002412237331385357)
(0.025988185811557957,0.0023773876080304015)
(0.026031588441923506,0.0023425393806444407)
(0.026073713187939895,0.002307694024483004)
(0.026114562128949203,0.002272852910816215)
(0.026154137385974136,0.00223801740688962)
(0.02619244112154222,0.0022031888758882933)
(0.0262294755394931,0.002168368676898808)
(0.026265242884796796,0.002133558164873125)
(0.02629974544335385,0.0020987586905910276)
(0.02633298554181904,0.00206397160062467)
(0.026364965547398984,0.002029198237301549)
(0.026395687867664924,0.0019944399386689965)
(0.026425154950361695,0.00195969803845817)
(0.026453369283213436,0.0019249738660491304)
(0.02648033339372868,0.0018902687464346791)
(0.026506049849006105,0.0018555840001860822)
(0.02653052125553476,0.0018209209434176471)
(0.026553750259006654,0.0017862808877529036)
(0.026575739544109713,0.0017516651402894178)
(0.026596491834330858,0.0017170750035650764)
(0.026616009891765897,0.0016825117755246322)
(0.026634296516909624,0.00164797674948532)
(0.026651354548457334,0.0016134712141037844)
(0.026667186863106762,0.0015789964533431497)
(0.026681796375353825,0.0015445537464397418)
(0.026695186037287065,0.001510144367870346)
(0.02670735883839128,0.0014757695873203018)
(0.026718317805333968,0.001441430669650722)
(0.026728066001765693,0.001407128874866686)
(0.026736606528119627,0.00137286545808593)
(0.02674394252138582,0.001338641669506394)
(0.026750077154928015,0.0013044587543760647)
(0.026755013638255998,0.0012703179529611236)
(0.02675875521683313,0.0012362205005158615)
(0.026761305171853066,0.0012021676272515472)
(0.02676266682003554,0.0011681605583064776)
(0.02676284351341636,0.0011342005137158417)
(0.026761838639140195,0.0011002887083821334)
(0.026759655619235843,0.0010664263520453034)
(0.026756297910416213,0.0010326146492535084)
(0.02675176900385896,0.0009988547993342953)
(0.02674607242499204,0.0009651479963653784)
(0.026739211733282732,0.0009314954291465065)
(0.026731190522021483,0.0008978982811708591)
(0.02672201241810272,0.0008643577305969831)
(0.026711681081809158,0.000830874950221032)
(0.02670020020660033,0.0007974511074491801)
(0.02668757351889055,0.0007640873642703428)
(0.026673804777829047,0.0007307848772287964)
(0.02665889777508857,0.0006975447973978436)
(0.02664285633463065,0.0006643682703525607)
(0.026625684312511447,0.0006312564361442565)
(0.02660738559663247,0.0005982104292733934)
(0.02658796410654089,0.0005652313786648011)
(0.02656742379319863,0.0005323204076412711)
(0.026545768638762932,0.0004994786338984977)
(0.026523002656366066,0.0004667071694800827)
(0.026499129889882383,0.00043400712075245576)
(0.026474154413722226,0.00040137958838064113)
(0.026448080332587838,0.00036882566730323)
(0.026420911781270786,0.00033634644670920777)
(0.02639265292440533,0.0003039430100133714)
(0.026363307956258304,0.0002716164348330354)
(0.026332881100499788,0.00023936779296462868)
(0.026301376609972376,0.00020719815036064783)
(0.02626879876646801,0.00017510856710683812)
(0.02623515188050358,0.00014310009739949497)
(0.026200440291086785,0.00011117378952324583)
(0.026164668365495105,0.0000793306858288999)
(0.0261278404990421,0.00004757182271170952)
(0.026089961114851328,0.000015898230589678258)
(0.026051034663628965,-0.00001568906611768985)
(0.026011065623431025,-0.00004718904901047684)
(0.025970058499431268,-0.0000786007057291177)
(0.02592801782369927,-0.00010992302997494308)
(0.02588494815496408,-0.00014115502153073652)
(0.025840854078382373,-0.0001722956862804173)
(0.025795740205310242,-0.00020334403622909134)
(0.025749611173072062,-0.0002342990895225147)
(0.025702471644723807,-0.00026515987046632565)
(0.025654326308828936,-0.00029592540954531357)
(0.02560517987921288,-0.0003265947434417035)
(0.025555037094747816,-0.00035716691505449525)
(0.025503902719105017,-0.0003876409735167972)
(0.025451781540525593,-0.00041801597421457906)
(0.025398678371589715,-0.00044829097880407464)
(0.025344598048981905,-0.00047846505522936966)
(0.025289545433254648,-0.0005085372777397701)
(0.025233525408593065,-0.0005385067269064832)
(0.02517654288258543,-0.0005683724896398673)
(0.025118602785981655,-0.0005981336592054046)
(0.025059710072464443,-0.0006277893352403406)
(0.024999869718409642,-0.0006573386237694042)
(0.024939086722652597,-0.00068678063722077)
(0.024877366106248865,-0.0007161144944411154)
(0.024814712912246746,-0.0007453393207114838)
(0.024751132205439872,-0.0007744542477615494)
(0.02468662907214054,-0.0008034584137849725)
(0.024621208619935858,-0.0008323509634533889)
(0.024554875977459017,-0.0008611310479308474)
(0.024487636294142617,-0.00088979782488761)
(0.02441949473999081,-0.0009183504585140287)
(0.024350456505336446,-0.0009467881195338458)
(0.024280526800606408,-0.0009751099852173356)
(0.02420971085608221,-0.0010033152393944583)
(0.02413801392166591,-0.001031403072467386)
(0.024065441266638895,-0.0010593726814229012)
(0.023991998179428497,-0.001087223269844703)
(0.023917689967360493,-0.0011149540479249021)
(0.023842521956439735,-0.0011425642324768082)
(0.023766499491088753,-0.0011700530469446447)
(0.023689627933927437,-0.0011974197214161203)
(0.023611912665530935,-0.0012246634926328817)
(0.023533359084185995,-0.0012517836040010343)
(0.023453972605658204,-0.0012787793056016135)
(0.023373758662951837,-0.0013056498542007018)
(0.02329272270607477,-0.0013323945132597758)
(0.023210870201790863,-0.001359012552944403)
(0.023128206633395525,-0.0013855032501347265)
(0.023044737500466324,-0.0014118658884338883)
(0.022960468318628247,-0.001438099758177034)
(0.02287540461931716,-0.0014642041564402583)
(0.022789551949540146,-0.0014901783870486472)
(0.02270291587163479,-0.0015160217605845873)
(0.022615501963038378,-0.0015417335943959719)
(0.022527315816036127,-0.001567313212602731)
(0.02243836303754495,-0.0015927599461060529)
(0.022348649248850678,-0.0016180731325938168)
(0.0222581800853862,-0.0016432521165481854)
(0.022166961196487818,-0.001668296249252449)
(0.022074998245159537,-0.0016932048887970431)
(0.021982296907835347,-0.0017179774000861618)
(0.021888862874135263,-0.0017426131548427923)
(0.021794701846640153,-0.0017671115316155372)
(0.021699819540642807,-0.0017914719157831752)
(0.021604221683917544,-0.0018156936995602376)
(0.021507914016475817,-0.0018397762820013008)
(0.02141090229033684,-0.00186371906900653)
(0.02131319226929162,-0.0018875214733260212)
(0.02121478972865321,-0.0019111829145628358)
(0.021115700455034934,-0.0019347028191782707)
(0.021015930246106134,-0.0019580806204950673)
(0.02091548491035802,-0.001981315758700714)
(0.020814370266867985,-0.0020044076808509023)
(0.020712592145055237,-0.002027355840871539)
(0.020610156384467535,-0.0020501596995639655)
(0.020507068834513812,-0.002072818724603807)
(0.020403335354259373,-0.0020953323905468016)
(0.020298961812167674,-0.0021177001788279886)
(0.02019395408587539,-0.0021399215777647734)
(0.020088318061965853,-0.0021619960825591464)
(0.019982059635711622,-0.00218392319529667)
(0.019875184710866484,-0.002205702424950173)
(0.019767699199411244,-0.0022273332873783127)
(0.019659609021331924,-0.0022488153053277934)
(0.01955092010438046,-0.002270148008432422)
(0.019441638383843857,-0.0022913309332140905)
(0.019331769802312646,-0.0023123636230822984)
(0.01922132030943941,-0.0023332456283330387)
(0.0191102958617215,-0.002353976506149689)
(0.018998702422255053,-0.0023745558206006694)
(0.018886545960513354,-0.002394983142639538)
(0.018773832452104424,-0.0024152580501020657)
(0.01866056787855271,-0.0024353801277067367)
(0.018546758227057942,-0.0024553489670510564)
(0.018432409490271535,-0.0024751641666108932)
(0.01831752766605952,-0.002494825331736917)
(0.018202118757279052,-0.0025143320746533423)
(0.018086188771547475,-0.0025336840144544338)
(0.01796974372100861,-0.002552880777101414)
(0.017852789622114017,-0.0025719219954203365)
(0.01773533249538051,-0.002590807309096952)
(0.01761737836517418,-0.0026095363646743033)
(0.0174989332594807,-0.002628108815548984)
(0.01738000320967283,-0.002646524321966084)
(0.017260594250286282,-0.002664782551015104)
(0.01714071241879733,-0.002682883176626263)
(0.017020363755387534,-0.0027008258795639417)
(0.016899554302731754,-0.002718610347424113)
(0.016778290105757283,-0.0027362362746262505)
(0.01665657721143383,-0.002753703362410566)
(0.01653442166853856,-0.002771011318830244)
(0.016411829527436857,-0.002788159858746712)
(0.0162888068398587,-0.002805148703822882)
(0.016165359658674,-0.0028219775825168874)
(0.016041494037674464,-0.0028386462300761285)
(0.015917216031347787,-0.0028551543885298627)
(0.015792531694652306,-0.002871501806681423)
(0.01566744708280924,-0.0028876882401032943)
(0.015541968251066548,-0.0029037134511269783)
(0.0154161012544877,-0.002919577208836759)
(0.015289852147731656,-0.002935279289061774)
(0.01516322698483114,-0.002950819474367492)
(0.015036231818977237,-0.0029661975540478166)
(0.014908872702298808,-0.002981413324116047)
(0.014781155685645019,-0.002996466587296312)
(0.014653086818371276,-0.003011357153014871)
(0.014524672148121346,-0.003026084837390983)
(0.014395917720605245,-0.0030406494632257194)
(0.014266829579398064,-0.0030550508599959374)
(0.014137413765712748,-0.0030692888638411543)
(0.014007676318187206,-0.003083363317554247)
(0.013877623272681723,-0.003097274070573575)
(0.013747260662050294,-0.0031110209789687445)
(0.013616594515938978,-0.003124603905432878)
(0.01348563086056945,-0.0031380227192700206)
(0.013354375718532928,-0.003151277296386161)
(0.013222835108568337,-0.0031643675192745573)
(0.013091015045367709,-0.0031772932770082643)
(0.012958921539354865,-0.003190054465225697)
(0.012826560596478074,-0.003202650986118782)
(0.012693938218008525,-0.0032150827484228447)
(0.012561060400325258,-0.0032273496674023947)
(0.012427933134711985,-0.003239451664839366)
(0.012294562407152364,-0.0032513886690211037)
(0.012160954198117118,-0.003263160614725376)
(0.012027114482369702,-0.0032747674432103626)
(0.011893049228753368,-0.003286209102198857)
(0.011758764399988363,-0.0032974855458652516)
(0.011624265952475298,-0.0033085967348233775)
(0.011489559836082833,-0.0033195426361098427)
(0.011354651993957333,-0.0033303232231736983)
(0.011219548362313387,-0.0033409384758590864)
(0.011084254870233783,-0.0033513883803912344)
(0.010948777439476,-0.0033616729293636655)
(0.010813121984267541,-0.0033717921217213784)
(0.010677294411111081,-0.003381745962747187)
(0.010541300618583046,-0.003391534464045101)
(0.010405146497142168,-0.0034011576435265703)
(0.010268837928929377,-0.0034106155253939025)
(0.010132380787572755,-0.003419908140124327)
(0.009995780937996338,-0.003429035524455266)
(0.009859044236220804,-0.0034379977213663386)
(0.009722176529175317,-0.0034467947800648764)
(0.009585183654502585,-0.003455426755968499)
(0.009448071440366905,-0.003463893710688186)
(0.009310845705264052,-0.0034721957120119424)
(0.009173512257833026,-0.0034803328338883196)
(0.009036076896664084,-0.0034883051564081387)
(0.008898545410107976,-0.003496112765786458)
(0.008760923576095557,-0.0035037557543478853)
(0.008623217161942268,-0.0035112342205054765)
(0.008485431924167841,-0.0035185482687448517)
(0.008347573608307911,-0.0035256980096056703)
(0.008209647948731557,-0.003532683559663647)
(0.008071660668453008,-0.0035395050415103373)
(0.007933617478956014,-0.0035461625837382603)
(0.007795524080002723,-0.003552656320917489)
(0.007657386159459315,-0.0035589863935804275)
(0.007519209393111532,-0.0035651529482009065)
(0.007380999444486239,-0.003571156137175221)
(0.007242761964671395,-0.0035769961188025523)
(0.00710450259214001,-0.003582673057266353)
(0.006966226952570268,-0.003588187122613106)
(0.006827940658670173,-0.003593538490733386)
(0.0066896493100021,-0.0035987273433410122)
(0.006551358492807962,-0.0036037538679541655)
(0.006413073779834246,-0.0036086182578732163)
(0.0062748007301606365,-0.0036133207121615083)
(0.006136544889024677,-0.00361786143562314)
(0.005998311787655195,-0.0036222406387847053)
(0.005860106943096814,-0.003626458537871045)
(0.005721935858042385,-0.003630515354785794)
(0.005583804020666552,-0.003634411317091036)
(0.005445716904453104,-0.003638146657983024)
(0.005307679968031258,-0.003641721616272969)
(0.005169698655009571,-0.0036451364363643594)
(0.005031778393807725,-0.0036483913682302947)
(0.004893924597495853,-0.00365148666739281)
(0.004756142663629272,-0.0036544225948992666)
(0.0046184379740855305,-0.0036571994173015656)
(0.0044808158949028115,-0.00365981740663089)
(0.004343281776121143,-0.003662276840378337)
(0.004205840951620202,-0.003664578001469776)
(0.0040684987389610315,-0.0036667211782433185)
(0.003931260439229,-0.0036687066644274097)
(0.003794131336875249,-0.003670534759115154)
(0.0036571166995624446,-0.003672205766743983)
(0.003520221778006909,-0.003673719997069115)
(0.0033834518058272296,-0.003675077765142254)
(0.0032468119993888174,-0.0036762793912865645)
(0.0031103075576527496,-0.003677325201072961)
(0.002973943662022474,-0.0036782155252953874)
(0.0028377254761963503,-0.003678950699948319)
(0.002701658146015072,-0.0036795310662006663)
(0.002565746799314794,-0.003679956970372717)
(0.0024299965457788117,-0.0036802287639100596)
(0.0022944124767914067,-0.003680346803360225)
(0.002158999665291001,-0.0036803114503470664)
(0.0020237631656268617,-0.003680123071545791)
(0.00188870801341431,-0.0036797820386584618)
(0.0017538392253918511,-0.0036792887283880428)
(0.001619161799279422,-0.0036786435224127547)
(0.0014846807136388415,-0.0036778468073626995)
(0.0013504009277312218,-0.003676898974791452)
(0.0012163273813809961,-0.0036758004211520073)
(0.0010824649948356245,-0.003674551547770773)
(0.0009488186686295913,-0.0036731527608218173)
(0.0008153932834492523,-0.003671604471299302)
(0.000682193699996573,-0.0036699070949940626)
(0.0005492247588553738,-0.0036680610524639297)
(0.0004164912803595273,-0.0036660667690101077)
(0.00028399806445977187,-0.0036639246746505466)
(0.0001517498905925831,-0.0036616352040896704)
(0.000019751517551780124,-0.0036591987966980385)
(-0.00011199231664210047,-0.0036566158964781775)
(-0.00024347689486880618,-0.0036538869520442267)
(-0.00037469752103566346,-0.0036510124165906755)
(-0.0005056495202026412,-0.0036479927478660647)
(-0.0006363282387087291,-0.0036448284081472236)
(-0.0007667290442946146,-0.0036415198642101437)
(-0.0008968473262256522,-0.003638067587303733)
(-0.0010266784954142763,-0.003634472053121092)
(-0.001156217984540524,-0.0036307337417727744)
(-0.0012854612481705237,-0.0036268531377582317)
(-0.001414403762877463,-0.003622830729939684)
(-0.0015430410273583248,-0.0036186670115116275)
(-0.0016713685625490238,-0.0036143624799750405)
(-0.0017993819117425982,-0.003609917637107469)
(-0.0019270766407014338,-0.0036053329889357178)
(-0.0020544483377736037,-0.0036006090457083094)
(-0.0021814926140014085,-0.003595746321864624)
(-0.002308205103236536,-0.003590745336009153)
(-0.0024345814622487648,-0.0035856066108814087)
(-0.002560617370834426,-0.0035803306733264996)
(-0.002686308531928076,-0.0035749180542697535)
(-0.002811650671704762,-0.003569369288682686)
(-0.0029366395396907747,-0.0035636849155584924)
(-0.0030612709088654803,-0.0035578654778810237)
(-0.0031855405757684188,-0.0035519115225962168)
(-0.003309444360599015,-0.003545823600582623)
(-0.0034329781073210337,-0.003539602266622322)
(-0.0035561376837631407,-0.0035332480793715867)
(-0.0036789189817165386,-0.003526761601331059)
(-0.0038013179170384576,-0.0035201433988180475)
(-0.003923330429743608,-0.0035133940419343258)
(-0.00404495248410556,-0.0035065141045371763)
(-0.0041661800687508525,-0.003499504164212202)
(-0.004287009196753287,-0.0034923648022402746)
(-0.004407435905728082,-0.0034850966035699102)
(-0.004527456257922275,-0.0034777001567855978)
(-0.0046470663403079746,-0.003470176054079093)
(-0.004766262264673186,-0.0034625248912198347)
(-0.004885040167708972,-0.0034547472675232685)
(-0.005003396211096111,-0.0034468437858206596)
(-0.005121326581598277,-0.003438815052431617)
(-0.005238827491140785,-0.003430661677130469)
(-0.005355895176900423,-0.003422384273117638)
(-0.005472525901386604,-0.003413983456988951)
(-0.005588715952523545,-0.003405459848704719)
(-0.005704461643736161,-0.0033968140715608715)
(-0.005819759314024403,-0.003388046752155326)
(-0.005934605328046696,-0.0033791585203600686)
(-0.006048996076198833,-0.003370150009290333)
(-0.006162927974687627,-0.0033610218552713863)
(-0.006276397465610796,-0.0033517746978110174)
(-0.006389401017029613,-0.003342409179565885)
(-0.006501935123043682,-0.003332925946312778)
(-0.006613996303864849,-0.003323325646916649)
(-0.006725581105887283,-0.0033136089332989433)
(-0.006836686101758836,-0.0033037764604086366)
(-0.006947307890453432,-0.003293828886189579)
(-0.007057443097332117,-0.003283766871548857)
(-0.00716708837422082,-0.0032735910803278075)
(-0.00727624039946835,-0.0032633021792688273)
(-0.007384895878016196,-0.0032529008379850325)
(-0.007493051541461015,-0.003242387728928857)
(-0.007600704148118265,-0.003231763527361139)
(-0.007707850483083254,-0.003221028911318617)
(-0.007814487358295118,-0.0032101845615844313)
(-0.007920611612592547,-0.0031992311616543027)
(-0.008026220111774514,-0.003188169397707182)
(-0.008131309748660557,-0.0031769999585734955)
(-0.008235877443141687,-0.003165723535702074)
(-0.008339920142240756,-0.0031543408231303107)
(-0.008443434820166865,-0.0031428525174526057)
(-0.008546418478363264,-0.0031312593177870883)
(-0.00864886814556484,-0.0031195619257455053)
(-0.008750780877850287,-0.0031077610454020464)
(-0.008852153758687573,-0.003095857383259855)
(-0.008952983898984444,-0.003083851648220796)
(-0.0090532684371386,-0.0030717445515534175)
(-0.009153004539083234,-0.003059536806861292)
(-0.00925218939833025,-0.0030472291300505344)
(-0.009350820236019533,-0.003034822239299535)
(-0.009448894300958292,-0.003022316855025611)
(-0.009546408869666203,-0.003009713699854317)
(-0.009643361246417247,-0.002997013498587808)
(-0.009739748763275933,-0.0029842169781712793)
(-0.009835568780143463,-0.0029713248676642326)
(-0.009930818684785746,-0.0029583378982046622)
(-0.010025495892883969,-0.0029452568029814047)
(-0.0101195978480555,-0.002932082317198253)
(-0.010213122021904789,-0.002918815178046615)
(-0.010306065914040756,-0.002905456124668845)
(-0.010398427052123639,-0.0028920058981302004)
(-0.010490202991886475,-0.0028784652413842795)
(-0.010581391317174586,-0.0028648348992439325)
(-0.010671989639967279,-0.002851115618346963)
(-0.010761995600409005,-0.0028373081471244756)
(-0.01085140686684062,-0.0028234132357710705)
(-0.01094022113581852,-0.002809431636210203)
(-0.011028436132147974,-0.002795364102065015)
(-0.011116049608899142,-0.0027812113886240874)
(-0.01120305934743707,-0.002766974252811292)
(-0.011289463157437906,-0.0027526534531527127)
(-0.011375258876917378,-0.0027382497497465833)
(-0.011460444372242464,-0.00272376390422885)
(-0.011545017538154899,-0.0027091966797439518)
(-0.011628976297787103,-0.002694548840910762)
(-0.011712318602683446,-0.0026798211537932253)
(-0.011795042432806855,-0.002665014385865481)
(-0.011877145796565368,-0.0026501293059840027)
(-0.011958626730812908,-0.002635166684351553)
(-0.012039483300873425,-0.0026201272924892167)
(-0.012119713600541883,-0.0026050119032015903)
(-0.012199315752107084,-0.0025898212905482686)
(-0.012278287906347192,-0.002574556229808843)
(-0.012356628242547105,-0.0025592174974535583)
(-0.01243433496850302,-0.0025438058711104686)
(-0.012511406320531443,-0.002528322129535234)
(-0.012587840563468278,-0.002512767052577518)
(-0.012663635990679835,-0.0024971414211512294)
(-0.01273879092406033,-0.0024814460172016884)
(-0.012813303714036432,-0.0024656816236747585)
(-0.012887172739569264,-0.0024498490244853474)
(-0.01296039640815477,-0.0024339490044861163)
(-0.013032973155817338,-0.002417982349435049)
(-0.013104901447115713,-0.0024019498459656365)
(-0.013176179775132336,-0.0023858522815537585)
(-0.013246806661478112,-0.0023696904444884376)
(-0.01331678065627597,-0.002353465123838143)
(-0.013386100338163702,-0.002337177109421194)
(-0.01345476431428352,-0.0023208271917741713)
(-0.013522771220271878,-0.0023044161621201256)
(-0.013590119720258876,-0.0022879448123391214)
(-0.013656808506842907,-0.0022714139349342324)
(-0.013722836301096428,-0.002254824323003682)
(-0.013788201852539953,-0.0022381767702073616)
(-0.013852903939138475,-0.0022214720707372593)
(-0.013916941367277468,-0.0022047110192853878)
(-0.013980312971762549,-0.00218789441101463)
(-0.01404301761578133,-0.002171023041525099)
(-0.014105054190914167,-0.0021540977068271374)
(-0.01416642161708705,-0.002137119203306546)
(-0.014227118842571907,-0.002120088327696339)
(-0.014287144843962445,-0.0021030058770460246)
(-0.014346498626146415,-0.002085872648689622)
(-0.014405179222292565,-0.002068689440216637)
(-0.01446318569381817,-0.002051457049440205)
(-0.014520517130375018,-0.002034176274367954)
(-0.01457717264981393,-0.002016847913170038)
(-0.014633151398167413,-0.0019994727641504933)
(-0.014688452549619462,-0.00198205162571591)
(-0.01474307530647012,-0.0019645852963447097)
(-0.014797018899122112,-0.0019470745745585466)
(-0.014850282586036852,-0.0019295202588908013)
(-0.014902865653710616,-0.001911923147857182)
(-0.014954767416644813,-0.0018942840399262452)
(-0.015005987217301136,-0.0018766037334872912)
(-0.015056524426079208,-0.0018588830268228202)
(-0.015106378441284252,-0.0018411227180783506)
(-0.015155548689078896,-0.0018233236052316382)
(-0.015204034623454158,-0.0018054864860631346)
(-0.015251835726195543,-0.0017876121581278462)
(-0.01529895150683785,-0.0017697014187242233)
(-0.015345381502629471,-0.00175175506486526)
(-0.01539112527848726,-0.0017337738932488528)
(-0.015436182426963851,-0.0017157587002290626)
(-0.015480552568195877,-0.001697710281785937)
(-0.015524235349869834,-0.0016796294334972788)
(-0.015567230447172982,-0.0016615169505091358)
(-0.015609537562743291,-0.001643373627505857)
(-0.015651156426638224,-0.0016252002586827807)
(-0.015692086796279182,-0.0016069976377168674)
(-0.015732328456391383,-0.001588766557735817)
(-0.015771881218985675,-0.0015705078112929758)
(-0.015810744923277845,-0.0015522221903354714)
(-0.01584891943565895,-0.001533910486177309)
(-0.015886404649634374,-0.0015155734894704725)
(-0.015923200485775422,-0.0014972119901762978)
(-0.015959306891666185,-0.0014788267775375564)
(-0.015994723841845457,-0.0014604186400494564)
(-0.01602945133775677,-0.0014419883654321719)
(-0.01606348940769799,-0.0014235367406031294)
(-0.016096838106749015,-0.0014050645516474436)
(-0.016129497516726134,-0.0013865725837912523)
(-0.01616146774612057,-0.0013680616213734317)
(-0.016192748930049287,-0.001349532447818679)
(-0.01622334123017422,-0.0013309858456082974)
(-0.0162532448346567,-0.0013124225962536816)
(-0.01628245995809768,-0.0012938434802690368)
(-0.016310986841463364,-0.0012752492771431734)
(-0.016338825752034453,-0.0012566407653127802)
(-0.016365976983333468,-0.001238018722135167)
(-0.016392440855057217,-0.0012193839238602948)
(-0.01641821771302565,-0.0012007371456055262)
(-0.01644330792910586,-0.0011820791613274316)
(-0.016467711901132505,-0.001163410743794304)
(-0.016491430052866747,-0.0011447326645614884)
(-0.01651446283390718,-0.001126045693943136)
(-0.016536810719618916,-0.0011073506009857087)
(-0.01655847421107401,-0.0010886481534422205)
(-0.01657945383498206,-0.0010699391177461186)
(-0.016599750143599327,-0.001051224258983697)
(-0.01661936371467074,-0.0010325043408691073)
(-0.01663829515135967,-0.001013780125718265)
(-0.016656545082156415,-0.000995052374422174)
(-0.01667411416082122,-0.0009763218464220867)
(-0.01669100306628889,-0.0009575892996824653)
(-0.01670721250261885,-0.0009388554906673368)
(-0.0167227431988863,-0.0009201211743124271)
(-0.016737595909125047,-0.0009013871040014399)
(-0.0167517714122415,-0.0008826540315402499)
(-0.016765270511936235,-0.0008639227071315319)
(-0.016778094036616988,-0.0008451938793496612)
(-0.01679024283932756,-0.0008264682951160277)
(-0.016801717797660223,-0.0008077466996741626)
(-0.01681251981366562,-0.0007890298365642907)
(-0.016822649813788247,-0.0007703184475997629)
(-0.016832108748758824,-0.0007516132728415397)
(-0.01684089759352999,-0.0007329150505745375)
(-0.016849017347169842,-0.0007142245172823489)
(-0.016856469032798388,-0.0006955424076243212)
(-0.016863253697474875,-0.0006768694544100603)
(-0.01686937241213514,-0.0006582063885767428)
(-0.016874826271486038,-0.0006395539391644508)
(-0.016879616393921083,-0.0006209128332926223)
(-0.01688374392142747,-0.0006022837961364338)
(-0.016887210019503614,-0.000583667550903469)
(-0.01689001587705705,-0.0005650648188099049)
(-0.016892162706317448,-0.0005464763190576505)
(-0.016893651742746218,-0.0005279027688111025)
(-0.01689448424494103,-0.0005093448831739289)
(-0.016894661494536285,-0.0004908033751661839)
(-0.016894184796120447,-0.000472278955701978)
(-0.0168930554771207,-0.00045377233356582147)
(-0.016891274887733943,-0.00043528421539122604)
(-0.016888844400805486,-0.0004168153056374317)
(-0.016885765411742384,-0.00039836630656743657)
(-0.016882039338419603,-0.000379937918225854)
(-0.01687766762106595,-0.0003615308384166137)
(-0.016872651722185845,-0.00034314576268134673)
(-0.016866993126444595,-0.00032478338427740307)
(-0.016860693340568646,-0.0003064443941561462)
(-0.016853753893248273,-0.00028812948094137075)
(-0.016846176335036128,-0.00026983933090804203)
(-0.016837962238246396,-0.00025157462796096905)
(-0.016829113196840398,-0.00023333605361337083)
(-0.01681963082633558,-0.00021512428696613393)
(-0.01680951676370421,-0.00019694000468681994)
(-0.01679877266724937,-0.00017878388098878522)
(-0.016787400216519498,-0.00016065658761068468)
(-0.016775401112192244,-0.0001425587937957019)
(-0.01676277707597257,-0.0001244911662715447)
(-0.016749529850477275,-0.00010645436922971772)
(-0.01673566119914143,-0.00008844906430579193)
(-0.016721172906095472,-0.00007047591055919504)
(-0.01670606677606523,-0.00005253556445339522)
(-0.01669034463426457,-0.0000346286798362728)
(-0.016674008326275806,-0.000016755907920231975)
(-0.016657059717944674,1.0821027368247451e-6)
(-0.016639500695278718,0.000018884706251179674)
(-0.01662133316431487,0.000036651259432324024)
(-0.016602559051025784,0.00005438112180210808)
(-0.01658318030119538,0.00007207365561346248)
(-0.016563198880322177,0.00008972822586946866)
(-0.016542616773484092,0.00010734420034171737)
(-0.01652143598523982,0.0001249209495889999)
(-0.016499658539504657,0.0001424578469756543)
(-0.01647728647945419,0.00015995426868973937)
(-0.016454321867378045,0.00017740959376108542)
(-0.01643076678458882,0.00019482320407933725)
(-0.0164066233313001,0.00021219448441181892)
(-0.016381893626499593,0.00022952282242093167)
(-0.016356579807845113,0.00024680760868200935)
(-0.01633068403153865,0.00026404823670055024)
(-0.016304208472211756,0.0002812441029294827)
(-0.01627715532280293,0.0002983946067862981)
(-0.016249526794440645,0.00031549915066988326)
(-0.0162213251163217,0.0003325571399775908)
(-0.016192552535598075,0.0003495679831216725)
(-0.016163211317244405,0.00036653109154601856)
(-0.016133303743948686,0.00038344587974240924)
(-0.016102832115983314,0.00040031176526676997)
(-0.016071798751088318,0.0004171281687555019)
(-0.016040205984344778,0.000433894513941158)
(-0.01600805616804807,0.00045061022766815814)
(-0.015975351671600427,0.0004672747399090639)
(-0.01594209488137515,0.00048388748377959306)
(-0.015908288200588934,0.0005004478955538703)
