(-3.0528670129749117e-13,-1.7921619638022774)
(-0.0763080866318332,-1.7918287925613179)
(-0.15253469410122925,-1.7908299347847292)
(-0.22859860784190275,-1.7891673551468434)
(-0.3044191407134672,-1.7868443175846072)
(-0.37991639232263774,-1.7838653696152968)
(-0.45501150312910177,-1.7802363205761276)
(-0.5296269016896995,-1.7759642139772676)
(-0.6036865434708096,-1.7710572942098348)
(-0.6771161397520655,-1.7655249678971796)
(-0.7498433752528763,-1.759377760220512)
(-0.8217981132348942,-1.7526272665882272)
(-0.8929125869666052,-1.7452861000516533)
(-0.9631215765784804,-1.7373678348980373)
(-1.0323625704864372,-1.728886946874203)
(-1.1005759107154256,-1.719858750511268)
(-1.1677049216115538,-1.7102993340320474)
(-1.2336960215880581,-1.7002254923284181)
(-1.2984988177054744,-1.6896546584959906)
(-1.3620661830376384,-1.6786048344083158)
(-1.4243543169206327,-1.6670945208026824)
(-1.4853227883200535,-1.6551426473348527)
(-1.544934562681334,-1.6427685030411328)
(-1.6031560127472162,-1.6299916676235642)
(-1.6599569139347718,-1.6168319439481467)
(-1.715310424960839,-1.6033092921174585)
(-1.7691930544888868,-1.5894437654483182)
(-1.82158461464174,-1.575255448652751)
(-1.8724681622833514,-1.5607643984870414)
(-1.921829929018821,-1.5459905870995205)
(-1.9696592408955773,-1.530953848273441)
(-2.0159484288104506,-1.5156738267272916)
(-2.0606927306378484,-1.5001699306015444)
(-2.103890186094201,-1.484461287228524)
(-2.145541525343964,-1.468566702251109)
(-2.1856500523337647,-1.4525046221265938)
(-2.2242215238145864,-1.4362931000245005)
(-2.261264024978227,-1.4199497651015573)
(-2.2967878425946338,-1.4034917951136496)
(-2.3308053364919674,-1.386935892303298)
(-2.363330810172515,-1.3702982624822895)
(-2.39438038130557,-1.3535945972123724)
(-2.423971852784157,-1.336840058972496)
(-2.452124584976669,-1.3200492691888526)
(-2.4788593697479917,-1.3032362989938553)
(-2.504198306768059,-1.286414662572147)
(-2.5281646825697437,-1.2695973129455782)
(-2.550782852762974,-1.2527966400447728)
(-2.5720781277585334,-1.236024470912241)
(-2.592076662303497,-1.2192920718808689)
(-2.610805349080988,-1.20261015257187)
(-2.6282917185085966,-1.1859888726372085)
(-2.6445638334892343,-1.1694378445977636)
(-2.6596502073097152,-1.1529661488952874)
(-2.673579707979856,-1.1365823393289447)
(-2.686381476141977,-1.1202944549748715)
(-2.698084845946682,-1.1041100319804953)
(-2.708719270615018,-1.0880361161811605)
(-2.7183142526476702,-1.0720792764184999)
(-2.726899278618699,-1.0562456184467162)
(-2.7345037584708294,-1.040540799319797)
(-2.741156969211612,-1.0249700421596533)
(-2.7468880028944644,-1.0095381512121213)
(-2.7517257187557163,-0.9942495271046939)
(-2.7556986993681107,-0.979108182226649)
(-2.7588352106624736,-0.9641177561588917)
(-2.761163165662673,-0.9492815310873125)
(-2.762710091773828,-0.9346024471396797)
(-2.763503101460306,-0.920083117592093)
(-2.763568866148111,-0.9057258438967365)
(-2.7629335931853665,-0.8915326304881089)
(-2.7616230056951485,-0.8775051993300546)
(-2.759662325156149,-0.8636450041707416)
(-2.7570762565490483,-0.8499532444772887)
(-2.753888975909373,-0.8364308790259531)
(-2.7501241201313644,-0.8230786391277293)
(-2.7458047788715207,-0.8098970414728538)
(-2.740953488405156,-0.7968864005810313)
(-2.735592227294317,-0.7840468408472961)
(-2.7297424137306905,-0.7713783081762023)
(-2.723424904422658,-0.7588805811995946)
(-2.7166599949012733,-0.7465532820755033)
(-2.7094674211257264,-0.7343958868677785)
(-2.7018663622746346,-0.722407735507935)
(-2.6938754446152693,-0.7105880413423175)
(-2.6855127463486066,-0.6989359002691479)
(-2.676795803333772,-0.6874502994713)
(-2.6677416156009848,-0.676130125751744)
(-2.658366654567596,-0.6649741734795587)
(-2.648686870877125,-0.6539811521552257)
(-2.6387177027862996,-0.6431496936045956)
(-2.628474085030141,-0.6324783588114743)
(-2.6179704581000394,-0.6219656443992795)
(-2.6072207778731853,-0.6116099887722898)
(-2.596238525539711,-0.6014097779280778)
(-2.5850367177721663,-0.5913633509515887)
(-2.5736279170915717,-0.5814690052026789)
(-2.5620242423862973,-0.5717250012085511)
(-2.5502373795294138,-0.5621295672670331)
(-2.538278592119848,-0.5526809038000717)
(-2.5261587321756362,-0.5433771874031226)
(-2.513888250915657,-0.5342165746842475)
(-2.5014772094862328,-0.5251972058446911)
(-2.488935289649865,-0.5163172080341459)
(-2.476271804406528,-0.5075746984875381)
(-2.4634957085269895,-0.49896778745352804)
(-2.450615608979698,-0.4904945809246318)
(-2.437639775234884,-0.48215318317860373)
(-2.4245761494313314,-0.4739416991404198)
(-2.4114323563931426,-0.4658582365739212)
(-2.398215713562136,-0.457900908129847)
(-2.3849332403764376,-0.4500678331501018)
(-2.371591668231316,-0.4423571395087429)
(-2.3581974494993205,-0.4347669651339816)
(-2.3447567666660674,-0.4272954594795503)
(-2.331275541536194,-0.41994078491712333)
(-2.3177594435404214,-0.41270111788378483)
(-2.3042138985520157,-0.4055746500552422)
(-2.290644097136572,-0.398559589346807)
(-2.2770550026684657,-0.3916541608321045)
(-2.2634513592403054,-0.38485660757098494)
(-2.2498376993653695,-0.3781651913521363)
(-2.236218351473586,-0.3715781933556474)
(-2.2225974472021024,-0.3650939147405111)
(-2.208978928481945,-0.35871067716181404)
(-2.195366554422619,-0.3524268232221244)
(-2.1817639079969124,-0.3462407168613623)
(-2.1681744025284138,-0.34015074368921727)
(-2.1546012879845686,-0.3341553112639602)
(-2.1410476570783006,-0.32825284932130716)
(-2.1275164506491264,-0.3224418098513225)
(-2.11401046550059,-0.3167206676588001)
(-2.100532357388767,-0.31108791993797813)
(-2.087084646186921,-0.3055420863282679)
(-2.0736697239486164,-0.30008170947493096)
(-2.060289857702122,-0.2947053545996573)
(-2.0469471948636584,-0.28941160957266887)
(-2.0336437679357866,-0.28419908485165124)
(-2.020381499047819,-0.27906641339575067)
(-2.0071622043422215,-0.2740122505566869)
(-1.9939875982110515,-0.2690352739488962)
(-1.9808592973863721,-0.2641341833005186)
(-1.967778824888697,-0.25930770028691935)
(-1.9547476138373316,-0.25455456834834106)
(-1.9417670111265903,-0.24987355249317333)
(-1.9288382809717146,-0.24526343908824266)
(-1.9159626083283487,-0.24072303563742917)
(-1.9031411021893077,-0.23625117054983624)
(-1.8903748012300026,-0.2318466933038652)
(-1.8776646645327535,-0.2275084721718041)
(-1.8650115992137828,-0.22323539801531736)
(-1.8524164385893656,-0.2190263799704474)
(-1.8398799572516331,-0.21488034720531815)
(-1.8274028712371262,-0.21079624824195115)
(-1.8149858405648354,-0.20677305067941038)
(-1.8026294716792735,-0.2028097409137618)
(-1.790334319801734,-0.19890532385549559)
(-1.7781008911927751,-0.1950588226450061)
(-1.765929645329242,-0.1912692783667359)
(-1.7538209969966274,-0.18753574976219795)
(-1.7417753183049216,-0.18385731294309754)
(-1.7297929406235077,-0.18023306110398224)
(-1.7178741564430462,-0.17666210423556725)
(-1.706019221165721,-0.17314356883891266)
(-1.6942283548241286,-0.16967659764052245)
(-1.6825017437349858,-0.1662603493091427)
(-1.6708395326660659,-0.16289399696689408)
(-1.6592418734668508,-0.15957673394605046)
(-1.6477088323241167,-0.15630776143899017)
(-1.6362404853792838,-0.1530863002959996)
(-1.6248368729749498,-0.14991158471665164)
(-1.6134980103721268,-0.1467828631874559)
(-1.6022238890009046,-0.14369939821595593)
(-1.591014477648651,-0.14066046606644703)
(-1.5798697236119335,-0.1376653565003394)
(-1.5687895537961807,-0.13471337251915003)
(-1.5577738757716768,-0.1318038301110432)
(-1.546822578786434,-0.1289360580008664)
(-1.5359355347375256,-0.12610939740374683)
(-1.5251125991024503,-0.12332320178231258)
(-1.5143536118319867,-0.1205768366075805)
(-1.5036583982060145,-0.11786967912355459)
(-1.493026769653687,-0.11520111811556416)
(-1.4824585245393087,-0.11257055368236392)
(-1.4719534489152575,-0.10997739701203749)
(-1.4615113172423626,-0.1074210701615072)
(-1.4511318930826804,-0.10490100584030969)
(-1.4408149297588695,-0.102416647197574)
(-1.4305601709910742,-0.09996744761337033)
(-1.4203673514912936,-0.0975528704925603)
(-1.4102361975593534,-0.09517238906460004)
(-1.4001664276279464,-0.09282548618500774)
(-1.3901577527955962,-0.09051165414147577)
(-1.3802098773342018,-0.08823039446346957)
(-1.3703224991742664,-0.08598121773545465)
(-1.3604953103686899,-0.08376364341371602)
(-1.350727997535945,-0.08157719964673275)
(-1.3410202422834534,-0.07942142309906637)
(-1.3313717216119172,-0.07729585877872325)
(-1.3217821083013803,-0.07520005986794627)
(-1.3122510712797402,-0.07313358755739349)
(-1.3027782759744146,-0.07109601088365625)
(-1.2933633846731176,-0.0690869065717627)
(-1.2840060567426888,-0.067105858872501)
(-1.2747059490832833,-0.06515245941939522)
(-1.2654627163264172,-0.06322630707360194)
(-1.2562760111208806,-0.06132700777729814)
(-1.2471454844256378,-0.05945417441188718)
(-1.2380707857315678,-0.05760742665663346)
(-1.2290515633155126,-0.05578639085133723)
(-1.2200874644650146,-0.05399069986171868)
(-1.2111781356945732,-0.05221999294760352)
(-1.202323222951346,-0.05047391563391574)
(-1.1935223718105226,-0.04875211958440307)
(-1.1847752276608634,-0.047054262478044694)
(-1.1760814358807872,-0.0453800078880935)
(-1.1674406420053753,-0.04372902516369923)
(-1.1588524918847203,-0.04210098931406509)
(-1.1503166318339257,-0.04049558089508585)
(-1.1418327087751412,-0.03891248589841969)
(-1.133400652147941,-0.037351406132594425)
(-1.1250192651563853,-0.03581200666854568)
(-1.1166890426606988,-0.0342940206332285)
(-1.108409353472404,-0.03279714420631286)
(-1.1001798494575818,-0.03132108897918877)
(-1.0920001837451851,-0.029865571357745393)
(-1.0838700108800932,-0.028430312472255997)
(-1.075788986900618,-0.027015038083182775)
(-1.0677567694222707,-0.025619478490018364)
(-1.0597730177163587,-0.024243368442100705)
(-1.051837392783632,-0.022886447051356253)
(-1.0439495574231938,-0.021548457706932072)
(-1.0361091762968901,-0.020229147991673375)
(-1.0283159159893698,-0.01892826960040803)
(-1.0205694450640035,-0.017645578259997876)
(-1.0128694341148654,-0.016380833651117067)
(-1.0052155558149194,-0.01513379933172089)
(-0.9976074849606017,-0.013904242662165672)
(-0.9900448985129741,-0.012691934731945359)
(-0.9825274756355602,-0.011496650288006083)
(-0.9750548976697955,-0.01031816766231839)
(-0.9676268484630308,-0.009156268714681252)
(-0.9602430138049286,-0.008010738742697506)
(-0.9529030820459216,-0.006881366438926385)
(-0.945606743824644,-0.005767943815147674)
(-0.9383536921482294,-0.004670266141722934)
(-0.9311436224108346,-0.003588131886010915)
(-0.9239762324103508,-0.002521342652111533)
(-0.9168512223625187,-0.0014697031218840076)
(-0.9097682949132461,-0.0004330209972274592)
(-0.9027271551489303,0.0005888930564105894)
(-0.8957275106049484,0.001596225465326121)
(-0.8887690712723815,0.0025891598016765313)
(-0.8818515496030872,0.0035678768364531964)
(-0.8749746605131798,0.004532554591333179)
(-0.8681381213850188,0.005483368389437012)
(-0.8613416520677676,0.006420490905016169)
(-0.8545849748765997,0.007344092212096114)
(-0.8478678145906352,0.008254339832097862)
(-0.8411898984496528,0.009151398780461086)
(-0.8345509561496638,0.01003543161229298)
(-0.8279507198373992,0.010906598467063558)
(-0.8213889241037678,0.011765057112370102)
(-0.8148653059763504,0.012610962986791591)
(-0.8083796049109818,0.013444469241854424)
(-0.8019315627824638,0.01426572678312848)
(-0.795520923874475,0.015074884310475154)
(-0.7891474348687152,0.01587208835746471)
(-0.7828108448336607,0.01665748332999089)
(-0.7765109052106668,0.017431211544048985)
(-0.7702473698043882,0.018193413262848547)
(-0.7640199947660111,0.018944226733024174)
(-0.7578285385808763,0.01968378822021579)
(-0.751672762053613,0.020412232043881574)
(-0.7455524282931136,0.021129690611412587)
(-0.7394673026970633,0.021836294451556076)
(-0.7334171529360559,0.02253217224716407)
(-0.727401748937317,0.023217450867281855)
(-0.7214208628680785,0.023892255398592015)
(-0.7154742691186164,0.02455670917622711)
(-0.7095617442849901,0.025210933813966625)
(-0.7036830671515021,0.025855049233831046)
(-0.697838018672897,0.026489173695086448)
(-0.6920263819563768,0.027113423822675647)
(-0.6862479422433235,0.027727914635081372)
(-0.6805024868908753,0.028332759571641372)
(-0.6747898053533955,0.02892807051932843)
(-0.6691096891636994,0.029513957838998434)
(-0.6634619319141994,0.030090530391126444)
(-0.6578463292379291,0.03065789556103941)
(-0.6522626787895136,0.03121615928365846)
(-0.6467107802258797,0.031765426067747286)
(-0.6411904351872221,0.03230579901971408)
(-0.635701447276122,0.032837379866831225)
(-0.6302436220457404,0.03336026898060173)
(-0.6248167669656775,0.03387456539823027)
(-0.6194206914173058,0.03438036684558296)
(-0.6140552066671546,0.03487776975829828)
(-0.6087201258490156,0.035366869303051114)
(-0.603415263944627,0.03584775939832046)
(-0.59814043776439,0.03632053273476117)
(-0.5928954659281074,0.03678528079518974)
(-0.5876801688458108,0.037242093874194165)
(-0.5824943686985712,0.0376910610973686)
(-0.5773378894194141,0.03813227044018888)
(-0.5722105566743473,0.038565808746537714)
(-0.5671121978432876,0.038991761746869344)
(-0.562042642001391,0.03941021407605814)
(-0.5570017199001225,0.039821249290889406)
(-0.551989263948616,0.04022494988723939)
(-0.5470051081950916,0.04062139731693359)
(-0.5420490846938097,0.04101067164989093)
(-0.537121041559455,0.04139285336236931)
(-0.5322220314448742,0.04176815511728981)
(-0.5273482244609894,0.04213624878194725)
(-0.5225031365008814,0.04249761675525977)
(-0.5176853864218454,0.042852199253388484)
(-0.5128948192340971,0.04320007086638798)
(-0.5081312814430647,0.04354130526450742)
(-0.503394621030981,0.04387597521236749)
(-0.49868468743974154,0.04420415258300326)
(-0.49400133155370435,0.04452590837162921)
(-0.4893444056824549,0.044841312709138485)
(-0.4847137635445552,0.04515043487546064)
(-0.48010926024969963,0.04545334331247176)
(-0.47553075228282493,0.04575010563688942)
(-0.47097809748742764,0.04604078865282733)
(-0.4664511550492324,0.04632545836415047)
(-0.46194978547999505,0.0466041799866101)
(-0.4574738506014696,0.04687701795976425)
(-0.4530232135295063,0.04714403595868836)
(-0.44859773865831715,0.0474052969054781)
(-0.4441972916448725,0.04766086298055082)
(-0.4398217393934615,0.04791079563374812)
(-0.4354709500403983,0.04815515559524364)
(-0.431144792938873,0.04839400288626026)
(-0.426843138643963,0.04862739682960033)
(-0.4225658588972277,0.04885539605990805)
(-0.418312826614311,0.0490780585341765)
(-0.4140839158674727,0.049295441541312324)
(-0.40987900187142146,0.049507601711961516)
(-0.4056979609717236,0.04971459502857774)
(-0.4015406706285854,0.049916476834572086)
(-0.3974070094034935,0.05011330184372071)
(-0.3932968569454712,0.050305124149330846)
(-0.38921009397749845,0.05049199723325017)
(-0.38514660228308023,0.050673973974725395)
(-0.3811062646929793,0.050851106659110745)
(-0.3770889650720983,0.05102344698643102)
(-0.37309458830650244,0.05119104607979829)
(-0.3691230202906276,0.05135395449369251)
(-0.3651741479145905,0.05151222222209829)
(-0.3612478590516845,0.051665898706509894)
(-0.3573440425459709,0.05181503284379624)
(-0.3534625882000497,0.051959672993939866)
(-0.3496033867641736,0.05209986698787284)
(-0.3457663299193392,0.05223566213404007)
(-0.3419513102716386,0.052367105226872365)
(-0.3381582213404445,0.05249424255407739)
(-0.33438695754076586,0.052617119902532664)
(-0.3306374141766634,0.05273578256622575)
(-0.32690948742869946,0.05285027535288757)
(-0.3232030743427384,0.05296064259074835)
(-0.31951807281888606,0.05306692813518068)
(-0.3158543816005584,0.05316917537523349)
(-0.3122119002636965,0.05326742724005863)
(-0.3085905292061135,0.05336172620523331)
(-0.30499016963699166,0.05345211429898155)
(-0.3014107235665156,0.053538633108295396)
(-0.29785209379565797,0.053621323784961226)
(-0.29431418390609754,0.0537002270514908)
(-0.29079689825028876,0.053775383206960736)
(-0.28730014194167014,0.05384683213276291)
(-0.28382382084499463,0.053914613298263685)
(-0.28036784156434585,0.05397876576579522)
(-0.2769321114460001,0.05403932819905583)
(-0.27351653854459507,0.05409633886268478)
(-0.2701210316384831,0.054149835633403955)
(-0.2667455002083814,0.054199856002335435)
(-0.26338985443083524,0.05424643708072768)
(-0.2600540051693352,0.05428961560501831)
(-0.2567378639654991,0.05432942794180717)
(-0.25344134303035326,0.05436591009274697)
(-0.2501643552356864,0.054399097699349516)
(-0.24690681410550122,0.05442902604770925)
(-0.24366863380753856,0.0544557300731446)
(-0.24044972914490528,0.0544792443647596)
(-0.23725001554779504,0.05449960316992871)
(-0.2340694090653193,0.05451684039870755)
(-0.2309078263574454,0.0545309896281704)
(-0.22776518468706813,0.054542084106683576)
(-0.2246414019121919,0.05455015675811082)
(-0.2215363964782681,0.05455524018596294)
(-0.21845008741065042,0.054557366677485876)
(-0.21538239430720352,0.05455656820770072)
(-0.21233323733103768,0.05455287644338699)
(-0.20930253720338077,0.05454632274702177)
(-0.20629021519657526,0.05453693818066724)
(-0.203296193127186,0.054524753509813305)
(-0.20032039334930873,0.05450979920721975)
(-0.19736273874741986,0.05449210545644178)
(-0.1944231527304848,0.054471702155859655)
(-0.19150155922485446,0.05444861892207669)
(-0.18859788252359902,0.05442288503437321)
(-0.18571204789220297,0.05439452968160578)
(-0.1828439806007524,0.05436358159471937)
(-0.17999360657817343,0.05433006929815958)
(-0.1771608522378818,0.05429402105156657)
(-0.17434564447160253,0.05425546485304387)
(-0.17154791064323763,0.054214428442365736)
(-0.16876757858281388,0.05417093930413654)
(-0.16600457658051482,0.0541250246709052)
(-0.16325883338078592,0.05407671152622955)
(-0.1605302781765168,0.054026026607696724)
(-0.1578188406033049,0.053972996409898354)
(-0.15512445073378386,0.053917647187358815)
(-0.15244703907203264,0.0538600049574213)
(-0.1497865365480573,0.05380009550309156)
(-0.14714287451234248,0.05373794437583693)
(-0.14451598473047397,0.053673576898345406)
(-0.1419057993778348,0.05360701816724333)
(-0.13931225103435946,0.05353829305576919)
(-0.13673527267937755,0.053467426216415946)
(-0.13417479768650378,0.05339444208352553)
(-0.13163075981860478,0.053319364875849255)
(-0.12910309322283078,0.05324221859906932)
(-0.1265917324257112,0.05316302704828383)
(-0.12409661232831436,0.0530818138104542)
(-0.12161766820147174,0.05299860226681715)
(-0.11915483568106246,0.05291341559526082)
(-0.11670805076336235,0.0528262767726664)
(-0.1142772498004521,0.0527372085772154)
(-0.11186236949568629,0.052646233590662755)
(-0.10946334689922042,0.05255337420057687)
(-0.10708011940359982,0.05245865260254754)
(-0.10471262473940203,0.05236209080236022)
(-0.10236080097094198,0.05226371061814057)
(-0.1000245864920274,0.052163533682466755)
(-0.09770392002177451,0.05206158144445015)
(-0.09539874060047648,0.05195787517178772)
(-0.09310898758552903,0.05185243595278431)
(-0.09083460064740491,0.05174528469834362)
(-0.08857551976568642,0.051636442143934126)
(-0.08633168522514661,0.051525928851522906)
(-0.08410303761188348,0.051413765211484226)
(-0.08188951780950625,0.05129997144447918)
(-0.07969106699537015,0.051184567603309805)
(-0.07750762663686113,0.05106757357474438)
(-0.07533913848773037,0.05094900908131937)
(-0.0731855445844789,0.05082889368311296)
(-0.07104678724278518,0.050707246779495216)
(-0.06892280905398467,0.05058408761085233)
(-0.06681355288159485,0.050459435260286886)
(-0.06471896185788387,0.05033330865529156)
(-0.06263897938048865,0.050205726569404405)
(-0.06057354910907489,0.05007670762383507)
(-0.0585226149620418,0.04994627028907041)
(-0.05648612111327299,0.04981443288645806)
(-0.0544640119889266,0.04968121358976569)
(-0.05245623226427159,0.0495466304267202)
(-0.05046272686056507,0.04941070128052395)
(-0.04848344094197097,0.04927344389135072)
(-0.04651831991251926,0.0491348758578188)
(-0.044567309413106763,0.04899501463844578)
(-0.042630355318539134,0.04885387755308139)
(-0.040707403734610535,0.04871148178432129)
(-0.03879840099521922,0.0485678443788986)
(-0.03690329365953219,0.048422982249060505)
(-0.03502202850917694,0.04827691217392162)
(-0.03315455254547579,0.04812965080080037)
(-0.031300812986716116,0.047981214646535326)
(-0.02946075726546377,0.04783162009878876)
(-0.027634333025897607,0.04768088341732147)
(-0.02582148812119584,0.04752902073526)
(-0.024022170610949453,0.0473760480603425)
(-0.022236328758612693,0.04722198127614641)
(-0.020463911028986856,0.04706683614330116)
(-0.018704866085740523,0.046910628300683085)
(-0.016959142788960564,0.04675337326659353)
(-0.015226690192739128,0.04659508643992306)
(-0.01350745754279058,0.04643578310129595)
(-0.011801394274104612,0.046275478414203305)
(-0.010108450008627647,0.046114187426116456)
(-0.00842857455297845,0.04595192506958929)
(-0.006761717896193588,0.04578870616334171)
(-0.005107830207504847,0.04562454541333125)
(-0.0034668618341470096,0.045459457413809044)
(-0.0018387632991941419,0.04529345664836063)
(-0.00022348529942841085,0.045126557490934256)
(0.0013790212967637807,0.04495877420685399)
(0.002968805451466167,0.044790120953820546)
(0.004545915959277215,0.04462061178289631)
(0.006110401449327755,0.04445026063947992)
(0.0076623103872701165,0.04427908136426505)
(0.009201691077238724,0.04410708769418866)
(0.010728591663784781,0.043934293263364926)
(0.01224306013378296,0.04376071160400712)
(0.0137451443183119,0.04358635614733759)
(0.015234891894507484,0.04341124022448491)
(0.01671235038739107,0.04323537706736955)
(0.018177567171671433,0.04305877980957769)
(0.01963058947352165,0.042881461487223375)
(0.02107146437233015,0.042703435039798905)
(0.022500238802427342,0.04252471331101471)
(0.02391695955478813,0.042345309049626835)
(0.025321673278709846,0.042165234910255665)
(0.026714426483465246,0.04198450345419154)
(0.028095265539933436,0.04180312715019041)
(0.029464236682206785,0.041621118375260745)
(0.03082138600917384,0.041438489415437575)
(0.032166759486081525,0.041255252466547813)
(0.033500402946071324,0.041071419634965495)
(0.03482236209169783,0.040887002938357016)
(0.03613268249642038,0.04070201430641653)
(0.037431409606076334,0.04051646558159141)
(0.03871858874033199,0.04033036851980017)
(0.03999426509411043,0.04014373479113755)
(0.04125848373900157,0.0399565759805745)
(0.04251128962464847,0.0397689035886457)
(0.043752727580115336,0.03958072903213123)
(0.044982842315232745,0.03939206364472652)
(0.04620167842192581,0.03920291867770554)
(0.047409280375520044,0.03901330530057562)
(0.048605692536029435,0.03882323460172275)
(0.04979095914942274,0.03863271758904921)
(0.050965124348874485,0.03844176519060314)
(0.052128232155992354,0.03825038825519989)
(0.053280326482030724,0.0380585975530357)
(0.05442145112908137,0.037866403776293855)
(0.05555164979124846,0.037673817539741396)
(0.05667096605580514,0.03748084938132147)
(0.057779443404332845,0.03728750976273509)
(0.05887712521383981,0.037093809070017456)
(0.05996405475786636,0.03689975761410587)
(0.06104027520757203,0.03670536563140247)
(0.062105829632801195,0.03651064328432629)
(0.06316076100313964,0.0363156006618635)
(0.06420511218894684,0.03612024778010517)
(0.0652389259623778,0.03592459458278354)
(0.06626224499838444,0.03572865094179745)
(0.06727511187570326,0.035532426657734116)
(0.06827756907782619,0.03533593146038342)
(0.06926965899395553,0.03513917500924443)
(0.07025142391994588,0.034942166894029875)
(0.07122290605922464,0.03474491663515809)
(0.072184147523706,0.034547433684245774)
(0.07313519033468195,0.03434972742458904)
(0.07407607642370397,0.03415180717164276)
(0.07500684763344483,0.03395368217349039)
(0.07592754571855408,0.03375536161131252)
(0.07683821234648823,0.03355685459984448)
(0.07773888909833847,0.03335817018783379)
(0.07862961746963283,0.03315931735848679)
(0.0795104388711366,0.03296030502991561)
(0.08038139462962694,0.03276114205557395)
(0.08124252598866365,0.03256183722469236)
(0.08209387410934053,0.032362399262705316)
(0.08293548007102879,0.03216283683167529)
(0.08376738487210024,0.03196315853070977)
(0.08458962943064537,0.03176337289637523)
(0.08540225458517318,0.031563488403105)
(0.0862053010952997,0.03136351346360243)
(0.0869988096424266,0.031163456429240236)
(0.08778282083040459,0.030963325590454047)
(0.08855737518618395,0.030763129177131997)
(0.08932251316045814,0.030562875358999504)
(0.0900782751282873,0.03036257224599981)
(0.0908247013897196,0.03016222788866997)
(0.09156183217039136,0.02996185027851225)
(0.09228970762212321,0.029761447348361836)
(0.0930083678235017,0.029561026972749992)
(0.09371785278044874,0.029360596968262914)
(0.09441820242678241,0.029160165093896476)
(0.0951094566247641,0.02895973905140767)
(0.09579165516563744,0.028759326485660822)
(0.09646483777015458,0.02855893498497112)
(0.09712904408909215,0.028358572081443004)
(0.09778431370375885,0.02815824525130677)
(0.0984306861264889,0.027957961915248717)
(0.09906820080112796,0.0277577294387397)
(0.09969689710350838,0.027557555132358937)
(0.10031681434191426,0.027357446252115215)
(0.10092799175753678,0.02715740999976359)
(0.10153046852491933,0.02695745352311886)
(0.10212428375239213,0.0267575839163657)
(0.1027094764825012,0.026557808220365783)
(0.10328608569242158,0.026358133422960915)
(0.10385415029436719,0.026158566459272784)
(0.10441370913598855,0.0259591142120008)
(0.10496480100076064,0.0257597835117147)
(0.10550746460836397,0.025560581137145943)
(0.10604173861505414,0.025361513815474315)
(0.10656766161402652,0.02516258822261309)
(0.10708527213576734,0.024963810983489883)
(0.10759460864840013,0.024765188672325165)
(0.10809570955802068,0.02456672781290763)
(0.10858861320902598,0.024368434878866873)
(0.10907335788443467,0.02417031629394316)
(0.10954998180619697,0.023972378432254308)
(0.11001852313549662,0.023774627618559373)
(0.11047901997305173,0.02357707012852115)
(0.11093151035939475,0.02337971218896364)
(0.11137603227515781,0.02318255997812954)
(0.11181262364134185,0.022985619625932492)
(0.11224132231958035,0.022788897214208965)
(0.11266216611239681,0.022592398776965925)
(0.11307519276345482,0.02239613030062748)
(0.11348043995779712,0.022200097724278195)
(0.11387794532208129,0.022004306939903493)
(0.11426774642480775,0.021808763792629436)
(0.11464988077653811,0.021613474080957873)
(0.1150243858301097,0.021418443557001995)
(0.11539129898084044,0.021223677926716422)
(0.11575065756672712,0.021029182850127642)
(0.1161024988686415,0.020834963941561518)
(0.11644686011051003,0.020641026769867423)
(0.1167837784595,0.020447376858642653)
(0.11711329102618444,0.020254019686451925)
(0.11743543486471349,0.02006096068704652)
(0.11775024697297286,0.01986820524958185)
(0.11805776429273346,0.01967575871883093)
(0.11835802370980449,0.01948362639539805)
(0.1186510620541689,0.019291813535928962)
(0.11893691610012164,0.019100325353319843)
(0.11921562256639623,0.018909167016924543)
(0.11948721811628842,0.01871834365275905)
(0.11975173935777275,0.01852786034370517)
(0.12000922284361433,0.018337722129711558)
(0.12025970507147322,0.018147934007993628)
(0.12050322248400559,0.017958500933231248)
(0.1207398114689566,0.017769427817764617)
(0.1209695083592481,0.017580719531788764)
(0.12119234943306556,0.017392380903546566)
(0.1214083709139309,0.017204416719519146)
(0.12161760897078133,0.017016831724615974)
(0.12182009971802678,0.016829630622361626)
(0.12201587921562439,0.016642818075083395)
(0.12220498346912556,0.016456398704094516)
(0.12238744842973141,0.01627037708987802)
(0.12256330999434212,0.016084757772268324)
(0.12273260400559405,0.015899545250630916)
(0.12289536625190207,0.015714743984041282)
(0.12305163246748656,0.015530358391461838)
(0.123201438332407,0.015346392851918036)
(0.12334481947257868,0.015162851704672103)
(0.12348181145979756,0.014979739249396672)
(0.12361244981174967,0.014797059746346016)
(0.12373676999202017,0.014614817416525825)
(0.12385480741102138,0.014433016442002832)
(0.12396659742139807,0.014251660965374143)
(0.1240721753272038,0.01407075509132793)
(0.12417157637471904,0.013890302885415354)
(0.12426483575702098,0.013710308374910161)
(0.12435198861305527,0.013530775548832866)
(0.12443307002761211,0.01335170835811167)
(0.12450811503130343,0.01317311071574289)
(0.12457715860053688,0.012994986496950394)
(0.12464023565747678,0.012817339539342667)
(0.12469738107001531,0.01264017364307077)
(0.12474862965172964,0.012463492570983043)
(0.12479401616183733,0.012287300048780316)
(0.12483357530514985,0.012111599765169285)
(0.12486734173202065,0.011936395372014883)
(0.12489535003829537,0.011761690484492044)
(0.1249176347652456,0.01158748868123573)
(0.1249342303995145,0.011413793504490746)
(0.12494517137304637,0.011240608460259736)
(0.12495049206302328,0.011067937018450944)
(0.12495022679178899,0.010895782613024655)
(0.12494440982677484,0.010724148642138555)
(0.12493307538042618,0.010553038468292787)
(0.12491625761011209,0.010382455418472991)
(0.12489399061804735,0.010212402784293516)
(0.12486630845120479,0.010042883822139484)
(0.12483324510122104,0.009873901753307435)
(0.12479483450430189,0.00970545976414566)
(0.12475111054113307,0.009537561006193714)
(0.12470210703677118,0.009370208596320694)
(0.12464785776054885,0.009203405616863133)
(0.12458839642596325,0.009037155115761643)
(0.1245237566905736,0.008871460106697416)
(0.12445397215588609,0.00870632356922712)
(0.1243790763672412,0.00854174844891774)
(0.12429910281369921,0.008377737657480323)
(0.12421408492792081,0.008214294072903156)
(0.12412405608604496,0.008051420539583836)
(0.12402904960756615,0.007889119868461431)
(0.12392909875520897,0.007727394837146922)
(0.1238242367347935,0.007566248190053629)
(0.12371449669511057,0.00740568263852665)
(0.12359991172779132,0.007245700860972437)
(0.1234805148671632,0.007086305502986236)
(0.12335633909011157,0.006927499177479789)
(0.12322741731595235,0.006769284464809163)
(0.12309378240626936,0.006611663912899644)
(0.12295546716479147,0.006454640037373163)
(0.12281250433723005,0.006298215321672049)
(0.12266492661113751,0.00614239221718447)
(0.12251276661575336,0.005987173143367878)
(0.12235605692185385,0.005832560487872681)
(0.12219483004159991,0.005678556606665297)
(0.12202911842837068,0.005525163824149851)
(0.12185895447661789,0.005372384433290476)
(0.12168437052169273,0.005220220695732242)
(0.12150539883969617,0.005068674841922118)
(0.12132207164730681,0.0049177490712289254)
(0.12113442110161668,0.004767445552063114)
(0.12094247929996663,0.004617766421996026)
(0.12074627827977838,0.00446871378787863)
(0.12054585001837487,0.004320289725959455)
(0.12034122643281928,0.0041724962820027835)
(0.12013243937973601,0.004025335471405689)
(0.11991952065513829,0.003878809279315066)
(0.11970250199424527,0.0037329196607438415)
(0.11948141507130962,0.003587668540687025)
(0.11925629149944045,0.003443057814237525)
(0.11902716283041538,0.0032990893467009)
(0.11879406055449769,0.003155764973710197)
(0.11855701610026831,0.0030130865013405714)
(0.11831606083441372,0.002871055706222634)
(0.11807122606156706,0.0027296743356566315)
(0.11782254302410429,0.002588944107725096)
(0.11757004290196352,0.00244886671140588)
(0.11731375681244932,0.0023094438066845477)
(0.11705371581004496,0.00217067702466634)
(0.11678995088622485,0.0020325679676879765)
(0.11652249296924928,0.0018951182094288947)
(0.1162513729239952,0.0017583292950224922)
(0.11597662155172105,0.0016222027411664365)
(0.11569826958991417,0.001486740036233399)
(0.11541634771206515,0.0013519426403808953)
(0.1151308865274816,0.0012178119856609878)
(0.11484191658108725,0.0010843494761297995)
(0.11454946835322441,0.0009515564879566251)
(0.11425357225944523,0.0008194343695325454)
(0.11395425865032278,0.000687984441579211)
(0.11365155781124213,0.0005572079972569728)
(0.11334549996220135,0.0004271063022728456)
(0.11303611525760061,0.0002976805949881449)
(0.11272343378604821,0.0001689320865260185)
(0.1124074855701483,0.00004086196087851407)
(0.112088300566302,-0.00008652862498647052)
(0.11176590866448992,-0.00021323854101854258)
(0.11144033968808642,-0.0003392666839784545)
(0.1111116233936318,-0.00046461197733189404)
(0.11077978947063395,-0.0005892733711435326)
(0.11044486754136215,-0.0007132498419714098)
(0.11010688716063434,-0.0008365403927614032)
(0.10976587781560905,-0.0009591440527420466)
(0.10942186892558152,-0.0010810598773193724)
(0.109074889841764,-0.0012022869479722462)
(0.1087249698470855,-0.0013228243721477683)
(0.10837213815596826,-0.0014426712831564488)
(0.10801642391414085,-0.001561826840068817)
(0.10765785619840115,-0.0016802902276106815)
(0.10729646401642097,-0.001798060656059614)
(0.10693227630652483,-0.0019151373611412217)
(0.10656532193748876,-0.0020315196039258536)
(0.10619562970832,-0.0021472066707251894)
(0.10582322834804822,-0.002262197872989096)
(0.1054481465155116,-0.002376492547202898)
(0.10507041279914876,-0.002490090054784502)
(0.10469005571678279,-0.0026029897819817923)
(0.10430710371540508,-0.0027151911397701087)
(0.10392158517097404,-0.0028266935637503068)
(0.10353352838818757,-0.0029374965140461307)
(0.10314296160028706,-0.003047599475202748)
(0.10274991296882541,-0.0031570019560844113)
(0.10235441058347684,-0.003265703489773337)
(0.10195648246180493,-0.003373703633467658)
(0.10155615654905954,-0.003481001968380189)
(0.10115346071796313,-0.0035875980996372416)
(0.10074842276850259,-0.0036934916561774975)
(0.10034107042771154,-0.003798682290650912)
(0.09993143134945259,-0.0039031696793173543)
(0.09951953311422121,-0.004006953521946672)
(0.09910540322892385,-0.004110033541717583)
(0.09868906912666926,-0.004212409485117085)
(0.09827055816655746,-0.004314081121840228)
(0.09784989763346727,-0.004415048244689476)
(0.09742711473785183,-0.00451531066947497)
(0.09700223661551761,-0.004614868234913899)
(0.09657529032742712,-0.0047137208025309265)
(0.09614630285947967,-0.004811868256557962)
(0.0957153011223077,-0.004909310503834579)
(0.09528231195106016,-0.0050060474737077445)
(0.09484736210522449,-0.005102079117934311)
(0.09441047826835916,-0.005197405410577496)
(0.09397168704794538,-0.005292026347911169)
(0.09353101497514951,-0.005385941948318821)
(0.09308848850462471,-0.005479152252194567)
(0.09264413401430745,-0.005571657321844263)
(0.09219797780520433,-0.005663457241385713)
(0.09175004610119121,-0.005754552116650127)
(0.09130036504881198,-0.005844942075083164)
(0.09084896071706802,-0.005934627265645788)
(0.0903958590972221,-0.006023607858715878)
(0.08994108610259063,-0.006111884045988946)
(0.0894846675683434,-0.006199456040379928)
(0.08902662925130266,-0.00628632407592447)
(0.08856699682974266,-0.006372488407680258)
(0.0881057959031882,-0.006457949311628672)
(0.08764305199221759,-0.0065427070845764925)
(0.08717879053825227,-0.00662676204405633)
(0.08671303690338583,-0.006710114528231178)
(0.0862458163701623,-0.006792764895793433)
(0.08577715414138094,-0.0068747135258673524)
(0.08530707533991749,-0.0069559608179121015)
(0.08483560500851443,-0.007036507191622435)
(0.08436276810958807,-0.00711635308683094)
(0.08388858952504279,-0.007195498963410644)
(0.08341309405607562,-0.007273945301176655)
(0.08293630642297893,-0.007351692599788291)
(0.08245825126495737,-0.007428741378651341)
(0.08197895313993356,-0.0075050921768203835)
(0.08149843652435985,-0.007580745552900926)
(0.08101672581303315,-0.007655702084951963)
(0.08053384531890297,-0.007729962370388027)
(0.08004981927288908,-0.0078035270258819305)
(0.07956467182369419,-0.007876396687266913)
(0.07907842703762182,-0.00794857200943956)
(0.07859110889838822,-0.008020053666261698)
(0.07810274130694701,-0.008090842350463636)
(0.07761334808130337,-0.00816093877354659)
(0.0771229529563322,-0.008230343665684928)
(0.07663157958360357,-0.008299057775629488)
(0.0761392515312018,-0.008367081870609942)
(0.07564599228354829,-0.00843441673623763)
(0.075151825241225,-0.00850106317640831)
(0.07465677372080155,-0.0085670220132053)
(0.07416086095465926,-0.008632294086801795)
(0.07366411009081945,-0.008696880255364407)
(0.07316654419277004,-0.008760781394955659)
(0.07266818623929736,-0.008823998399436999)
(0.07216905912431648,-0.008886532180372341)
(0.07166918565670014,-0.008948383666930152)
(0.07116858856011476,-0.009009553805787399)
(0.07066729047285154,-0.00907004356103208)
(0.07016531394766788,-0.009129853914066956)
(0.06966268145161565,-0.009188985863511953)
(0.06915941536588474,-0.009247440425108087)
(0.06865553798563834,-0.009305218631620073)
(0.06815107151985647,-0.009362321532740078)
(0.06764603809117584,-0.009418750194990957)
(0.06714045973573261,-0.009474505701629204)
(0.06663435840300415,-0.009529589152548383)
(0.06612775595565935,-0.009584001664183179)
(0.06562067416940069,-0.009637744369411887)
(0.06511313473281338,-0.009690818417460318)
(0.06460515924721479,-0.009743224973805278)
(0.06409676922650673,-0.009794965220078082)
(0.0635879860970221,-0.009846040353967772)
(0.0630788311973837,-0.009896451589125112)
(0.06256932577835576,-0.009946200155065735)
(0.06205949100270142,-0.009995287297074499)
(0.061549347945036324,-0.010043714276107953)
(0.06103891759169452,-0.010091482368699365)
(0.060528220840579836,-0.010138592866861551)
(0.060017278501032195,-0.010185047077990343)
(0.05950611129369309,-0.010230846324769883)
(0.05899473985036081,-0.010275991945074336)
(0.05848318471386705,-0.010320485291873637)
(0.057971466337935144,-0.010364327733135935)
(0.05745960508705562,-0.010407520651732479)
(0.056947621236350464,-0.010450065445341094)
(0.05643553497144834,-0.010491963526349967)
(0.05592336638835641,-0.010533216321762167)
(0.05541113549333481,-0.010573825273099227)
(0.05489886220277145,-0.010613791836305207)
(0.054386566343061986,-0.010653117481651353)
(0.05387426765048671,-0.01069180369363943)
(0.0533619857710939,-0.010729851970906897)
(0.05284974026057875,-0.010767263826130122)
(0.05233755058416511,-0.010804040785928594)
(0.051825436116497765,-0.010840184390770585)
(0.05131341614152158,-0.010875696194875616)
(0.05080150985237554,-0.010910577766120373)
(0.05028973635127669,-0.010944830685941811)
(0.049778114649418455,-0.010978456549242968)
(0.04926666366685397,-0.01101145696429541)
(0.04875540223240389,-0.01104383355264662)
(0.048244349083538876,-0.011075587949021566)
(0.04773352286628426,-0.01110672180122915)
(0.04722294213512216,-0.011137236770066708)
(0.046712625352883085,-0.011167134529223372)
(0.04620259089065804,-0.011196416765186845)
(0.045692857027695814,-0.011225085177145922)
(0.045183441951313824,-0.011253141476897389)
(0.04467436375680049,-0.01128058738874914)
(0.044165640447328305,-0.011307424649426119)
(0.043657289933864564,-0.011333655007975254)
(0.043149330035078,-0.011359280225669403)
(0.04264177847726371,-0.01138430207591461)
(0.04213465289424393,-0.011408722344151604)
(0.04162797082730093,-0.011432542827765298)
(0.04112174972508452,-0.011455765335986214)
(0.04061600694353854,-0.01147839168979794)
(0.04011075974581903,-0.011500423721841107)
(0.0396060253022259,-0.011521863276320656)
(0.03910182069011929,-0.01154271220890878)
(0.03859816289385194,-0.01156297238665152)
(0.038095068804700975,-0.011582645687875578)
(0.0375925552207927,-0.011601734002091338)
(0.037090638847039996,-0.01162023922990059)
(0.03658933629507113,-0.011638163282900156)
(0.03608866408317598,-0.011655508083590628)
(0.035588638636231976,-0.011672275565279144)
(0.03508927628565298,-0.01168846767198747)
(0.03459059326932281,-0.011704086358355827)
(0.034092605731545926,-0.011719133589551218)
(0.033595329722985345,-0.011733611341171681)
(0.0330987812006143,-0.011747521599153031)
(0.03260297602766197,-0.011760866359675609)
(0.03210792997356329,-0.011773647629069425)
(0.031613658713911925,-0.011785867423721102)
(0.03112017783041296,-0.01179752776998036)
(0.03062750281084011,-0.011808630704067031)
(0.030135649048989487,-0.011819178271975513)
(0.029644631844641122,-0.011829172529383756)
(0.029154466403519354,-0.011838615541558963)
(0.028665167837254937,-0.011847509383264338)
(0.028176751163348224,-0.01185585613866545)
(0.027689231305136203,-0.011863657901237735)
(0.0272026230917611,-0.011870916773673981)
(0.026716941258139452,-0.011877634867790416)
(0.026232200444932213,-0.011883814304435735)
(0.02574841519851923,-0.01188945721339237)
(0.02526559997097403,-0.011894565733292561)
(0.024783769120042164,-0.011899142011520708)
(0.02430293690911649,-0.011903188204120839)
(0.023823117507220676,-0.011906706475705275)
(0.023344324988990018,-0.011909698999362011)
(0.022866573334655894,-0.011912167956562476)
(0.022389876430031815,-0.01191411553706909)
(0.02191424806650105,-0.011915543938843854)
(0.021439701941005467,-0.011916455367955383)
(0.02096625165603876,-0.011916852038488218)
(0.020493910719637406,-0.01191673617244988)
(0.020022692545376797,-0.011916109999679616)
(0.019552610452368783,-0.011914975757757566)
(0.019083677665259292,-0.011913335691912006)
(0.018615907314228988,-0.011911192054928504)
(0.018149312434995832,-0.011908547107058817)
(0.017683905968819733,-0.011905403115929828)
(0.017219700762507485,-0.011901762356451372)
(0.016756709568421475,-0.011897627110726493)
(0.016294945044489723,-0.011892999667960324)
(0.01583441975421584,-0.01188788232436833)
(0.015375146166693738,-0.011882277383086752)
(0.014917136656623137,-0.011876187154081886)
(0.01446040350432515,-0.011869613954058993)
(0.014004958895762608,-0.011862560106372707)
(0.013550814922560047,-0.011855027940936475)
(0.013097983582026344,-0.011847019794132186)
(0.01264647677717902,-0.011838538008720515)
(0.012196306316771767,-0.011829584933751665)
(0.01174748391532011,-0.011820162924473453)
(0.011300021193134027,-0.011810274342244997)
(0.010853929676347485,-0.011799921554443853)
(0.010409220796953566,-0.011789106934378575)
(0.009965905892840049,-0.011777832861199974)
(0.00952399620782481,-0.011766101719809336)
(0.009083502891697376,-0.011753915900772202)
(0.008644437000258728,-0.011741277800228227)
(0.008206809495363732,-0.01172818981980225)
(0.00777063124496717,-0.011714654366515918)
(0.0073359130231694086,-0.01170067385269997)
(0.00690266551026417,-0.011686250695904095)
(0.006470899292789821,-0.01167138731881023)
(0.006040624863581299,-0.011656086149144205)
(0.005611852621823314,-0.011640349619587416)
(0.0051845928731070225,-0.011624180167688968)
(0.004758855829486779,-0.011607580235778507)
(0.004334651609539298,-0.011590552270877517)
(0.003911990238426124,-0.011573098724614135)
(0.0034908816479556257,-0.011555222053133798)
(0.0030713356766483976,-0.011536924717012498)
(0.0026533620698033123,-0.011518209181171036)
(0.002236970479566982,-0.011499077914786538)
(0.001822170465003301,-0.01147953339120751)
(0.0014089714921670282,-0.011459578087865765)
(0.0009973829341751248,-0.011439214486191195)
(0.0005874140712855715,-0.011418445071524902)
(0.00017907409097332313,-0.011397272333033528)
(-0.00022762791198963458,-0.011375698763622667)
(-0.0006326829354535629,-0.011353726859852588)
(-0.0010360820698073789,-0.011331359121851023)
(-0.0014378164978933949,-0.011308598053228744)
(-0.0018378774949215982,-0.011285446160994122)
(-0.00223625642838025,-0.011261905955467619)
(-0.0026329447579459416,-0.011237979950197739)
(-0.003027934035391009,-0.011213670661874769)
(-0.0034212159044906825,-0.011188980610248304)
(-0.0038127821009260434,-0.011163912318040724)
(-0.004202624452187051,-0.011138468310863955)
(-0.004590734877473771,-0.011112651117136132)
(-0.0049771053875937235,-0.011086463267995467)
(-0.005361728084861068,-0.011059907297218901)
(-0.005744595162989948,-0.011032985741137223)
(-0.006125698906989651,-0.011005701138551984)
(-0.0065050316930550705,-0.010978056030651962)
(-0.006882585988457339,-0.010950052960931227)
(-0.007258354351431901,-0.010921694475104087)
(-0.0076323294310652445,-0.010892983121025114)
(-0.008004503967178911,-0.010863921448604794)
(-0.008374870790213085,-0.010834512009728153)
(-0.008743422821107445,-0.010804757358171666)
(-0.009110153071180368,-0.010774660049522471)
(-0.00947505464200726,-0.010744222641096321)
(-0.009838120725295588,-0.010713447691854972)
(-0.01019934460275889,-0.010682337762325996)
(-0.010558719645991008,-0.010650895414521622)
(-0.010916239316334298,-0.01061912321185686)
(-0.011271897164750562,-0.010587023719069916)
(-0.011625686831686804,-0.010554599502140495)
(-0.011977602046941753,-0.01052185312820991)
(-0.012327636629529294,-0.010488787165501126)
(-0.012675784487539718,-0.010455404183237975)
(-0.013022039618001304,-0.010421706751566626)
(-0.013366396106738367,-0.010387697441474698)
(-0.013708848128228757,-0.01035337882471293)
(-0.014049389945457045,-0.010318753473715137)
(-0.014388015909770728,-0.010283823961519839)
(-0.014724720460730064,-0.01024859286169135)
(-0.015059498125960245,-0.01021306274824149)
(-0.015392343520996946,-0.010177236195550481)
(-0.015723251349135554,-0.010141115778289325)
(-0.01605221640127527,-0.010104704071342185)
(-0.016379233555762176,-0.010068003649727741)
(-0.01670429777823325,-0.010031017088523712)
(-0.01702740412145254,-0.009993746962786761)
(-0.01734854772515297,-0.009956195847477685)
(-0.017667723815871565,-0.009918366317383458)
(-0.017984927706784764,-0.009880260947041017)
(-0.018300154797543232,-0.009841882310661484)
(-0.018613400574101404,-0.009803232982052358)
(-0.018924660608549488,-0.009764315534543495)
(-0.019233930558942153,-0.00972513254091018)
(-0.019541206169122232,-0.009685686573297247)
(-0.01984648326855318,-0.009645980203146139)
(-0.02014975777213419,-0.009606016001116479)
(-0.020451025680029714,-0.009565796537014835)
(-0.02075028307748422,-0.009525324379716642)
(-0.021047526134646707,-0.009484602097095491)
(-0.021342751106383177,-0.009443632255945737)
(-0.021635954332095007,-0.009402417421910916)
(-0.021927132235532904,-0.009360960159408911)
(-0.022216281324608865,-0.009319263031559426)
(-0.02250339819120883,-0.009277328600110013)
(-0.022788479510998716,-0.009235159425363255)
(-0.02307152204323804,-0.009192758066105651)
(-0.023352522630580016,-0.009150127079532515)
(-0.02363147819888188,-0.009107269021178456)
(-0.023908385757002992,-0.009064186444842965)
(-0.02418324239661317,-0.009020881902521385)
(-0.024456045291986247,-0.00897735794433124)
(-0.024726791699802724,-0.008933617118442223)
(-0.024995478958946958,-0.008889661971004941)
(-0.0252621044903012,-0.008845495046080228)
(-0.025526665796542766,-0.0088011188855693)
(-0.025789160461931332,-0.008756536029141846)
(-0.026049586152106848,-0.008711749014168492)
(-0.02630794061387457,-0.008666760375649032)
(-0.02656422167499582,-0.008621572646144783)
(-0.026818427243973063,-0.008576188355707831)
(-0.027070555309837634,-0.008530610031813482)
(-0.02732060394193107,-0.008484840199290687)
(-0.027568571289690178,-0.008438881380254283)
(-0.02781445558242547,-0.008392736094036563)
(-0.02805825512910142,-0.00834640685711892)
(-0.028299968318118273,-0.00829989618306611)
(-0.028539593617082387,-0.008253206582456542)
(-0.028777129572586414,-0.008206340562816727)
(-0.02901257480998316,-0.008159300628554633)
(-0.02924592803315416,-0.008112089280891932)
(-0.029477188024285134,-0.008064709017798799)
(-0.029706353643634296,-0.008017162333928088)
(-0.02993342382929991,-0.007969451720548748)
(-0.03015839759698746,-0.007921579665480828)
(-0.03038127403977708,-0.007873548653030757)
(-0.030602052327885154,-0.007825361163925727)
(-0.030820731708428875,-0.007777019675249415)
(-0.031037311505188767,-0.007728526660378208)
(-0.03125179111836533,-0.0076798845889158255)
(-0.031464170024344054,-0.007631095926631372)
(-0.0316744477754454,-0.0075821631353939125)
(-0.03188262399968741,-0.007533088673110777)
(-0.032088698400536554,-0.007483874993663635)
(-0.03229267075666666,-0.007434524546847116)
(-0.03249454092170286,-0.007385039778304652)
(-0.03269430882398221,-0.007335423129468191)
(-0.032891974466296624,-0.007285677037495262)
(-0.03308753792564285,-0.007235803935207424)
(-0.03328099935297327,-0.007185806251030417)
(-0.03347235897293688,-0.007135686408931353)
(-0.03366161708362917,-0.007085446828359923)
(-0.03384877405633024,-0.007035089924186253)
(-0.03403383033525251,-0.006984618106642512)
(-0.03421678643727799,-0.006934033781262143)
(-0.034397642951698684,-0.006883339348820321)
(-0.03457640053995658,-0.006832537205275366)
(-0.034753059935382684,-0.00678162974171018)
(-0.03492762194292824,-0.00673061934427224)
(-0.03510008743890478,-0.006679508394116856)
(-0.035270457370715304,-0.00662829926734815)
(-0.035438732756586835,-0.00657699433496176)
(-0.035604914685305834,-0.006525595962787764)
(-0.03576900431594236,-0.006474106511432814)
(-0.035931002877586146,-0.006422528336224253)
(-0.03609091166906894,-0.00637086378715292)
(-0.036248732058694944,-0.006319115208817137)
(-0.03640446548396609,-0.006267284940367202)
(-0.03655811345130644,-0.006215375315449358)
(-0.0367096775357869,-0.0061633886621508364)
(-0.03685915938084637,-0.006111327302944709)
(-0.037006560698013294,-0.0060591935546351495)
(-0.03715188326662741,-0.006006989728303405)
(-0.037295128933558484,-0.005954718129253284)
(-0.03743629961292596,-0.005902381056958312)
(-0.037575397285811885,-0.00584998080500684)
(-0.03771242399998474,-0.005797519661050721)
(-0.03784738186960399,-0.005744999906750611)
(-0.03798027307494667,-0.005692423817725349)
(-0.038111099862110434,-0.00563979366349832)
(-0.03823986454272885,-0.005587111707445931)
(-0.03836656949368604,-0.005534380206746957)
(-0.03849121715682298,-0.00548160141233019)
(-0.038613810038646515,-0.005428777568823912)
(-0.03873435071004047,-0.0053759109145056026)
(-0.038852841805968784,-0.005323003681250865)
(-0.03896928602518656,-0.0052700580944843554)
(-0.03908368612994039,-0.005217076373129494)
(-0.039196044945677626,-0.005164060729559537)
(-0.0393063653607469,-0.005111013369548257)
(-0.03941465032610038,-0.005057936492221321)
(-0.0395209028549951,-0.005004832290007786)
(-0.03962512602269785,-0.004951702948592537)
(-0.039727322966179535,-0.004898550646867927)
(-0.03982749688381716,-0.0048453775568868115)
(-0.03992565103509254,-0.004792185843815274)
(-0.04002178874028293,-0.004738977665885368)
(-0.04011591338017167,-0.0046857551743502155)
(-0.040208028395724335,-0.004632520513435548)
(-0.040298137287801676,-0.004579275820296347)
(-0.04038624361683864,-0.004526023224969203)
(-0.04047235100255087,-0.004472764850329128)
(-0.04055646312361166,-0.004419502812042773)
(-0.04063858371735949,-0.004366239218525893)
(-0.04071871657947594,-0.004312976170897656)
(-0.04079686556367983,-0.004259715762937334)
(-0.04087303458142094,-0.004206460081041438)
(-0.040947227601558785,-0.004153211204179211)
(-0.041019448650057855,-0.00409997120385085)
(-0.041089701809669546,-0.004046742144044443)
(-0.041157991219618065,-0.003993526081193844)
(-0.04122432107529756,-0.003940325064137728)
(-0.04128869562793451,-0.003887141134076151)
(-0.04135111918429027,-0.003833976324531112)
(-0.041411596106334984,-0.003780832661304714)
(-0.041470130810935514,-0.003727712162439205)
(-0.04152672776952956,-0.003674616838176133)
(-0.041581391507817846,-0.0036215486909173034)
(-0.04163412660542823,-0.003568509715184084)
(-0.041684937695613544,-0.0035155018975795878)
(-0.04173382946491932,-0.0034625272167487383)
(-0.04178080665286282,-0.003409587643340048)
(-0.04182587405161563,-0.0033566851399676806)
(-0.04186903650567643,-0.003303821661173156)
(-0.04191029891154997,-0.0032509991533880758)
(-0.04194966621742219,-0.00319821955489703)
(-0.041987143422833266,-0.0031454847958002703)
(-0.04202273557835798,-0.0030927967979777447)
(-0.042056447785273045,-0.0030401574750525745)
(-0.04208828519523721,-0.002987568732355228)
(-0.04211825300996107,-0.0029350324668883532)
(-0.042146356480875,-0.0028825505672908005)
(-0.042172600908812266,-0.0028301249138037473)
(-0.042196991643668524,-0.002777757378235501)
(-0.042219534084083084,-0.00272544982392782)
(-0.04224023367709793,-0.0026732041057214015)
(-0.042259095917840335,-0.0026210220699233056)
(-0.04227612634918471,-0.0025689055542732716)
(-0.042291330561420135,-0.0025168563879107543)
(-0.04230471419192363,-0.0024648763913428288)
(-0.04231628292482492,-0.0024129673764118884)
(-0.04232604249067464,-0.002361131146263847)
(-0.04233399866611496,-0.0023093694953168846)
(-0.0423401572735377,-0.002257684209229864)
(-0.04234452418075995,-0.0022060770648721353)
(-0.04234710530068733,-0.002154549830292846)
(-0.042347906590973865,-0.002103104264690644)
(-0.0423469340536922,-0.002051742118384215)
(-0.0423441937349963,-0.0020004651327827088)
(-0.04233969172479248,-0.0019492750403570672)
(-0.04233343415639055,-0.0018981735646105963)
(-0.04232542720617595,-0.0018471624200510266)
(-0.04231567709327068,-0.0017962433121624158)
(-0.04230419007919903,-0.0017454179373775566)
(-0.04229097246754446,-0.0016946879830502391)
(-0.04227603060361752,-0.00164405512742865)
(-0.04225937087411441,-0.0015935210396284046)
(-0.04224099970677778,-0.001543087379606243)
(-0.042220923570060326,-0.0014927557981341641)
(-0.042199148972784505,-0.0014425279367735982)
(-0.042175682463807665,-0.0013924054278503298)
(-0.04215053063167023,-0.0013423898944290987)
(-0.04212370010427423,-0.0012924829502895141)
(-0.042095197548525864,-0.0012426861999012486)
(-0.04206502967000474,-0.0011930012384003155)
(-0.04203320321262397,-0.0011434296515655847)
(-0.041999724958279784,-0.0010939730157951183)
(-0.04196460172652748,-0.0010446328980837538)
(-0.041927840374222994,-0.000995410856000025)
(-0.04188944779519087,-0.0009463084376642159)
(-0.041849430919881234,-0.0008973271817262958)
(-0.041807796715029294,-0.0008484686173444764)
(-0.04176455218331083,-0.0007997342641638811)
(-0.04171970436299946,-0.000751125632295649)
(-0.04167326032762842,-0.00070264422229642)
(-0.0416252271856482,-0.0006542915251481776)
(-0.04157561208008096,-0.0006060690222383005)
(-0.04152442218817917,-0.0005579781853400542)
(-0.041471664721082914,-0.0005100204765933726)
(-0.04141734692347933,-0.0004621973484860841)
(-0.04136147607325825,-0.00041451024383531423)
(-0.04130405948116899,-0.00036696059576934575)
(-0.04124510449047787,-0.0003195498277098183)
(-0.04118461847662515,-0.0002722793533541539)
(-0.0411226088468827,-0.000225150576658469)
(-0.04105908304001037,-0.00017816489182071932)
(-0.04099404852591447,-0.0001313236832642578)
(-0.040927512805300555,-0.00008462832562160713)
(-0.040859483409335554,-0.00003808018371874773)
(-0.04078996789930283,8.319387440419692e-6)
(-0.04071897386625599,0.000054569042689164275)
(-0.0406465089306781,0.00010066744671272531)
(-0.04057258074214647,0.00014661327406283457)
(-0.040497196978970626,0.0001924052091717296)
(-0.04042036534787063,0.00023804194636604416)
(-0.04034209358361992,0.0002835221898801826)
(-0.040262389448709184,0.0003288446538695004)
(-0.04018126073299993,0.00037400806242304254)
(-0.040098715253385084,0.00041901114957601233)
(-0.04001476085344519,0.00046385265932189347)
(-0.039929405403103795,0.0005085313456241726)
(-0.039842656798287156,0.0005530459724278789)
(-0.039754522960585924,0.0005973953136706175)
(-0.039665011836903616,0.0006415781532933799)
(-0.03957413139912445,0.0006855932852510134)
(-0.03948188964376358,0.0007294395135222879)
(-0.03938829459163163,0.0007731156521197379)
(-0.039293354287490305,0.0008166205250990716)
(-0.03919707679971041,0.0008599529665682855)
(-0.03909947021993413,0.0009031118206965742)
(-0.039000542662728926,0.000946095941722578)
(-0.038900302265250264,0.0009889041939626741)
(-0.038798757186902635,0.0010315354518188131)
(-0.03869591560899579,0.0010739885997858524)
(-0.03859178573440649,0.0011162625324588474)
(-0.03848637578723747,0.0011583561545397208)
(-0.03837969401248101,0.0012002683808439532)
(-0.03827174867567329,0.001241998136306485)
(-0.03816254806256533,0.001283544355987914)
(-0.03805210047877163,0.0013249059850795838)
(-0.03794041424944393,0.001366081978909122)
(-0.03782749771892452,0.0014070713029451973)
(-0.03771335925041345,0.0014478729328020184)
(-0.03759800722562745,0.0014884858542435816)
(-0.037481450044464494,0.0015289090631875912)
(-0.03736369612466341,0.0015691415657087802)
(-0.03724475390147735,0.001609182378042833)
(-0.03712463182732658,0.0016490305265885927)
(-0.03700333837146427,0.001688685047910854)
(-0.03688088201964764,0.001728144988743031)
(-0.03675727127379443,0.0017674094059885544)
(-0.036632514651656074,0.0018064773667230791)
(-0.036506620686477975,0.0018453479481954367)
(-0.03637959792666518,0.0018840202378286926)
(-0.03625145493545382,0.0019224933332211266)
(-0.03612220029057283,0.0019607663421462563)
(-0.0359918425839134,0.001998838382553115)
(-0.03586039042119523,0.0020367085825658904)
(-0.035727852421638624,0.002074376080483586)
(-0.03559423721762916,0.0021118400247788637)
(-0.035459553454385624,0.0021490995740968788)
(-0.03532380978963568,0.002186153897254174)
(-0.03518701489327857,0.0022230021732362643)
(-0.03504917744706232,0.0022596435911961333)
(-0.03491030614424687,0.0022960773504511374)
(-0.03477040968928395,0.002332302660480808)
(-0.03462949679748636,0.002368318740923901)
(-0.03448757619469286,0.002404124821574106)
(-0.034344656616953406,0.0024397201423775007)
(-0.03420074681019276,0.002475103953427866)
(-0.0340558555298931,0.0025102755149628976)
(-0.033909991540761165,0.002545234097359191)
(-0.03376316361640776,0.002579978981127529)
(-0.033615380539020495,0.0026145094569076655)
(-0.033466651099043045,0.0026488248254629347)
(-0.033316984094851856,0.0026829243976744465)
(-0.03316638833243301,0.002716807494534922)
(-0.03301487262505636,0.0027504734471420363)
(-0.03286244579296127,0.0027839215966922373)
(-0.03270911666303098,0.002817151294473431)
(-0.032554894068475816,0.0028501619018578487)
(-0.03239978684851015,0.0028829527902942105)
(-0.03224380384803756,0.0029155233413002027)
(-0.0320869539173269,0.002947872946453779)
(-0.031929245911703874,0.0029800010073854164)
(-0.0317706886912262,0.003011906935768779)
(-0.03161129112036744,0.003043590153311411)
(-0.03145106206770933,0.003075050091746474)
(-0.03129001040561906,0.0031062861928219357)
(-0.03112814500993921,0.003137297908291381)
(-0.03096547475967011,0.003168084699903144)
(-0.030802008536665527,0.0031986460393908264)
(-0.030637755225310075,0.003228981408461123)
(-0.03047272371221642,0.003259090298783974)
(-0.030306922885910685,0.003288972211980508)
(-0.030140361636522384,0.003318626659611557)
(-0.029973048855480917,0.003348053163166037)
(-0.029804993435195343,0.003377251254047746)
(-0.029636204268760714,0.0034062204735640926)
(-0.029466690249642786,0.003434960372912661)
(-0.029296460271375026,0.0034634705131683717)
(-0.02912552322725106,0.003491750465269617)
(-0.028953888010025224,0.0035197998100056113)
(-0.02878156351159971,0.003547618138001253)
(-0.02860855862273203,0.0035752050497039633)
(-0.02843488223272889,0.0036025601553692733)
(-0.028260543229141653,0.003629683075044979)
(-0.028085550497473397,0.0036565734385578317)
(-0.027909912920868807,0.0036832308854963017)
(-0.027733639379827865,0.003709655065197001)
(-0.027556738751898593,0.0037358456367274865)
(-0.027379219911382827,0.003761802268870633)
(-0.027201091729043437,0.003787524640108749)
(-0.027022363071802485,0.003813012438606064)
(-0.026843042802454437,0.0038382653621926517)
(-0.02666313977936583,0.003863283118346864)
(-0.02648266285618688,0.003888065424178066)
(-0.026301620881558102,0.003912612006408938)
(-0.026120022698821146,0.0039369226013577134)
(-0.02593787714572686,0.003960996954919785)
(-0.02575519305414431,0.003984834822548928)
(-0.025571979249780295,0.004008435969239661)
(-0.025388244551883862,0.004031800169506893)
(-0.02520399777296673,0.004054927207368496)
(-0.02501924771851004,0.0040778168763232975)
(-0.024834003186692256,0.004100468979334589)
(-0.024648272968091293,0.0041228833288069104)
(-0.0244620658454117,0.004145059746567723)
(-0.02427539059320331,0.004166998063847212)
(-0.02408825597757433,0.004188698121255878)
(-0.02390067075592065,0.004210159768765514)
(-0.023712643676636086,0.004231382865685999)
(-0.023524183478846564,0.004252367280645587)
(-0.02333529889212647,0.0042731128915683885)
(-0.023145998636226475,0.004293619585652545)
(-0.022956291420794906,0.0043138872593476004)
(-0.022766185945108184,0.004333915818332781)
(-0.022575690897798185,0.004353705177493862)
(-0.022384814956578993,0.004373255260900622)
(-0.022193566787976002,0.004392566001782972)
(-0.02200195504706103,0.004411637342508563)
(-0.021809988377177594,0.004430469234558234)
(-0.021617675409679998,0.004449061638503132)
(-0.021425024763661062,0.004467414523979363)
(-0.021232045045692087,0.004485527869664801)
(-0.021038744849556056,0.00450340166325397)
(-0.020845132755984448,0.00452103590143322)
(-0.02065121733239927,0.00453843058985658)
(-0.02045700713264518,0.004555585743118832)
(-0.02026251069673759,0.0045725013847320245)
(-0.020067736550598538,0.004589177547098444)
(-0.01987269320579748,0.0046056142714841555)
(-0.0196773891593052,0.004621811607995563)
(-0.01948183289322812,0.004637769615550576)
(-0.01928603287455462,0.004653488361851764)
(-0.019089997554910754,0.004668967923362179)
(-0.018893735370300386,0.004684208385276237)
(-0.01869725474085421,0.0046992098414923)
(-0.018500564070584254,0.004713972394586636)
(-0.01830367174713433,0.004728496155784968)
(-0.018106586141530906,0.004742781244934942)
(-0.01790931560794014,0.004756827790477988)
(-0.017711868483416254,0.00477063592942005)
(-0.01751425308766796,0.004784205807305662)
(-0.017316477722805534,0.004797537578185999)
(-0.01711855067310536,0.004810631404592574)
(-0.016920480204765522,0.004823487457506129)
(-0.016722274565673573,0.0048361059163297)
(-0.016523941985161314,0.004848486968857292)
(-0.01632549067377148,0.0048606308112445415)
(-0.01612692882302036,0.004872537647978755)
(-0.015928264605166303,0.004884207691849872)
(-0.01572950617297422,0.004895641163918591)
(-0.015530661659482395,0.004906838293486518)
(-0.01533173917777557,0.004917799318066108)
(-0.015132746820753594,0.004928524483349136)
(-0.014933692660904795,0.004939014043176666)
(-0.014734584750072258,0.004949268259505382)
(-0.014535431119236535,0.0049592874023785625)
(-0.01433623977828667,0.0049690717498937)
(-0.014137018715799397,0.004978621588170995)
(-0.01393777589881253,0.0049879372113200236)
(-0.013738519272609426,0.004997018921409544)
(-0.013539256760495461,0.005005867028433409)
(-0.013339996263582826,0.005014481850279714)
(-0.013140745660569816,0.00502286371269584)
(-0.012941512807529943,0.0050310129492585395)
(-0.012742305537692874,0.005038929901337965)
(-0.012543131661232635,0.005046614918065784)
(-0.012343998965058948,0.00505406835630312)
(-0.012144915212601326,0.0050612905806040704)
(-0.011945888143602175,0.005068281963184078)
(-0.011746925473909589,0.005075042883885146)
(-0.011548034895270197,0.005081573730142823)
(-0.011349224075120979,0.0050878748969499865)
(-0.011150500656390632,0.0050939467868248945)
(-0.010951872257290789,0.005099789809774507)
(-0.010753346471117592,0.005105404383260693)
(-0.010554930866051339,0.005110790932165324)
(-0.010356632984957117,0.0051159498887555005)
(-0.010158460345187841,0.005120881692647709)
(-0.0099604204383865,0.005125586790772889)
(-0.009762520730291746,0.005130065637340127)
(-0.009564768660546097,0.005134318693802946)
(-0.009367171642501646,0.005138346428821254)
(-0.009169737063027605,0.005142149318225782)
(-0.008972472282326586,0.0051457278449841765)
(-0.008775384633739917,0.005149082499161955)
(-0.008578481423564084,0.005152213777887318)
(-0.00838176993086336,0.0051551221853144355)
(-0.008185257407288638,0.005157808232587371)
(-0.007988951076890547,0.0051602724378016565)
(-0.007792858135941453,0.005162515325969583)
(-0.007596985752752957,0.0051645374289809275)
(-0.0074013410674977085,0.005166339285566715)
(-0.007205931192034843,0.005167921441263132)
(-0.007010763209726979,0.005169284448370092)
(-0.006815844175273677,0.005170428865918395)
(-0.006621181114532074,0.005171355259628156)
(-0.006426781024348792,0.005172064201873737)
(-0.0062326508723879815,0.00517255627164368)
(-0.006038797596959916,0.005172832054502695)
(-0.005845228106857207,0.005172892142554462)
(-0.005651949281187504,0.005172737134403698)
(-0.005458967969204569,0.00517236763511479)
(-0.005266290990150287,0.005171784256176024)
(-0.005073925133087987,0.005170987615459547)
(-0.0048818771567447775,0.005169978337182384)
(-0.004690153789349978,0.005168757051868025)
(-0.004498761728478198,0.00516732439630708)
(-0.0043077076408925925,0.005165681013517871)
(-0.004116998162388354,0.005163827552706279)
(-0.00392663989764091,0.005161764669228326)
(-0.0037366394200525972,0.005159493024549235)
(-0.0035470032716012874,0.005157013286203324)
(-0.003357737962691667,0.005154326127756042)
(-0.0031688499720049722,0.005151432228760593)
(-0.0029803457463557317,0.005148332274723492)
(-0.002792231700543504,0.0051450269570584226)
(-0.0026045142172094536,0.005141516973050052)
(-0.0024171996466948427,0.005137803025812567)
(-0.0022302943068996384,0.005133885824248982)
(-0.0020438044831423007,0.005129766083011546)
(-0.0018577364280210685,0.005125444522459079)
(-0.0016720963612785083,0.005120921868619713)
(-0.0014868904696658327,0.005116198853146204)
(-0.0013021249068080137,0.005111276213279279)
(-0.001117805793071479,0.005106154691802291)
(-0.0009339392154340015,0.005100835037003616)
(-0.0007505312273541714,0.0050953180026344115)
(-0.0005675878486430412,0.005089604347866707)
(-0.00038511506533747594,0.0050836948372528536)
(-0.00020311882957509383,0.005077590240684551)
(-0.000021605059470170935,0.005071291333350188)
(0.0001594203610091691,0.005064798895694617)
(0.0003399515821618265,0.005058113713376832)
(0.0005199827886732175,0.005051236577228092)
(0.0006995081997336918,0.005044168283211233)
(0.0008785220691552018,0.005036909632378007)
(0.0010570186854866879,0.005029461430826364)
(0.001234992372128072,0.005021824489660769)
(0.0014124374874419695,0.005013999624948606)
(0.0015893484248656155,0.005005987657677967)
(0.0017657196130201104,0.0049977894137159485)
(0.0019415455158181731,0.004989405723767103)
(0.002116820632571411,0.004980837423329798)
(0.0022915394980948522,0.004972085352655006)
(0.002465696682811595,0.004963150356702652)
(0.0026392867928536783,0.0049540332851012005)
(0.00281230447016533,0.004944734992103192)
(0.0029847443925996135,0.0049352563365430945)
(0.0031566012740185494,0.004925598181795461)
(0.0033278698643889495,0.004915761395732081)
(0.003498544949877345,0.004905746850678832)
(0.003668621352943716,0.00489555542337225)
(0.0038380939324339303,0.004885187994918891)
(0.0040069575836701645,0.004874645450749747)
(0.0041752072385407984,0.004863928680579896)
(0.004342837865587957,0.004853038578363784)
(0.0045098444700933165,0.004841976042253068)
(0.004676222094164113,0.004830741974552757)
(0.0048419658168167064,0.004819337281679963)
(0.005007070754057758,0.0048077628741182744)
(0.005171532058965481,0.004796019666376961)
(0.005335344921768281,0.00478410857694602)
(0.005498504569924335,0.0047720305282546865)
(0.005661006268195055,0.004759786446626125)
(0.0058228453187227445,0.004747377262236136)
(0.005984017061102281,0.004734803909068919)
(0.006144516872453604,0.004722067324873474)
(0.006304340167492387,0.0047091684511209745)
(0.006463482398599142,0.004696108232961032)
(0.006621939055886817,0.00468288761917844)
(0.006779705667268077,0.004669507562149998)
(0.006936777798517078,0.004655969017799392)
(0.007093151053337289,0.004642272945557619)
(0.0072488210734194865,0.0046284203083145434)
(0.0074037835385035965,0.004614412072378988)
(0.007558034166440309,0.004600249207434932)
(0.007711568713243434,0.004585932686495942)
(0.007864382973150837,0.00457146348586364)
(0.008016472778677444,0.004556842585083515)
(0.008167834000669092,0.004542070966901753)
(0.008318462548352012,0.004527149617220165)
(0.008468354369387523,0.00451207952505518)
(0.00861750544991823,0.004496861682492441)
(0.008765911814615808,0.004481497084643378)
(0.008913569526728412,0.004465986729602681)
(0.009060474688125037,0.0044503316184038326)
(0.00920662343933732,0.004434532754975507)
(0.009352011959605245,0.004418591146099348)
(0.009496636466912022,0.004402507801363871)
(0.009640493218032129,0.0043862837331250255)
(0.009783578508557914,0.004369919956457753)
(0.009925888672944517,0.004353417489116076)
(0.010067420084540308,0.004336777351488003)
(0.010208169155623044,0.004320000566552724)
(0.010348132337431159,0.004303088159837041)
(0.010487306120191438,0.004286041159370828)
(0.010625687033153999,0.004268860595645651)
(0.010763271644615836,0.0042515475015694176)
(0.010900056561949511,0.004234102912424415)
(0.011036038431625261,0.004216527865822027)
(0.01117121393923789,0.004198823401661257)
(0.01130557980953026,0.0041809905620856505)
(0.011439132806408344,0.004163030391437192)
(0.011571869732966518,0.004144943936215972)
(0.011703787431502253,0.004126732245035357)
(0.011834882783536203,0.0041083963685795925)
(0.011965152709824409,0.004089937359560013)
(0.012094594170370017,0.004071356272670617)
(0.012223204164447611,0.004052654164549358)
(0.012350979730597225,0.004033832093728633)
(0.012477917946650357,0.004014891120598326)
(0.01260401592972677,0.0039958323073580534)
(0.012729270836246242,0.003976656717976393)
(0.012853679861940406,0.003957365418149428)
(0.012977240241841126,0.00393795947525307)
(0.013099949250302619,0.003918439958305636)
(0.013221804200988875,0.0038988079379210557)
(0.013342802446880776,0.003879064486268086)
(0.013462941380274053,0.0038592106770267915)
(0.01358221843277506,0.00383924758534607)
(0.013700631075301768,0.003819176287801433)
(0.013818176818068413,0.0037989978623503137)
(0.013934853210594423,0.00377871338829318)
(0.014050657841682832,0.0037583239462274085)
(0.014165588339421036,0.0037378306180077653)
(0.014279642371160787,0.003717234486700876)
(0.014392817643517524,0.0036965366365462426)
(0.014505111902348112,0.003675738152911371)
(0.014616522932743377,0.003654840122251333)
(0.014727048559005317,0.003633843632064872)
(0.014836686644636858,0.0036127497708538336)
(0.014945435092320684,0.003591559628080408)
(0.015053291843897386,0.0035702742941249995)
(0.015160254880352239,0.0035488948602453683)
(0.01526632222178074,0.0035274224185327207)
(0.015371491927376468,0.003505858061871929)
(0.015475762095401984,0.0034842028838993353)
(0.01557913086316192,0.003462457978960547)
(0.01568159640697445,0.003440624442068724)
(0.01578315694214962,0.003418703368864679)
(0.01588381072294643,0.0033966958555725216)
(0.015983556042558685,0.0033746029989621742)
(0.016082391233065686,0.00335242589630405)
(0.01618031466541232,0.0033301656453314766)
(0.016277324749364067,0.003307823344196871)
(0.016373419933475405,0.003285400091431898)
(0.016468598705052132,0.0032628969859065508)
(0.01656285959011025,0.0032403151267876573)
(0.01665620115334091,0.003217655613499272)
(0.016748621998063255,0.0031949195456806635)
(0.016840120766182746,0.0031721080231456793)
(0.016930696138155094,0.0031492221458441876)
(0.01702034683293039,0.0031262630138188707)
(0.01710907160791013,0.0031032317271663438)
(0.017196869258906365,0.003080129385997211)
(0.017283738620084785,0.00305695709039498)
(0.017369678563919536,0.003033715940376492)
(0.017454688001140098,0.003010407035851875)
(0.017538765880678018,0.002987031476584387)
(0.01762191118961793,0.0029635903621508817)
(0.017704122953139226,0.0029400847919023644)
(0.017785400234454265,0.002916515864922693)
(0.017865742134767278,0.002892884679992158)
(0.017945147793201246,0.0028691923355453116)
(0.018023616386739716,0.0028454399296320926)
(0.018101147130180507,0.0028216285598809425)
(0.01817773927605393,0.0027977593234562777)
(0.01825339211457151,0.002773833317021668)
(0.018328104973558666,0.0027498516367001503)
(0.01840187721839613,0.0027258153780368266)
(0.0184747082519363,0.0027017256359571228)
(0.018546597514457315,0.0026775835047319575)
(0.01861754448357865,0.0026533900779366986)
(0.01868754867419365,0.002629146448413094)
(0.018756609638406047,0.002604853708232406)
(0.018824726965448447,0.0025805129486558315)
(0.01889190028161324,0.0025561252600970227)
(0.018958129250182323,0.0025316917320848038)
(0.019023413571339597,0.002507213453223925)
(0.019087752982109015,0.002482691511159106)
(0.019151147256265176,0.0024581269925362604)
(0.01921359620425685,0.002433520982965133)
(0.01927509967313511,0.0024088745669831745)
(0.019335657546454613,0.0023841888280161758)
(0.01939526974421597,0.0023594648483441323)
(0.019453936222760683,0.002334703709061789)
(0.01951165697469298,0.0023099064900424086)
(0.01956843202880258,0.0022850742699023017)
(0.019624261449967206,0.002260208125962663)
(0.019679145339072557,0.002235309134214328)
(0.019733083832916557,0.0022103783692804615)
(0.019786077104126713,0.0021854169043812707)
(0.019838125361066865,0.0021604258112975752)
(0.019889228847740737,0.002135406160334502)
(0.019939387843708422,0.0021103590202866274)
(0.019988602663981364,0.002085285458401198)
(0.0200368736589366,0.002060186540343644)
(0.020084201214217584,0.00203506333016151)
(0.020130585750632764,0.002009916890249312)
(0.0201760277240646,0.001984748281313547)
(0.020220527625368804,0.0019595585623381016)
(0.020264085980273273,0.0019343487905487881)
(0.020306703349269564,0.0019091200213783284)
(0.020348380327528014,0.0018838733084331814)
(0.02038911754477785,0.0018586097034576645)
(0.02042891566521235,0.0018333302563004429)
(0.020467775387380982,0.0018080360148801922)
(0.020505697444088512,0.00178272802515204)
(0.02054268260227428,0.0017574073310724701)
(0.020578731662926453,0.0017320749745675587)
(0.02061384546094787,0.0017067319954973661)
(0.02064802486506676,0.0016813794316239573)
(0.02068127077771513,0.0016560183185776022)
(0.020713584134921335,0.0016306496898237327)
(0.020744965906192504,0.0016052745766297336)
(0.02077541709441099,0.0015798940080328477)
(0.020804938735709294,0.001554509010806678)
(0.020833531899360047,0.001529120609429132)
(0.020861197687656128,0.0015037298260497935)
(0.020887937235802522,0.0014783376804582695)
(0.020913751711785847,0.0014529451900514143)
(0.020938642316263516,0.0014275533698019378)
(0.02096261028243892,0.001402163232226271)
(0.02098565687595058,0.0013767757873536317)
(0.021007783394734574,0.001351392042693684)
(0.021028991168914463,0.0013260130032060169)
(0.021049281560678434,0.0013006396712688933)
(0.021068655964142632,0.001275273046647803)
(0.02108711580524207,0.0012499141264654047)
(0.02110466254159269,0.001224563905170392)
(0.021121297662369903,0.0011992233745070841)
(0.021137022688180084,0.0011738935234853194)
(0.02115183917093138,0.0011485753383500363)
(0.02116574869371002,0.0011232698025518306)
(0.021178752870635212,0.0010979778967161364)
(0.021190853346749285,0.001072700598614725)
(0.02120205179786907,0.0010474388831354152)
(0.021212349930460235,0.0010221937222530855)
(0.021221749481506937,0.0009969660850005966)
(0.021230252218368325,0.0009717569374393893)
(0.021237859938655155,0.000946567242631134)
(0.0212445744700838,0.0009213979606088719)
(0.021250397670349967,0.0008962500483485712)
(0.021255331426982972,0.000871124459740809)
(0.021259377657211212,0.0008460221455625844)
(0.021262538307821877,0.000820944053449313)
(0.021264815355027212,0.0007958911278673538)
(0.021266210804316024,0.0007708643100858652)
(0.021266726690321914,0.0007458645381499877)
(0.021266365076672403,0.0007208927468529034)
(0.02126512805585413,0.000695949867709293)
(0.021263017749065825,0.0006710368289280537)
(0.021260036306074256,0.0006461545553856344)
(0.021256185905074172,0.0006213039685996798)
(0.021251468752537344,0.000596485986702242)
(0.02124588708306909,0.0005717015244138482)
(0.02123944315926719,0.0005469514930174846)
(0.021232139271564407,0.0005222368003325495)
(0.021223977738088356,0.0004975583506891637)
(0.021214960904509316,0.0004729170449028727)
(0.021205091143898562,0.0004483137802492783)
(0.021194370856562953,0.0004237494504385369)
(0.021182802469913473,0.00039922494559098973)
(0.021170388438296946,0.00037474115221182804)
(0.021157131242854784,0.00035029895316678874)
(0.021143033391374993,0.0003258992276577945)
(0.021128097418116876,0.00030154285119837716)
(0.021112325883692648,0.0002772306955901064)
(0.02109572137487332,0.00025296362889817847)
(0.021078286504470314,0.0002287425154282524)
(0.02106002391115666,0.00020456821570257315)
(0.021040936259316575,0.00018044158643680026)
(0.02102102623889511,0.0001563634805168963)
(0.021000296565235124,0.00013233474697616466)
(0.020978749978922327,0.00010835623097245459)
(0.02095638924562325,0.00008442877376561216)
(0.020933217155931185,0.00006055321269513712)
(0.020909236525200853,0.00003673038115788384)
(0.020884450193401034,0.000012961108586199286)
(0.020858861024938582,-0.00001075377957402269)
(0.02083247190850838,-0.000034413461884956515)
(0.020805285756925283,-0.00005801712093820183)
(0.02077730550696474,-0.0000815639433761447)
(0.020748534119207043,-0.00010505311991293921)
(0.020718974577858852,-0.00012848384535540998)
(0.02068862989060545,-0.000151855318623796)
(0.020657503088438924,-0.00017516674277212238)
(0.020625597225490573,-0.00019841732500855487)
(0.020592915378882286,-0.00022160627671562866)
(0.020559460648535293,-0.00024473281346991936)
(0.02052523615702669,-0.0002677961550619895)
(0.02049024504941282,-0.0002907955255158191)
(0.02045449049306657,-0.00031373015310816717)
(0.020417975677506046,-0.0003365992703877639)
(0.020380703814230242,-0.00035940211419414333)
(0.020342678136550288,-0.0003821379256765478)
(0.02030390189941823,-0.0004048059503123429)
(0.020264378379268817,-0.0004274054379256745)
(0.02022411087383309,-0.00044993564270528195)
(0.020183102701977942,-0.00047239582322259395)
(0.02014135720354417,-0.000494785242449804)
(0.020098877739159342,-0.0005171031677770921)
(0.02005566769008198,-0.0005393488710302402)
(0.020011730458017796,-0.0005615216284877004)
(0.01996706946495572,-0.0005836207208977126)
(0.019921688152998607,-0.0006056454334951314)
(0.019875589984182738,-0.0006275950560179897)
(0.01982877844030472,-0.0006494688827236915)
(0.01978125702276243,-0.0006712662124058677)
(0.019733029252365766,-0.0006929863484096965)
(0.01968409866916978,-0.0007146285986481648)
(0.019634468832302982,-0.0007361922756175625)
(0.019584143319785433,-0.0007576766964128329)
(0.019533125728367243,-0.0007790811827433198)
(0.01948141967333511,-0.0008004050609468368)
(0.01942902878835298,-0.0008216476620054051)
(0.019375956725284315,-0.0008428083215597079)
(0.019322207154004227,-0.000863886379923071)
(0.019267783762240764,-0.0008848811820964123)
(0.01921269025538399,-0.0009057920777815981)
(0.019156930356317457,-0.0009266184213958873)
(0.01910050780524268,-0.0009473595720853857)
(0.01904342635949158,-0.0009680148937381651)
(0.01898568979336184,-0.000988583754998228)
(0.018927301897934908,-0.0010090655292780248)
(0.01886826648088882,-0.001029459594771134)
(0.01880858736633754,-0.0010497653344657902)
(0.018748268394639004,-0.001069982136156483)
(0.018687313422221186,-0.001090109392456709)
(0.018625726321403985,-0.0011101465008107319)
(0.018563510980222696,-0.001130092863505908)
(0.018500671302239546,-0.001149947887683754)
(0.01843721120637978,-0.0011697109853521259)
(0.018373134626734764,-0.0011893815733956508)
(0.01830844551239557,-0.001208959073587512)
(0.01824314782727019,-0.0012284429126002581)
(0.01817724554989858,-0.001247832522015886)
(0.01811074267327931,-0.0012671273383370717)
(0.0180436432046849,-0.0012863268029970653)
(0.017975951165483218,-0.0013054303623697197)
(0.017907670590953502,-0.0013244374677793902)
(0.017838805530116512,-0.0013433475755111907)
(0.017769360045539376,-0.0013621601468195282)
(0.01769933821316347,-0.0013808746479379442)
(0.01762874412212342,-0.001399490550088308)
(0.017557581874563927,-0.0014180073294896706)
(0.01748585558545574,-0.0014364244673662385)
(0.017413569382421966,-0.0014547414499570736)
(0.017340727405549382,-0.0014729577685234263)
(0.017267333807210457,-0.0014910729193571412)
(0.017193392751886746,-0.001509086403789115)
(0.017118908415973827,-0.0015269977281956667)
(0.017043884987617754,-0.0015448064040078553)
(0.0169683266665133,-0.001562511947716677)
(0.016892237663743818,-0.001580113880882356)
(0.016815622201576667,-0.0015976117301391196)
(0.016738484513307984,-0.0016150050272042357)
(0.01666082884305301,-0.0016322933088821683)
(0.016582659445586987,-0.0016494761170727822)
(0.016503980586147105,-0.0016665529987760382)
(0.016424796540265296,-0.0016835235060993442)
(0.016345111593576003,-0.0017003871962622899)
(0.016264930041633183,-0.0017171436316018012)
(0.016184256189740343,-0.0017337923795791817)
(0.016103094352754525,-0.0017503330127830812)
(0.01602144885491777,-0.001766765108936614)
(0.015939324029663783,-0.0017830882509002016)
(0.01585672421944542,-0.0017993020266775538)
(0.015773653775546067,-0.0018154060294188667)
(0.015690117057906957,-0.0018313998574264296)
(0.015606118434934304,-0.0018472831141569776)
(0.015521662283327608,-0.0018630554082267328)
(0.015436752987891343,-0.0018787163534139803)
(0.01535139494136215,-0.0018942655686638075)
(0.015265592544215233,-0.0019097026780893348)
(0.015179350204499668,-0.0019250273109773103)
(0.015092672337639588,-0.0019402391017880672)
(0.015005563366268043,-0.0019553376901605348)
(0.014918027720035441,-0.0019703227209128585)
(0.014830069835440914,-0.0019851938440465836)
(0.01474169415563729,-0.0019999507147464516)
(0.014652905130260945,-0.0020145929933838604)
(0.014563707215247744,-0.0020291203455179005)
(0.014474104872657543,-0.0020435324418973944)
(0.014384102570485842,-0.002057828958461143)
(0.014293704782492058,-0.0020720095763400543)
(0.014202915988013794,-0.002086073981857184)
(0.014111740671790034,-0.00210002186652905)
(0.014020183323783384,-0.002113852927065886)
(0.01392824843899955,-0.002127566865372418)
(0.013835940517304916,-0.002141163388546875)
(0.013743264063255222,-0.0021546422088823897)
(0.013650223585907801,-0.0021680030438653796)
(0.013556823598654328,-0.002181245616176881)
(0.013463068619029942,-0.0021943696536895823)
(0.013368963168543961,-0.0022073748894689987)
(0.013274511772500587,-0.002220261061771565)
(0.013179718959817783,-0.002233027914043517)
(0.013084589262858626,-0.0022456751949205458)
(0.012989127217239634,-0.002258202658224033)
(0.012893337361670759,-0.0022706100629619227)
(0.012797224237765317,-0.0022828971733249758)
(0.012700792389871832,-0.0022950637586855315)
(0.012604046364890749,-0.0023071095935943593)
(0.012506990712109515,-0.0023190344577800268)
(0.012409629983011336,-0.002330838136143323)
(0.012311968731120008,-0.0023425204187583304)
(0.012214011511803478,-0.0023540811008650594)
(0.012115762882113024,-0.002365519982869415)
(0.012017227400607507,-0.0023768368703391404)
(0.011918409627173587,-0.002388031573999267)
(0.011819314122856929,-0.002399103909729554)
(0.011719945449685491,-0.0024100536985596542)
(0.011620308170499716,-0.0024208807666660378)
(0.01152040684877451,-0.0024315849453663213)
(0.011420246048452275,-0.002442166071116326)
(0.011319830333768776,-0.002452623985504872)
(0.011219164269075078,-0.002462958535247617)
(0.0111182524186772,-0.002473169572184564)
(0.011017099346656171,-0.0024832569532730418)
(0.010915709616701075,-0.0024932205405832565)
(0.010814087791940074,-0.0025030602012930097)
(0.010712238434760234,-0.002512775807680032)
(0.01061016610664996,-0.0025223672371182944)
(0.010507875368025898,-0.002531834372072142)
(0.010405370778060993,-0.002541177100088132)
(0.01030265689451431,-0.002550395313789638)
(0.010199738273571042,-0.0025594889108713076)
(0.010096619469667844,-0.0025684577940910344)
(0.009993305035325329,-0.0025773018712633164)
(0.009889799520983253,-0.002586021055252245)
(0.00978610747483393,-0.002594615263964788)
(0.009682233442653832,-0.002603084420342334)
(0.009578181967640303,-0.002611428452354462)
(0.009473957590245394,-0.0026196472929905235)
(0.009369564848006082,-0.0026277408802502958)
(0.009265008275388733,-0.0026357091571390157)
(0.009160292403621465,-0.002643552071657572)
(0.009055421760520545,-0.0026512695767916396)
(0.008950400870345142,-0.002658861630508329)
(0.008845234253619539,-0.002666328195742495)
(0.008739926426978828,-0.002673669240390943)
(0.008634481903003408,-0.002680884737302002)
(0.008528905190058804,-0.002687974664266607)
(0.008423200792136347,-0.002694939004009334)
(0.0083173732086875,-0.002701777744177585)
(0.008211426934469957,-0.002708490877333216)
(0.008105366459387545,-0.0027150784009432635)
(0.007999196268325608,-0.00272154031736725)
(0.007892920840996638,-0.002727876633848979)
(0.007786544651782101,-0.002734087362505713)
(0.00768007216957799,-0.0027401725203192945)
(0.007573507857629646,-0.0027461321291218045)
(0.007466856173382229,-0.0027519662155878577)
(0.007360121568324165,-0.0027576748112233705)
(0.0072533084878275604,-0.0027632579523521644)
(0.007146421370997936,-0.0027687156801079814)
(0.00703946465051815,-0.0027740480404203306)
(0.0069324427524906085,-0.0027792550840032132)
(0.006825360096292467,-0.002784336866345542)
(0.006718221094417125,-0.0027892934476978866)
(0.0066110301523190805,-0.0027941248930580483)
(0.006503791668271403,-0.0027988312721638512)
(0.006396510033208482,-0.00280341265947724)
(0.006289189630572948,-0.0028078691341714107)
(0.006181834836171961,-0.002812200780120358)
(0.006074450018027562,-0.0028164076858867)
(0.005967039536221206,-0.002820489944704471)
(0.005859607742751355,-0.002824447654469856)
(0.005752158981386339,-0.0028282809177281247)
(0.005644697587511977,-0.002831989841656941)
(0.005537227887992119,-0.0028355745380569918)
(0.0054297542010141005,-0.0028390351233335965)
(0.005322280835956217,-0.0028423717184894847)
(0.005214812093227841,-0.002845584449103432)
(0.005107352264136975,-0.002848673445321655)
(0.004999905630742532,-0.002851638841841111)
(0.004892476465711741,-0.0028544807778960513)
(0.004785069032176278,-0.0028571993972427005)
(0.004677687583595089,-0.002859794848145368)
(0.004570336363610212,-0.002862267283362102)
(0.0044630196059051545,-0.002864616860127528)
(0.004355741534070486,-0.0028668437401415912)
(0.0042485063614589695,-0.0028689480895503993)
(0.004141318291051882,-0.0028709300789342782)
(0.004034181515316685,-0.0028727898832889838)
(0.003927100216075829,-0.002874527682013843)
(0.0038200785643630864,-0.002876143658892264)
(0.0037131207202949707,-0.0028776380020794634)
(0.0036062308329314003,-0.002879010904084328)
(0.0034994130401417357,-0.0028802625617538632)
(0.0033926714684719425,-0.002881393176256282)
(0.0032860102330119134,-0.0028824029530666304)
(0.003179433437260148,-0.00288329210194816)
(0.0030729451729962147,-0.0028840608369364164)
(0.0029665495201472887,-0.0028847093763235696)
(0.002860250546657635,-0.0028852379426404025)
(0.002754052308359017,-0.0028856467626389407)
(0.002647958848844609,-0.0028859360672779666)
(0.002541974199334659,-0.002886106091701141)
(0.0024361023785556936,-0.0028861570752253436)
(0.0023303473926090243,-0.0028860892613185693)
(0.002224713234846477,-0.0028859028975843754)
(0.0021192038857446895,-0.002885598235744757)
(0.0020138233127797085,-0.0028851755316201765)
(0.0019085754703039417,-0.002884635045114487)
(0.0018034642994229119,-0.002883977040195108)
(0.001698493727871721,-0.0028832017848745366)
(0.001593667669893151,-0.002882309551192977)
(0.0014889900261178522,-0.002881300615200026)
(0.001384464683443663,-0.002880175256936539)
(0.0012800955149142687,-0.0028789337604136532)
(0.0011758863796021166,-0.002877576413596764)
(0.0010718411224896252,-0.0028761035083868063)
(0.0009679635743519312,-0.002874515340598455)
(0.0008642575516402238,-0.0028728122099439613)
(0.0007607268563643291,-0.002870994420012999)
(0.0006573752759812205,-0.0028690622782533864)
(0.0005542065832757929,-0.0028670160959509135)
(0.00045122453625104066,-0.0028648561882119446)
(0.00034843287801357615,-0.002862582873941656)
(0.0002458353366611259,-0.0028601964758255163)
(0.00014343562517278536,-0.002857697320310323)
(0.00004123744129528498,-0.002855085737582142)
(-0.000060755532562604805,-0.002852362061547687)
(-0.00016253962944263217,-0.002849526629815768)
(-0.0002641111979436503,-0.002846579783673234)
(-0.00036546660233037243,-0.0028435218680683424)
(-0.00046660222263767093,-0.002840353231587996)
(-0.0005675144547797917,-0.002837074226440449)
(-0.0006681997106526671,-0.0028336852084303744)
(-0.0007686544182397601,-0.002830186536941772)
(-0.0008688750217164264,-0.002826578574915)
(-0.0009688579815503703,-0.0028228616888292053)
(-0.001068599774605214,-0.0028190362486764315)
(-0.001168096894241325,-0.002815102627944544)
(-0.001267345850417276,-0.002811061203595444)
(-0.0013663431697866762,-0.0028069123560422035)
(-0.0014650853957999025,-0.0028026564691299243)
(-0.0015635690888009454,-0.0027982939301130056)
(-0.00166179082612412,-0.0027938251296347636)
(-0.0017597472021915466,-0.0027892504617047197)
(-0.001857434828606767,-0.0027845703236776004)
(-0.001954850334252123,-0.0027797851162314146)
(-0.002051990365380175,-0.0027748952433469)
(-0.0021488515857089963,-0.00276990111228342)
(-0.002245430676512697,-0.0027648031335590776)
(-0.0023417243367133754,-0.00275960172092783)
(-0.002437729282973358,-0.0027542972913576114)
(-0.002533442249782705,-0.0027488902650079734)
(-0.002628859989547913,-0.0027433810652068877)
(-0.0027239792726838612,-0.002737770118431291)
(-0.0028187968876976226,-0.00273205785428221)
(-0.0029133096412743147,-0.002726244705462374)
