(-1.0943122336466238,3.455652455378239e-14)
(-1.094169523370709,0.008636836319757797)
(-1.0937416806317748,0.017261412525071542)
(-1.0930295682700353,0.02586151242542534)
(-1.0920346196114068,0.03442500737188157)
(-1.0907588314008612,0.04293989926621114)
(-1.0892047539984893,0.051394362665820675)
(-1.0873754789261083,0.05977678569941014)
(-1.0852746238751787,0.06807580952185757)
(-1.0829063153081941,0.07628036605337868)
(-1.080275168805234,0.08437971376723259)
(-1.0773862673248609,0.09236347131182161)
(-1.0742451375637037,0.10022164877660324)
(-1.0708577246118545,0.10794467643641983)
(-1.0672303651113726,0.1155234308352574)
(-1.0633697591328064,0.12294925809766158)
(-1.0592829409895752,0.13021399438366657)
(-1.054977249212418,0.13730998343072753)
(-1.0504602959059175,0.1442300911534173)
(-1.0457399357064843,0.15096771729818537)
(-1.040824234556297,0.1575168041759631)
(-1.035721438500651,0.16387184251953088)
(-1.0304399427072526,0.1700278745350855)
(-1.0249882608953593,0.17598049423814327)
(-1.0193749953505684,0.18172584518260915)
(-1.0136088076877539,0.18726061570840408)
(-1.0076983905103596,0.19258203184737904)
(-1.001652440099232,0.1976878480393102)
(-0.9954796302486936,0.20257633581954834)
(-0.9891885873517681,0.20724627064742338)
(-0.982787866820688,0.21169691704982854)
(-0.9762859309131464,0.21592801225762662)
(-0.9696911280194757,0.21993974851374076)
(-0.9630116734511167,0.22373275423114816)
(-0.9562556317566056,0.22730807417664073)
(-0.9494309005779159,0.23066714885231182)
(-0.9425451960474848,0.23381179324144508)
(-0.9356060397146678,0.2367441750789994)
(-0.9286207469798059,0.23946679279937258)
(-0.921596417004548,0.24198245330577242)
(-0.914539924058588,0.24429424969648586)
(-0.9074579102555713,0.246405539073787)
(-0.9003567796245334,0.24831992055131677)
(-0.893242693457896,0.25004121356563724)
(-0.8861215668726742,0.2515734365874599)
(-0.8789990665181167,0.2529207863178673)
(-0.8718806093604703,0.254087617444826)
(-0.8647713624738255,0.2550784230254902)
(-0.8576762437650662,0.2558978155503239)
(-0.8505999235606779,0.2565505087359816)
(-0.8435468269835362,0.25704130008523535)
(-0.8365211379546623,0.2573750544358026)
(-0.829526799312011,0.2575566875052223)
(-0.822567522559579,0.2575911516522906)
(-0.8156467891214653,0.25748342135916125)
(-0.8087678565276328,0.25723847999739097)
(-0.8019337641043293,0.25686130737443275)
(-0.7951473390005521,0.2563568681167749)
(-0.7884112024964296,0.25573010087786513)
(-0.7817277765425865,0.25498590835521406)
(-0.7750992904828168,0.25412914809765974)
(-0.7685277879156674,0.2531646240809663)
(-0.7620151336537949,0.2520970790275039)
(-0.7555630207432061,0.25093118744376053)
(-0.7491729775076428,0.2496715493478393)
(-0.742846374586466,0.24832268465783877)
(-0.7365844319373804,0.24688902821110184)
(-0.7303882257782092,0.24537492538369907)
(-0.7242586954446742,0.2437846282791614)
(-0.7181966501437584,0.24212229245537198)
(-0.7122027755846899,0.24039197415863828)
(-0.7062776404719258,0.2385976280342592)
(-0.7004217028467005,0.2367431052833717)
(-0.6946353162657328,0.23483215223646198)
(-0.6889187358075949,0.23286840931466185)
(-0.68327212389899,0.2308554103507732)
(-0.6776955559548016,0.22879658224288232)
(-0.6721890258272583,0.22669524491440454)
(-0.6667524510609046,0.22455461155543102)
(-0.6613856779512955,0.222377789121324)
(-0.6560884864064356,0.22016777906559917)
(-0.6508605946109766,0.21792747828525202)
(-0.6457016634940788,0.2156596802577967)
(-0.6406113010044062,0.213367076350956)
(-0.6355890661840164,0.21105225728345176)
(-0.6306344730704123,0.20871771472651635)
(-0.6257469943956112,0.20636584302110106)
(-0.620926065111878,0.20399894100148108)
(-0.6161710857383059,0.20161921390874418)
(-0.611481425534579,0.19922877538118497)
(-0.6068564255068214,0.1968296495092295)
(-0.6022954012506572,0.19442377294342328)
(-0.5977976456367547,0.1920129970448813)
(-0.5933624313442505,0.18959909006842893)
(-0.58898901324751,0.18718373936945126)
(-0.5846766306617435,0.18476855362621786)
(-0.5804245094529861,0.18235506507015936)
(-0.5762318640179441,0.1799447317172455)
(-0.5720978991391669,0.17753893959424133)
(-0.5680218117209341,0.17513900495421972)
(-0.5640027924111825,0.1727461764762607)
(-0.5600400271146797,0.17036163744479896)
(-0.5561326984025575,0.16798650790454622)
(-0.5522799868231968,0.16562184678742092)
(-0.5484810721193163,0.16326865400828208)
(-0.5447351343559834,0.1609278725266878)
(-0.5410413549641266,0.15860039037227378)
(-0.5373989177039828,0.15628704263166446)
(-0.533807009552745,0.1539886133951482)
(-0.5302648215205518,0.151705837661638)
(-0.5267715493987744,0.1494394032006982)
(-0.5233263944444277,0.1471899523706613)
(-0.5199285640043675,0.14495808389208079)
(-0.5165772720827819,0.14274435457596507)
(-0.513271739855342,0.14054928100642358)
(-0.5100111961332237,0.13837334117751987)
(-0.5067948777800702,0.13621697608428054)
(-0.5036220300848203,0.1340805912679391)
(-0.5004919070931939,0.13196455831562295)
(-0.4974037719004844,0.1298692163147937)
(-0.49435689690818624,0.12779487326285224)
(-0.4913505640468501,0.125741807432406)
(-0.4883840649674422,0.12371026869276947)
(-0.4854567012033639,0.12170047978833867)
(-0.48256778430517194,0.11971263757453492)
(-0.4797166359499334,0.11774691421206664)
(-0.4769025880270459,0.11580345832029758)
(-0.47412498270224185,0.11388239609054773)
(-0.47138317246141526,0.11198383236018201)
(-0.46867652013580324,0.1101078516483674)
(-0.46600439890997386,0.10825451915439688)
(-0.4633661923139814,0.10642388171949445)
(-0.46076129420097905,0.10461596875302533)
(-0.45818910871148655,0.10283079312404272)
(-0.4556490502254587,0.10106835201910526)
(-0.45314054330320647,0.0993286277672996)
(-0.45066302261617813,0.09761158863340043)
(-0.44821593286853034,0.09591718958009525)
(-0.4457987287103648,0.09424537300019285)
(-0.44341087464345086,0.09259606941972662)
(-0.4410518449201995,0.09096919817285266)
(-0.43872112343659797,0.08936466804942923)
(-0.4364182036197792,0.08778237791615066)
(-0.43414258831084335,0.08622221731209632)
(-0.43189378964350594,0.08468406701953443)
(-0.429671328919122,0.08316779961081033)
(-0.4274747364785783,0.08167327997212509)
(-0.42530355157151845,0.0802003658049987)
(-0.42315732222333974,0.07874890810619008)
(-0.42103560510035565,0.07731875162682887)
(-0.4189379653734941,0.07590973531149642)
(-0.4168639765808764,0.07452169271797292)
(-0.414813220489589,0.07315445241835151)
(-0.41278528695694006,0.07180783838219719)
(-0.41077977379146574,0.07048167034241429)
(-0.4087962866140415,0.06917576414448053)
(-0.4068344387186645,0.06788993207958167)
(-0.4048938509347416,0.0666239832024462)
(-0.4029741514889139,0.06537772363424561)
(-0.4010749758681864,0.06415095685126586)
(-0.3991959666838851,0.06294348395985573)
(-0.39733677353668273,0.061755103958188645)
(-0.3954970528828202,0.060585613985353795)
(-0.39367646790164024,0.059434809558273884)
(-0.3918746883645293,0.05830248479693007)
(-0.3900913905053659,0.0571884326383608)
(-0.38832625689255496,0.056092445039882935)
(-0.3865789763027176,0.055014313171970586)
(-0.38484924359610684,0.05395382760121124)
(-0.38313675959379656,0.0529107784637457)
(-0.38144123095669674,0.05188495562958248)
(-0.37976237006643154,0.050876148858165236)
(-0.3780998949081118,0.04988414794555736)
(-0.376453528955029,0.04890874286359623)
(-0.37482300105528876,0.047949723891353095)
(-0.3732080453203988,0.047006881739226306)
(-0.37160840101581755,0.04608000766597969)
(-0.37002381245347166,0.04516889358902716)
(-0.3684540288862406,0.0442733321882533)
(-0.36689880440440625,0.04339311700364637)
(-0.36535789783406514,0.04252804252701313)
(-0.3638310726374958,0.041677904288030705)
(-0.36231809681547217,0.04084249893488333)
(-0.36081874281151305,0.04002162430972147)
(-0.3593327874180566,0.03921507951917482)
(-0.35786001168454307,0.03842266500013617)
(-0.3564002008273979,0.037644182581034226)
(-0.3549531441418842,0.03687943553879596)
(-0.3535186349158169,0.036128228651699276)
(-0.35209647034510766,0.03539036824830464)
(-0.35068645145111943,0.034665662252648895)
(-0.349288382999802,0.03395392022587595)
(-0.3479020734225796,0.03325495340447282)
(-0.3465273347389611,0.032568574735270986)
(-0.3451639824808404,0.03189459890736652)
(-0.3438118356184593,0.03123284238110537)
(-0.3424707164879938,0.030583123414273935)
(-0.34114045072074506,0.029945262085627092)
(-0.3398208671738954,0.029319080315883803)
(-0.3385117978628076,0.02870440188631012)
(-0.33721307789483723,0.028101052455008872)
(-0.3359245454046353,0.027508859571028218)
(-0.3346460414991512,0.02692765268507657)
(-0.33337741016308003,0.026357263166453156)
(-0.33211849824633904,0.025797524298637083)
(-0.3308691553747362,0.02524827129548374)
(-0.3296292338994523,0.024709341303329004)
(-0.3283985888407299,0.024180573404198907)
(-0.3271770778328444,0.023661808617522765)
(-0.3259645610703562,0.023152889900430688)
(-0.32476090125556856,0.02265366214671482)
(-0.32356596354722245,0.02216397218452692)
(-0.32237961551034655,0.021683668772881297)
(-0.3212017270672902,0.02121260259703938)
(-0.320032170449857,0.020750626262830106)
(-0.31887082015255486,0.02029759428997617)
(-0.31771755288691744,0.0198533631044824)
(-0.31657224753687857,0.019417791030143895)
(-0.31543478511517314,0.018990738279228262)
(-0.3143050487207405,0.01857206694238356)
(-0.3131829234971068,0.01816164097782173)
(-0.31206829659172136,0.017759326199821453)
(-0.3109610571162298,0.017364990266617353)
(-0.309861096107648,0.016978502667664215)
(-0.30876830649043774,0.016599734710388968)
(-0.30768258303943874,0.016228559506417772)
(-0.30660382234365013,0.01586485195733487)
(-0.3055319227708364,0.01550848874000709)
(-0.30446678443293995,0.015159348291507148)
(-0.30340830915227596,0.014817310793668527)
(-0.302356400428495,0.014482258157303023)
(-0.3013109634062936,0.014154074006110242)
(-0.3002719048438512,0.013832643660306456)
(-0.2992391330819785,0.013517854120001657)
(-0.29821255801396157,0.013209594048347277)
(-0.29719209105607625,0.012907753754480887)
(-0.2961776451187691,0.012612225176290326)
(-0.2951691345784734,0.012322901863018374)
(-0.2941664752500584,0.012039678957729913)
(-0.29316958435988605,0.011762453179659935)
(-0.292178380519466,0.011491122806462554)
(-0.29119278369969015,0.011225587656377265)
(-0.2902127152056348,0.010965749070330247)
(-0.28923809765191655,0.010711509893986408)
(-0.2882688549385863,0.010462774459767149)
(-0.2873049122275474,0.010219448568848023)
(-0.2863461959194907,0.009981439473150198)
(-0.2853926336313235,0.009748655857337947)
(-0.2844441541740915,0.009521007820834688)
(-0.28350068753137414,0.009298406859868835)
(-0.2825621648381417,0.00908076584955984)
(-0.2816285183600667,0.008867999026055276)
(-0.2806996814732771,0.008660021968727453)
(-0.27977558864453583,0.008456751582439748)
(-0.27885617541184526,0.008258106079889875)
(-0.27794137836545446,0.008064004964038715)
(-0.2770311351292723,0.007874369010632171)
(-0.2761253843426646,0.007689120250822168)
(-0.275224065642634,0.007508181953894358)
(-0.27432711964636813,0.007331478610107687)
(-0.2734344879341531,0.007158935913651804)
(-0.2725461130326338,0.006990480745727922)
(-0.2716619383984273,0.006826041157756942)
(-0.27078190840206023,0.006665546354720688)
(-0.26990596831224734,0.006508926678639455)
(-0.26903406428047705,0.006356113592189976)
(-0.2681661433259204,0.006207039662467491)
(-0.26730215332063684,0.006061638544895219)
(-0.26644204297508306,0.005919844967283824)
(-0.2655857618239079,0.005781594714044058)
(-0.2647332602120353,0.005646824610554441)
(-0.26388448928101865,0.005515472507687272)
(-0.26303940095567324,0.005387477266493492)
(-0.2621979479309641,0.00526277874304924)
(-0.2613600836591577,0.005141317773465657)
(-0.2605257623372223,0.0050230361590623655)
(-0.2596949388944769,0.00490787665170693)
(-0.2588675689804771,0.004795782939320611)
(-0.25804360895313677,0.0046866996315509946)
(-0.2572230158670787,0.004580572245613504)
(-0.25640574746221045,0.004477347192300056)
(-0.2555917621525148,0.00437697176215749)
(-0.25478101901505734,0.0042793941118342725)
(-0.2539734777792011,0.004184563250596784)
(-0.25316909881602495,0.004092429027013782)
(-0.25236784312794214,0.004002942115810451)
(-0.25156967233851263,0.0039160540048904634)
(-0.2507745486824456,0.003831716982526182)
(-0.24998243499578923,0.0037498841247169813)
(-0.2491932947063039,0.0036705092827138946)
(-0.24840709182400877,0.0035935470707111664)
(-0.24762379093190867,0.003518952853703924)
(-0.24684335717688705,0.003446682735509985)
(-0.24606575626076757,0.0033766935469565496)
(-0.24529095443153892,0.0033089428342296208)
(-0.24451891847474094,0.0032433888473860817)
(-0.243749615705003,0.0031799905290269786)
(-0.2429830139577385,0.003118707503130741)
(-0.24221908158098823,0.0030595000640460898)
(-0.24145778742741014,0.003002329165642266)
(-0.24069910084641127,0.00294715641061647)
(-0.23994299167642089,0.002893944039956609)
(-0.23918943023733846,0.002842654922570493)
(-0.2384383873229122,0.0027932525450102986)
(-0.2376898341936674,0.002745701001456346)
(-0.23694374256953415,0.0026999649837500857)
(-0.2362000846228194,0.00265600977162259)
(-0.23545883297125506,0.002613801223061292)
(-0.23471996067116682,0.002573305764822037)
(-0.23398344121076267,0.0025344903830850627)
(-0.23324924850353038,0.0024973226142534256)
(-0.23251735688175487,0.002461770535891963)
(-0.23178774109014133,0.002427802757805228)
(-0.23106037627954862,0.002395388413253068)
(-0.2303352380008274,0.0023644971503018327)
(-0.22961230219876547,0.002335099123310211)
(-0.22889154520613314,0.0023071649845472003)
(-0.22817294373783156,0.0022806658759418116)
(-0.2274564748851376,0.002255573420961827)
(-0.22674211611004916,0.002231859716620594)
(-0.22602984523972222,0.0022094973256112805)
(-0.22531964046100542,0.002188459268564953)
(-0.22461148031506373,0.0021687190164329136)
(-0.2239053436920925,0.002150250482991337)
(-0.22320120982612046,0.0021330280174657107)
(-0.2224990582898987,0.0021170263972755173)
(-0.221798868989871,0.0021022208208958063)
(-0.22110062216123214,0.0020885869008348407)
(-0.22040429836305905,0.0020761006567271735)
(-0.21970987847352594,0.002064738508538387)
(-0.21901734368519282,0.0020544772698825446)
(-0.2183266755003682,0.0020452941414483574)
(-0.2176378557265463,0.002037166704534058)
(-0.21695086647191344,0.0020300729146883133)
(-0.2162656901409258,0.0020239910954556743)
(-0.21558230942995216,0.002018899932225461)
(-0.21490070732298902,0.0020147784661815626)
(-0.21422086708743704,0.002011606088351502)
(-0.21354277226994628,0.0020093625337543304)
(-0.2128664066923233,0.002008027875643775)
(-0.21219175444750704,0.0020075825198470738)
(-0.21151879989560274,0.002008007199196846)
(-0.21084752765998482,0.0020092829680549425)
(-0.2101779226234592,0.0020113911969267427)
(-0.20950996992449075,0.0020143135671657248)
(-0.20884365495348914,0.0020180320657658367)
(-0.2081789633491607,0.002022528980241031)
(-0.2075158809949171,0.002027786893591623)
(-0.2068543940153432,0.0020337886793559434)
(-0.20619448877272417,0.002040517496745805)
(-0.20553615186362784,0.002047956785866028)
(-0.2048793701155406,0.0020560902630151587)
(-0.20422413058355618,0.0020649019160720694)
(-0.20357042054711283,0.0020743759999536284)
(-0.2029182275067795,0.0020844970321603038)
(-0.2022675391810882,0.0020952497883951053)
(-0.2016183435034052,0.0021066192982593965)
(-0.20097062861884962,0.002118590841022588)
(-0.20032438288124768,0.0021311499414662584)
(-0.19967959485012726,0.0021442823657975693)
(-0.19903625328774757,0.0021579741176337244)
(-0.1983943471561715,0.0021722114340523725)
(-0.19775386561437058,0.0021869807817097593)
(-0.19711479801537166,0.002202268853021264)
(-0.1964771339034408,0.002218062562405983)
(-0.195840863011311,0.0022343490425916555)
(-0.19520597525744898,0.0022511156409805323)
(-0.19457246074337137,0.002268349916073781)
(-0.19394030975099963,0.0022860396339546164)
(-0.19330951274007163,0.0023041727648297305)
(-0.1926800603455937,0.0023227374796276953)
(-0.1920519433753465,0.0023417221466561127)
(-0.1914251528074374,0.0023611153283152626)
(-0.1907996797879017,0.00238090577787055)
(-0.1901755156283475,0.002401082436282774)
(-0.1895526518036473,0.0024216344290959664)
(-0.18893107994966268,0.0024425510633837625)
(-0.18831079186101224,0.0024638218247536306)
(-0.1876917794888607,0.002485436374407449)
(-0.18707403493874314,0.0025073845462595472)
(-0.18645755046840332,0.002529656344108214)
(-0.18584231848565094,0.002552241938862206)
(-0.18522833154623164,0.0025751316658170625)
(-0.18461558235170852,0.0025983160219814564)
(-0.18400406374734848,0.0026217856634497176)
(-0.18339376872002164,0.0026455314028179674)
(-0.18278469039610531,0.0026695442066420098)
(-0.18217682203940685,0.002693815192933314)
(-0.1815701570490971,0.0027183356286916193)
(-0.18096468895766893,0.0027430969274718706)
(-0.18036041142892703,0.0027680906469840392)
(-0.17975731825600813,0.00279330848672559)
(-0.17915540335944716,0.0028187422856450844)
(-0.1785546607852925,0.0028443840198392164)
(-0.17795508470327331,0.0028702258002822143)
(-0.17735666940502523,0.002896259870591706)
(-0.1767594093023798,0.0029224786048310195)
(-0.17616329892570687,0.0029488745053511175)
(-0.17556833292231894,0.002975440200675543)
(-0.17497450605492643,0.0030021684434287715)
(-0.17438181320013194,0.0030290521083117857)
(-0.17379024934705067,0.003056084190191153)
(-0.17319980959547066,0.003083257801916601)
(-0.17261048898650247,0.003110566158960831)
(-0.17202228319038834,0.0031380026183271572)
(-0.1714351874590635,0.003165560637843252)
(-0.17084919732102433,0.0031932337858272043)
(-0.17026430840759876,0.003221015739756304)
(-0.16968051645145316,0.0032489002845197)
(-0.16909781728512355,0.003276881310699804)
(-0.16851620683956053,0.0033049528128839822)
(-0.1679356811426995,0.0033331088880050484)
(-0.1673562363180444,0.0033613437337101405)
(-0.16677786858327487,0.003389651646757521)
(-0.16620057424886764,0.0034180270214412972)
(-0.16562434971674167,0.0034464643480427103)
(-0.16504919147891364,0.0034749582113079167)
(-0.16447509611617633,0.00350350328895285)
(-0.16390206029680027,0.00353209435019069)
(-0.16333008077523417,0.0035607262542896156)
(-0.1627591543908388,0.003589393949149926)
(-0.16218927806663377,0.003618092469909172)
(-0.1616204488080602,0.0036468169375687576)
(-0.1610526637017479,0.0036755625576453395)
(-0.16048591991432307,0.0037043246188448254)
(-0.15992021469120984,0.0037330984917587694)
(-0.15935554535545582,0.003761879627583229)
(-0.15879190930657053,0.0037906635568592363)
(-0.15822930401938262,0.0038194458882347517)
(-0.15766772704290713,0.0038482223072475374)
(-0.15710717599922924,0.0038769885751290586)
(-0.15654764858240441,0.0039057405276277856)
(-0.1559891425573676,0.003934474073853763)
(-0.15543165575886136,0.00396318519514138)
(-0.1548751860903744,0.003991869943932417)
(-0.15431973152309436,0.004020524442677226)
(-0.153765290094876,0.004049144882755005)
(-0.15321185990921865,0.004077727523411814)
(-0.15265943913425853,0.004106268690717113)
(-0.15210802600177437,0.004134764776537098)
(-0.15155761880620583,0.004163212237525922)
(-0.15100821590368033,0.004191607594133417)
(-0.15045981571105846,0.004219947429630388)
(-0.14991241670498442,0.004248228389148309)
(-0.1493660174209547,0.00427644717873775)
(-0.14882061645239256,0.0043046005644400785)
(-0.14827621244974057,0.0043326853713766735)
(-0.1477328041195559,0.004360698482851669)
(-0.1471903902236251,0.004388636839471178)
(-0.1466489695780845,0.004416497438275903)
(-0.14610854105255391,0.0044442773318891194)
(-0.1455691035692796,0.004471973627678425)
(-0.14503065610228869,0.004499583486931428)
(-0.14449319767655489,0.00452710412404503)
(-0.1439567273671712,0.004554532805728543)
(-0.1434212442985356,0.004581866850219462)
(-0.1428867476435452,0.004609103626512616)
(-0.14235323662280344,0.004636240553601867)
(-0.14182071050383066,0.004663275099734748)
(-0.14128916860028723,0.004690204781677224)
(-0.1407586102712118,0.004717027163994983)
(-0.14022903492026062,0.004743739858342022)
(-0.1397004419949569,0.004770340522763194)
(-0.13917283098595487,0.004796826861008067)
(-0.1386462014263069,0.004823196621854995)
(-0.13812055289074276,0.0048494475984477035)
(-0.13759588499495623,0.0048755776276412305)
(-0.1370721973949018,0.004901584589359026)
(-0.1365494897860916,0.0049274664059634375)
(-0.13602776190291738,0.004953221041629122)
(-0.13550701351796457,0.004978846501734752)
(-0.13498724444134177,0.005004340832259366)
(-0.13446845452001693,0.0050297021191911566)
(-0.13395064363716136,0.005054928487944014)
(-0.1334338117115024,0.005080018102785222)
(-0.13291795869668116,0.005104969166270439)
(-0.13240308458062144,0.005129779918689638)
(-0.13188918938489883,0.005154448637519912)
(-0.13137627316413814,0.005178973636890865)
(-0.13086433600538044,0.0052033532670526786)
(-0.13035337802749208,0.005227585913858118)
(-0.12984339938056808,0.005251669998249797)
(-0.1293344002453368,0.0052756039757568185)
(-0.12882638083258333,0.0052993863359990685)
(-0.1283193413825671,0.005323015602199119)
(-0.12781328216445714,0.00534649033070247)
(-0.12730820347576702,0.0053698091105050475)
(-0.1268041056417978,0.0053929705627882)
(-0.1263009890150896,0.005415973340460786)
(-0.1257988539748771,0.005438816127709144)
(-0.12529770092655346,0.005461497639553457)
(-0.12479753030113618,0.005484016621411595)
(-0.1242983425547394,0.00550637184867049)
(-0.12380013816807685,0.005528562126258609)
(-0.1233029176459139,0.005550586288237126)
(-0.12280668151658394,0.005572443197385423)
(-0.12231143033147986,0.005594131744798648)
(-0.1218171646645686,0.00561565084949121)
(-0.12132388511186525,0.005636999458004626)
(-0.12083159229100122,0.0056581765440239995)
(-0.12034028684071049,0.005679181107998353)
(-0.11984996942036522,0.005700012176767942)
(-0.11936064070950674,0.005720668803196585)
(-0.11887230140738302,0.005741150065810333)
(-0.11838495223249099,0.005761455068441124)
(-0.11789859392212551,0.005781582939876039)
(-0.11741322723192996,0.005801532833511916)
(-0.11692885293545406,0.005821303927015675)
(-0.116445471823719,0.005840895421989104)
(-0.11596308470478246,0.005860306543638784)
(-0.11548169240331295,0.005879536540452058)
(-0.11500129576016567,0.0058985846838761945)
(-0.11452189563196538,0.005917450268004213)
(-0.11404349289069339,0.0059361326092637005)
(-0.1135660884232778,0.005954631046111818)
(-0.11308968313119222,0.00597294493873377)
(-0.11261427793005171,0.0059910736687465846)
(-0.11213987374922256,0.006009016638906589)
(-0.1116664715314276,0.006026773272821873)
(-0.11119407223236331,0.006044343014668773)
(-0.1107226768203161,0.006061725328912197)
(-0.11025228627578387,0.006078919700030929)
(-0.10978290159110429,0.006095925632246104)
(-0.10931452377008531,0.006112742649254462)
(-0.1088471538276388,0.006129370293964517)
(-0.10838079278941953,0.006145808128238073)
(-0.10791544169146895,0.006162055732633842)
(-0.10745110157986164,0.00617811270615623)
(-0.10698777351035665,0.0061939786660068965)
(-0.1065254585480498,0.006209653247340113)
(-0.1060641577670355,0.0062251361030218446)
(-0.10560387225006712,0.006240426903392599)
(-0.10514460308822277,0.006255525336032629)
(-0.10468635138057585,0.006270431105531563)
(-0.10422911823386874,0.0062851439332612235)
(-0.10377290476218738,0.006299663557151099)
(-0.10331771208664652,0.006313989731467323)
(-0.10286354133506835,0.006328122226595142)
(-0.10241039364167473,0.006342060828824064)
(-0.1019582701467752,0.006355805340136222)
(-0.1015071719964632,0.006369355577997415)
(-0.10105710034231374,0.006382711375151786)
(-0.10060805634108318,0.006395872579418605)
(-0.10016004115441757,0.006408839053492331)
(-0.09971305594855404,0.006421610674745518)
(-0.09926710189403974,0.006434187335034357)
(-0.09882218016543928,0.00644656894050661)
(-0.09837829194105725,0.006458755411412934)
(-0.09793543840265424,0.0064707466819199)
(-0.09749362073517584,0.006482542699926562)
(-0.09705284012647333,0.00649414342688277)
(-0.09661309776704004,0.0065055488376104245)
(-0.09617439484973714,0.006516758920126497)
(-0.09573673256953692,0.006527773675470099)
(-0.09530011212325469,0.006538593117529711)
(-0.09486453470929476,0.006549217272874154)
(-0.09443000152739285,0.006559646180585777)
(-0.0939965137783656,0.006569879892095611)
(-0.0935640726638579,0.00657991847102028)
(-0.09313267938609779,0.0065897619930021635)
(-0.09270233514765273,0.006599410545550905)
(-0.09227304115118527,0.006608864227887093)
(-0.09184479859921708,0.006618123150788298)
(-0.09141760869389184,0.006627187436437177)
(-0.09099147263674208,0.006636057218271086)
(-0.09056639162845681,0.006644732640834443)
(-0.09014236686865516,0.006653213859632027)
(-0.08971939955566036,0.006661501040985295)
(-0.08929749088627525,0.006669594361889836)
(-0.08887664205556227,0.00667749400987471)
(-0.08845685425662687,0.0066852001828641055)
(-0.08803812868040012,0.006692713089040065)
(-0.08762046651542585,0.006700032946707946)
(-0.08720386894764955,0.00670715998416226)
(-0.0867883371602113,0.006714094439555793)
(-0.08637387233323841,0.0067208365607690146)
(-0.08596047564364186,0.0067273866052820945)
(-0.08554814826491655,0.006733744840047713)
(-0.0851368913669403,0.006739911541366601)
(-0.08472670611577811,0.006745886994763347)
(-0.08431759367348664,0.006751671494864845)
(-0.0839095551979246,0.006757265345279539)
(-0.08350259184255956,0.0067626688584786765)
(-0.0830967047562829,0.006767882355678496)
(-0.08269189508322106,0.006772906166724576)
(-0.08228816396255562,0.006777740629976782)
(-0.08188551252833964,0.006782386092196057)
(-0.08148394190931844,0.006786842908433354)
(-0.0810834532287547,0.006791111441918023)
(-0.0806840476042507,0.006795192063949542)
(-0.08028572614757705,0.00679908515378948)
(-0.07988848996450046,0.006802791098554665)
(-0.07949234015461704,0.006806310293112445)
(-0.0790972778111833,0.006809643139976446)
(-0.07870330402095212,0.006812790049203886)
(-0.07831041986400958,0.006815751438294031)
(-0.07791862641361433,0.006818527732087943)
(-0.0775279247360386,0.006821119362669373)
(-0.0771383158904109,0.006823526769266822)
(-0.07674980092855972,0.006825750398156581)
(-0.07636238089486327,0.00682779070256733)
(-0.07597605682609367,0.006829648142585227)
(-0.07559082975127164,0.006831323185060764)
(-0.07520670069151603,0.006832816303515983)
(-0.07482367065989858,0.006834127978053596)
(-0.07444174066129944,0.0068352586952663465)
(-0.07406091169226614,0.006836208948147895)
(-0.073681184740872,0.006836979236004501)
(-0.07330256078657629,0.00683757006436784)
(-0.07292504080008942,0.006837981944908801)
(-0.07254862574323502,0.006838215395352094)
(-0.0721733165688201,0.0068382709393916465)
(-0.07179911422049895,0.006838149106607833)
(-0.07142601963264408,0.0068378504323843665)
(-0.07105403373022051,0.006837375457827179)
(-0.07068315742865415,0.006836724729683371)
(-0.07031339163371152,0.0068358988002619105)
(-0.06994473724137137,0.006834898227353954)
(-0.06957719513770597,0.006833723574155643)
(-0.06921076619875938,0.006832375409190424)
(-0.06884545129042872,0.006830854306232551)
(-0.06848125126834743,0.0068291608442321095)
(-0.06811816697776882,0.006827295607239344)
(-0.06775619925345273,0.006825259184331597)
(-0.06739534891955251,0.006823052169539858)
(-0.06703561678950347,0.006820675161775951)
(-0.06667700366591492,0.006818128764761269)
(-0.06631951034046052,0.006815413586956058)
(-0.06596313759377204,0.006812530241488912)
(-0.06560788619533606,0.006809479346087514)
(-0.0652537569033874,0.006806261523009909)
(-0.06490075046480952,0.006802877398976371)
(-0.0645488676150327,0.006799327605102508)
(-0.06419810907793477,0.006795612776832391)
(-0.06384847556574469,0.0067917335538724135)
(-0.06349996777894289,0.006787690580126339)
(-0.06315258640617043,0.006783484503630693)
(-0.06280633212413275,0.00677911597649076)
(-0.0624612055975075,0.0067745856548170474)
(-0.062117207478855636,0.006769894198662997)
(-0.061774338408529465,0.006765042271962281)
(-0.06143259901458605,0.006760030542468526)
(-0.06109198991270012,0.006754859681693085)
(-0.06075251170607873,0.006749530364845951)
(-0.06041416498537652,0.006744043270774998)
(-0.0600769503286138,0.006738399081908064)
(-0.059740868301094686,0.006732598484193394)
(-0.059405919455325876,0.006726642167042583)
(-0.05907210433094047,0.006720530823272453)
(-0.05873942345461676,0.00671426514904863)
(-0.05840787734000361,0.006707845843829155)
(-0.05807746648764674,0.006701273610308709)
(-0.05774819138491169,0.006694549154363325)
(-0.057420052505914754,0.006687673184995779)
(-0.05709305031144758,0.006680646414281077)
(-0.05676718524891048,0.006673469557313191)
(-0.056442457752242076,0.0066661433321517066)
(-0.05611886824185035,0.006658668459768457)
(-0.05579641712454826,0.006651045663996778)
(-0.05547510479348732,0.006643275671477789)
(-0.055154931628093186,0.006635359211610947)
(-0.054835897994002,0.00662729701650212)
(-0.054518004242999726,0.006619089820913584)
(-0.05420125071296233,0.006610738362213902)
(-0.05388563772779272,0.006602243380328936)
(-0.053571165597366244,0.006593605617692082)
(-0.05325783461747018,0.006584825819196566)
(-0.052945645069750094,0.006575904732146627)
(-0.05263459722165282,0.006566843106210014)
(-0.05232469132637363,0.006557641693370559)
(-0.0520159276228031,0.006548301247881909)
(-0.05170830633547565,0.0065388225262199)
(-0.05140182767451727,0.0065292062870373965)
(-0.05109649183559853,0.006519453291118228)
(-0.05079229899988457,0.006509564301332204)
(-0.05048924933398605,0.006499540082589484)
(-0.05018734298991675,0.006489381401797114)
(-0.049886580105043904,0.006479089027813824)
(-0.049586960802047705,0.006468663731407254)
(-0.04928848518887441,0.006458106285209603)
(-0.048991153358697186,0.006447417463675269)
(-0.04869496538987255,0.0064365980430379525)
(-0.048399921345902,0.0064256488012679955)
(-0.0481060212753914,0.006414570518031282)
(-0.04781326521201324,0.006403363974646689)
(-0.04752165317447006,0.006392029954045231)
(-0.04723118516645779,0.0063805692407292725)
(-0.04694186117662946,0.00636898262073138)
(-0.04665368117856299,0.00635727088157474)
(-0.04636664513072568,0.006345434812232753)
(-0.04608075297644441,0.006333475203089213)
(-0.04579600464387243,0.006321392845899761)
(-0.0455124000459579,0.006309188533751992)
(-0.0452299390804194,0.006296863061027603)
(-0.044948621629709175,0.006284417223363281)
(-0.04466844756099475,0.006271851817613303)
(-0.04438941672612552,0.006259167641811004)
(-0.04411152896160968,0.006246365495132247)
(-0.04383478408858908,0.006233446177857196)
(-0.043559181912814916,0.006220410491334434)
(-0.04328472222462668,0.00620725923794383)
(-0.0430114047989262,0.006193993221060011)
(-0.04273922939516015,0.006180613245016935)
(-0.04246819575729703,0.006167120115071738)
(-0.04219830361381016,0.006153514637369033)
(-0.04192955267765712,0.006139797618906637)
(-0.041661942646262495,0.006125969867499397)
(-0.04139547320150226,0.006112032191745376)
(-0.041130144009686405,0.0060979854009914495)
(-0.04086595472154338,0.006083830305298318)
(-0.04060290497220755,0.006069567715407722)
(-0.0403409943812046,0.006055198442708057)
(-0.04008022255243992,0.006040723299201349)
(-0.03982058907418505,0.006026143097469722)
(-0.039562093519068114,0.006011458650643017)
(-0.0393047354440645,0.005996670772366032)
(-0.03904851439048546,0.005981780276765712)
(-0.03879342988397038,0.0059667879784194985)
(-0.038539481434480584,0.005951694692323128)
(-0.03828666853628964,0.0059365012338591025)
(-0.03803499066798066,0.005921208418764993)
(-0.03778444729243784,0.005905817063102622)
(-0.03753503785684471,0.005890327983226462)
(-0.03728676179267802,0.005874741995753668)
(-0.03703961851570602,0.005859059917532655)
(-0.03679360742598695,0.00584328256561369)
(-0.03654872790786597,0.005827410757217759)
(-0.03630497932997565,0.005811445309707783)
(-0.03606236104523549,0.0057953870405578435)
(-0.03582087239085471,0.00577923676732476)
(-0.035580512688330485,0.00576299530761831)
(-0.035341281243453246,0.005746663479071764)
(-0.035103177346308384,0.005730242099313896)
(-0.034866200271280956,0.005713731985940405)
(-0.03463034927705834,0.005697133956484076)
(-0.03439562360663819,0.00568044882838829)
(-0.034162022487332494,0.005663677418978263)
(-0.03392954513077652,0.0056468205454329274)
(-0.033698190732932586,0.005629879024757977)
(-0.03346795847410203,0.005612853673757862)
(-0.03323884751893128,0.0055957453090085965)
(-0.03301085701642479,0.005578554746831355)
(-0.032783986099949064,0.005561282803264892)
(-0.03255823388725223,0.005543930294039167)
(-0.03233359948046807,0.005526498034548841)
(-0.03211008196613239,0.005508986839827119)
(-0.03188768041519517,0.005491397524519062)
(-0.0316663938830336,0.005473730902856698)
(-0.03144622140946674,0.005455987788632334)
(-0.031227162018771876,0.0054381689951734985)
(-0.031009214719697274,0.005420275335317276)
(-0.030792378505480743,0.005402307621385066)
(-0.03057665235386664,0.0053842666651582)
(-0.03036203522712239,0.005366153277851906)
(-0.030148526072057036,0.005347968270091847)
(-0.029936123820041172,0.005329712451888506)
(-0.029724827387024304,0.0053113866326140275)
(-0.02951463567355761,0.005292991620976657)
(-0.029305547564812972,0.005274528224998113)
(-0.029097561930604664,0.005255997251988325)
(-0.028890677625411396,0.005237399508523347)
(-0.028684893488400347,0.005218735800420288)
(-0.028480208343448575,0.005200006932714964)
(-0.028276620999167078,0.005181213709638408)
(-0.028074130248927173,0.005162356934593781)
(-0.027872734870882102,0.0051434374101335684)
(-0.027672433627997144,0.0051244559379368245)
(-0.027473225268070875,0.005105413318786723)
(-0.02727510852376718,0.005086310352547828)
(-0.027078082112638475,0.00506714783814432)
(-0.026882144737155337,0.005047926573537503)
(-0.026687295084736454,0.005028647355704231)
(-0.026493531827775377,0.00500931098061475)
(-0.02630085362367158,0.0049899182432112926)
(-0.02610925911486038,0.004970469937386481)
(-0.025918746928843817,0.004950966855962162)
(-0.025729315678222557,0.004931409790667843)
(-0.025540963960726946,0.004911799532120234)
(-0.0253536903592506,0.004892136869801737)
(-0.025167493441881825,0.0048724225920401916)
(-0.024982371761940004,0.004852657485988211)
(-0.02479832385800577,0.00483284233760198)
(-0.024615348253959602,0.004812977931622073)
(-0.024433443459014853,0.004793065051552693)
(-0.024252607967753255,0.004773104479641371)
(-0.024072840260163028,0.0047530969968598)
(-0.023894138801673345,0.004733043382883316)
(-0.023716502043193387,0.004712944416071979)
(-0.023539928421149596,0.004692800873450565)
(-0.0233644163575231,0.004672613530689448)
(-0.023189964259890384,0.004652383162085523)
(-0.023016570521460847,0.00463211054054279)
(-0.02284423352111761,0.0046117964375537515)
(-0.022672951623456894,0.004591441623180512)
(-0.022502723178830557,0.0045710468660363785)
(-0.022333546523385032,0.004550612933266529)
(-0.022165419979105254,0.004530140590530701)
(-0.021998341853855543,0.004509630601984245)
(-0.021832310441422902,0.00448908373025988)
(-0.021667324021560127,0.004468500736450357)
(-0.021503380860029418,0.004447882380089945)
(-0.021340479208646415,0.004427229419137318)
(-0.021178617305324623,0.004406542609957066)
(-0.021017793374121817,0.00438582270730327)
(-0.02085800562528303,0.004365070464301184)
(-0.020699252255289607,0.004344286632430922)
(-0.02054153144690227,0.0043234719615092305)
(-0.020384841369211513,0.004302627199673914)
(-0.020229180177682125,0.004281753093365861)
(-0.02007454601420143,0.004260850387312805)
(-0.01992093700712859,0.004239919824512469)
(-0.019768351271343052,0.004218962146216742)
(-0.019616786908292234,0.004197978091914297)
(-0.019466242006042352,0.0041769683993153625)
(-0.019316714639327597,0.004155933804335132)
(-0.019168202869600647,0.004134875041077402)
(-0.019020704745083647,0.0041137928418200085)
(-0.01887421830081882,0.004092687936997418)
(-0.018728741558720424,0.004071561055186669)
(-0.018584272527626334,0.0040504129230904224)
(-0.01844080920335119,0.004029244265522969)
(-0.018298349568737535,0.004008055805393791)
(-0.018156891593710926,0.003986848263693428)
(-0.01801643323533217,0.003965622359477731)
(-0.017876972437851326,0.003944378809853163)
(-0.017738507132762427,0.003923118329962515)
(-0.017601035238858188,0.003901841632969127)
(-0.017464554662284637,0.0038805494300436297)
(-0.01732906329659685,0.0038592424303486197)
(-0.01719455902281485,0.0038379213410246167)
(-0.017061039709479277,0.0038165868671759195)
(-0.016928503212708904,0.003795239711856565)
(-0.016796947376256324,0.003773880576056333)
(-0.016666370031566215,0.0037525101586862795)
(-0.016536768997832508,0.0037311291565665958)
(-0.016408142082056307,0.0037097382644109777)
(-0.016280487079104494,0.00368833817481459)
(-0.016153801771767815,0.0036669295782397705)
(-0.016028083930821276,0.0036455131630036275)
(-0.015903331315081634,0.0036240896152639774)
(-0.015779541671468496,0.0036026596190069956)
(-0.015656712735063465,0.0035812238560334686)
(-0.015534842229171146,0.0035597830059466537)
(-0.015413927865379592,0.0035383377461396244)
(-0.015293967343621297,0.0035168887517821215)
(-0.015174958352233979,0.0034954366958080334)
(-0.015056898568023454,0.003473982248903692)
(-0.014939785656324572,0.003452526079494937)
(-0.014823617271063681,0.003431068853734707)
(-0.0147083910548214,0.003409611235492403)
(-0.014594104638895775,0.0033881538863400323)
(-0.014480755643364315,0.0033666974655417953)
(-0.01436834167714885,0.0033452426300414895)
(-0.014256860338078468,0.0033237900344513477)
(-0.014146309212954343,0.003302340331040338)
(-0.0140366858776127,0.0032808941697230346)
(-0.013927987896991236,0.003259452198047314)
(-0.013820212825192852,0.003238015061184745)
(-0.013713358205550646,0.0032165834019180655)
(-0.013607421570695088,0.0031951578606309694)
(-0.013502400442617147,0.0031737390752968405)
(-0.01339829233273708,0.0031523276814684185)
(-0.013295094741968747,0.0031309243122667665)
(-0.013192805160787214,0.0031095295983703366)
(-0.013091421069295105,0.00308814416800598)
(-0.0129909399372899,0.0030667686469361024)
(-0.01289135922433095,0.0030454036584513897)
(-0.012792676379807837,0.0030240498233579534)
(-0.012694888843006963,0.003002707759969283)
(-0.012597994043180924,0.002981378084095047)
(-0.012501989399615925,0.0029600614090319792)
(-0.012406872321701705,0.002938758345553502)
(-0.0123126402089982,0.0029174695019009962)
(-0.01221929045130589,0.0028961954837733454)
(-0.012126820428735835,0.0028749368943181437)
(-0.012035227511777312,0.002853694334121889)
(-0.011944509061369252,0.0028324684012012583)
(-0.011854662428968578,0.002811259690993861)
(-0.01176568495662267,0.002790068796348804)
(-0.011677573977036535,0.002768896307517957)
(-0.011590326813646976,0.0027477428121480056)
(-0.011503940780690778,0.002726608895270377)
(-0.011418413183276284,0.00270549513929351)
(-0.011333741317456169,0.002684402123993769)
(-0.01124992247029629,0.0026633304265078783)
(-0.011166953919949832,0.0026422806213239067)
(-0.011084832935726919,0.002621253280273083)
(-0.011003556778168699,0.0026002489725219543)
(-0.010923122699117712,0.0025792682645644277)
(-0.01084352794179155,0.0025583117202136463)
(-0.01076476974085525,0.002537379900594193)
(-0.010686845322492866,0.0025164733641342015)
(-0.010609751904483067,0.0024955926665586425)
(-0.010533486696268227,0.0024747383608806745)
(-0.01045804689903226,0.0024539109973946436)
(-0.010383429705770466,0.002433111123669004)
(-0.010309632301365026,0.002412339284538889)
(-0.010236651862657693,0.0023915960220992393)
(-0.010164485558525786,0.0023708818756974126)
(-0.0100931305499534,0.0023501973819260984)
(-0.010022583990107472,0.002329543074617303)
(-0.009952843024412709,0.0023089194848349972)
(-0.009883904790624244,0.0022883271408684525)
(-0.009815766418904083,0.002267766568226045)
(-0.009748425031894449,0.002247238289628477)
(-0.009681877744794839,0.0022267428250029365)
(-0.009616121665434048,0.002206280691476492)
(-0.009551153894350814,0.0021858524033690607)
(-0.009486971524862118,0.0021654584721892507)
(-0.009423571643144276,0.00214509940662707)
(-0.009360951328305807,0.002124775712548614)
(-0.009299107652464621,0.0021044878929897546)
(-0.009238037680823265,0.0020842364481509627)
(-0.009177738471745064,0.002064021875391682)
(-0.009118207076830177,0.002043844669224444)
(-0.00905944054099207,0.002023705321310022)
(-0.009001435902534091,0.002003604320451852)
(-0.008944190193225104,0.0019835421525905886)
(-0.008887700438376738,0.001963519300799526)
(-0.008831963656920093,0.0019435362452792512)
(-0.008776976861482462,0.001923593463352909)
(-0.008722737058463837,0.0019036914294610614)
(-0.008669241248114086,0.001883830615157209)
(-0.00861648642461046,0.0018640114891033603)
(-0.008564469576134241,0.0018442345170647265)
(-0.008513187684947762,0.0018245001619064175)
(-0.008462637727472688,0.001804808883587838)
(-0.008412816674366115,0.0017851611391593236)
(-0.008363721490599595,0.0017655573827574887)
(-0.008315349135535041,0.001745998065601584)
(-0.008267696563003473,0.0017264836359890175)
(-0.00822076072138257,0.0017070145392914986)
(-0.008174538553673942,0.00168759121795181)
(-0.008129026997581484,0.001668214111479252)
(-0.00808422298558915,0.0016488836564467657)
(-0.0080401234450384,0.0016296002864868001)
(-0.007996725298207188,0.0016103644322882126)
(-0.007954025462386967,0.0015911765215928689)
(-0.007912020849961352,0.0015720369791923398)
(-0.007870708368484507,0.0015529462269246413)
(-0.007830084920758802,0.0015339046836713522)
(-0.0077901474049132885,0.0015149127653541795)
(-0.007750892714482042,0.0014959708849327689)
(-0.0077123177384827105,0.0014770794524014601)
(-0.007674419361494123,0.0014582388747860489)
(-0.007637194463735518,0.0014394495561424144)
(-0.007600639921144675,0.001420711897552518)
(-0.007564752605455855,0.0014020262971231412)
(-0.007529529384279151,0.0013833931499830396)
(-0.007494967121178523,0.0013648128482803357)
(-0.007461062675750113,0.0013462857811808097)
(-0.007427812903701272,0.0013278123348654334)
(-0.007395214656928864,0.0013093928925289324)
(-0.007363264783597565,0.001291027834377005)
(-0.007331960128218782,0.001272717537625178)
(-0.007301297531729581,0.0012544623764965987)
(-0.007271273831569886,0.0012362627222206263)
(-0.00724188586176313,0.0012181189430313052)
(-0.007213130452992591,0.001200031404165371)
(-0.007185004432681813,0.0011820004678614838)
(-0.007157504625072574,0.0011640264933585115)
(-0.007130627851302547,0.0011461098368942856)
(-0.0071043709294853295,0.001128250851704676)
(-0.007078730674788173,0.0011104498880222192)
(-0.007053703899510393,0.0010927072930756088)
(-0.007029287413162188,0.0010750234110879333)
(-0.007005478022543492,0.0010573985832767066)
(-0.006982272531821311,0.0010398331478529913)
(-0.006959667742609131,0.0010223274400204027)
(-0.006937660454045285,0.001004881791974675)
(-0.006916247462870866,0.0009874965329034235)
(-0.006895425563508388,0.0009701719889852757)
(-0.006875191548139976,0.0009529084833900493)
(-0.0068555422067853745,0.0009357063362783253)
(-0.006836474327381291,0.0009185658648012957)
(-0.006817984695858142,0.0009014873831006744)
(-0.0068000700962188,0.000884471202308428)
(-0.006782727310617254,0.0008675176305479348)
(-0.00676595311943561,0.0008506269729327574)
(-0.00674974430136305,0.0008337995315679589)
(-0.006734097633473087,0.0008170356055494886)
(-0.0067190098913018585,0.0008003354909662395)
(-0.006704477848925769,0.0007836994808986755)
(-0.006690498279039392,0.0007671278654204398)
(-0.006677067953032762,0.000750620931598842)
(-0.006664183641069748,0.0007341789634958747)
(-0.0066518421121649915,0.0007178022421686625)
(-0.006640040134261744,0.0007014910456703427)
(-0.006628774474309087,0.0006852456490515296)
(-0.00661804189833937,0.0006690663243609488)
(-0.0066078391715456795,0.0006529533406467308)
(-0.0065981630583583336,0.0006369069639575714)
(-0.006589010322523172,0.0006209274573444173)
(-0.006580377727177387,0.0006050150808612912)
(-0.006572262034927036,0.0005891700915672105)
(-0.006564660007924298,0.000573392743527519)
(-0.0065575684079431,0.0005576832878154545)
(-0.006550983996456855,0.0005420419725142429)
(-0.006544903534714657,0.0005264690427183686)
(-0.006539323783817663,0.0005109647405358863)
(-0.006534241504795291,0.0004955293050899661)
(-0.006529653458682352,0.0004801629725210537)
(-0.006525556406593506,0.00046486597598938465)
(-0.006521947109801613,0.00044963854567642156)
(-0.006518822329811561,0.00043448090878759097)
(-0.006516178828437666,0.0004193932895544263)
(-0.006514013367878268,0.00040437590923727407)
(-0.0065123227107921405,0.00038942898612704616)
(-0.006511103620373709,0.00037455273554869856)
(-0.006510352860427956,0.00035974736986324154)
(-0.006510067195446355,0.00034501309847031813)
(-0.006510243390681855,0.0003303501278118549)
(-0.006510878212223402,0.0003157586613737101)
(-0.006511968427071745,0.0003012388996897158)
(-0.006513510803213166,0.00028679104034364525)
(-0.00651550210969454,0.00027241527797337145)
(-0.006517939116698096,0.0002581118042730709)
(-0.006520818595614975,0.00024388080799701495)
(-0.006524137319120403,0.00022972247496240664)
(-0.006527892061246983,0.00021563698805318404)
(-0.006532079597459059,0.0002016245272235489)
(-0.006536696704726164,0.00018768526950082955)
(-0.006541740161596789,0.0001738193889895982)
(-0.006547206748272022,0.00016002705687497468)
(-0.006553093246678798,0.00014630844142709032)
(-0.006559396440542847,0.00013266370800369244)
(-0.006566113115461668,0.00011909301905505576)
(-0.006573240058977917,0.00010559653412743093)
(-0.006580774060651358,0.00009217440986715874)
(-0.00658871191213279,0.00007882680002477038)
(-0.006597050407234244,0.00006555385545903697)
(-0.006605786342003231,0.000052355724141377656)
(-0.006614916514793452,0.00003923255115986824)
(-0.006624437726337511,0.00002618447872393645)
(-0.006634346779818461,0.000013211646168464978)
(-0.006644640480940839,3.141899585905934e-7)
(-0.006655315638002505,-0.000012507756306064295)
(-0.006666369061965945,-0.000025254061886452383)
(-0.006677797566528328,-0.00003792459889966691)
(-0.006689597968194074,-0.000050519242313766134)
(-0.00670176708634337,-0.00006303786994347601)
(-0.006714301743304848,-0.00007548036244494899)
(-0.006727198764423557,-0.00008784660331096007)
(-0.006740454978133342,-0.00010013647886559214)
(-0.006754067216024937,-0.00011234987825935536)
(-0.006768032312916567,-0.0001244866934642149)
(-0.006782347106923302,-0.00013654681926808803)
(-0.006797008439526355,-0.0001485301532694179)
(-0.006812013155642295,-0.00016043659587204988)
(-0.006827358103691269,-0.00017226605027979318)
(-0.0068430401356675,-0.0001840184224909417)
(-0.006859056107205514,-0.0001956936212927406)
(-0.006875402877650372,-0.0002072915582552726)
(-0.006892077310124238,-0.0002188121477266722)
(-0.006909076271595974,-0.00023025530682652497)
(-0.006926396632947228,-0.0002416209554407916)
(-0.00694403526904077,-0.0002529090162152959)
(-0.006961989058787777,-0.0002641194145501449)
(-0.006980254885214581,-0.00027525207859370335)
(-0.006998829635530199,-0.00028630693923645224)
(-0.007017710201191263,-0.0002972839301049461)
(-0.007036893477970749,-0.00030818298755547224)
(-0.00705637636602233,-0.0003190040506679484)
(-0.007076155769947497,-0.0003297470612398822)
(-0.007096228598860359,-0.0003404119637792764)
(-0.007116591766454134,-0.0003509987054990048)
(-0.007137242191065506,-0.00036150723630981265)
(-0.007158176795740514,-0.0003719375088139633)
(-0.007179392508298879,-0.0003822894782985777)
(-0.00720088626139819,-0.00039256310272909364)
(-0.007222654992599728,-0.00040275834274235465)
(-0.007244695644430947,-0.00041287516164011285)
(-0.007267005164450298,-0.0004229135253817235)
(-0.007289580505310962,-0.00043287340257782526)
(-0.007312418624823438,-0.00044275476448304583)
(-0.007335516486019468,-0.0004525575849886726)
(-0.007358871057215176,-0.00046228184061687937)
(-0.007382479312072874,-0.00047192751051144336)
(-0.007406338229663857,-0.00048149457643314406)
(-0.0074304447945312,-0.0004909830227500472)
(-0.007454795996750762,-0.0005003928364323506)
(-0.007479388831993423,-0.0005097240070432521)
(-0.007504220301586707,-0.0005189765267329001)
(-0.00752928741257507,-0.0005281503902299701)
(-0.007554587177782467,-0.0005372455948352978)
(-0.007580116615870889,-0.0005462621404127808)
(-0.00760587275140264,-0.0005552000293830907)
(-0.007631852614899158,-0.0005640592667154908)
(-0.007658053242902685,-0.0005728398599197818)
(-0.007684471678033278,-0.0005815418190394883)
(-0.007711104969050693,-0.0005901651566427404)
(-0.00773795017091224,-0.0005987098878156477)
(-0.0077650043448312285,-0.000607176030153322)
(-0.007792264558337124,-0.0006155636037527364)
(-0.007819727885332025,-0.0006238726312041381)
(-0.007847391406150345,-0.0006321031375833201)
(-0.00787525220761511,-0.0006402551504431012)
(-0.007903307383096761,-0.000648328699805406)
(-0.007931554032569352,-0.0006563238181532152)
(-0.00795998926266788,-0.0006642405404216663)
(-0.00798861018674506,-0.00067207890399054)
(-0.00801741392492806,-0.0006798389486751292)
(-0.008046397604173562,-0.0006875207167181169)
(-0.008075558358324724,-0.0006951242527816508)
(-0.008104893328165995,-0.0007026496039373474)
(-0.008134399661478388,-0.0007100968196594741)
(-0.008164074513095245,-0.0007174659518149347)
(-0.008193915044955839,-0.0007247570546558261)
(-0.008223918426161027,-0.0007319701848090233)
(-0.008254081833025914,-0.0007391054012696334)
(-0.00828440244913487,-0.0007461627653903178)
(-0.008314877465394692,-0.0007531423408733151)
(-0.00834550408008767,-0.0007600441937615296)
(-0.008376279498925,-0.0007668683924287504)
(-0.008407200935099031,-0.000773615007572492)
(-0.008438265609335624,-0.0007802841122028489)
(-0.008469470749946636,-0.0007868757816349338)
(-0.008500813592881178,-0.0007933900934789017)
(-0.008532291381777997,-0.0007998271276313094)
(-0.008563901368015284,-0.0008061869662656667)
(-0.008595640810763257,-0.0008124696938233241)
(-0.008627506977032594,-0.0008186753970037443)
(-0.0086594971417273,-0.0008248041647559545)
(-0.008691608587692645,-0.0008308560882687112)
(-0.008723838605765071,-0.0008368312609607644)
(-0.00875618449482316,-0.0008427297784722183)
(-0.008788643561834909,-0.0008485517386541645)
(-0.008821213121907263,-0.0008542972415598536)
(-0.0088538904983348,-0.0008599663894348152)
(-0.008886673022646788,-0.0008655592867072527)
(-0.008919558034656709,-0.0008710760399783392)
(-0.008952542882508123,-0.0008765167580124335)
(-0.008985624922723189,-0.0008818815517281648)
(-0.00901880152024887,-0.0008871705341871573)
(-0.009052070048503459,-0.0008923838205858085)
(-0.009085427889422754,-0.0008975215282442598)
(-0.009118872433507216,-0.0009025837765972279)
(-0.009152401079865917,-0.000907570687183818)
(-0.009186011236262974,-0.0009124823836374558)
(-0.009219700319162513,-0.0009173189916762208)
(-0.009253465753771858,-0.0009220806390926584)
(-0.009287304974089377,-0.0009267674557435332)
(-0.0093212154229437,-0.0009313795735401969)
(-0.00935519455204216,-0.0009359171264379168)
(-0.009389239822010283,-0.0009403802504260473)
(-0.009423348702438628,-0.0009447690835179298)
(-0.009457518671921234,-0.000949083765740405)
(-0.009491747218102578,-0.0009533244391235748)
(-0.009526031837716236,-0.0009574912476905804)
(-0.009560370036627961,-0.0009615843374474673)
(-0.009594759329878189,-0.0009656038563723735)
(-0.009629197241720866,-0.0009695499544057489)
(-0.009663681305666081,-0.0009734227834392238)
(-0.009698209064519526,-0.000977222497305987)
(-0.009732778070422924,-0.0009809492517690803)
(-0.009767385884895735,-0.0009846032045124238)
(-0.009802030078870498,-0.000988184515128967)
(-0.0098367082327358,-0.0009916933451111294)
(-0.009871417936372945,-0.0009951298578392306)
(-0.009906156789196088,-0.0009984942185714489)
(-0.009940922400188297,-0.0010017865944332788)
(-0.009975712387942108,-0.0010050071544064287)
(-0.010010524380693036,-0.001008156069318296)
(-0.010045356016361664,-0.0010112335118312133)
(-0.010080204942586908,-0.0010142396564319248)
(-0.010115068816763004,-0.001017174679419999)
(-0.010149945306077131,-0.0010200387588982722)
(-0.010184832087543593,-0.001022832074760694)
(-0.010219726848040397,-0.0010255548086824267)
(-0.010254627284343955,-0.0010282071441082004)
(-0.010289531103163198,-0.0010307892662419636)
(-0.010324436021175564,-0.0010333013620356629)
(-0.01035933976505972,-0.0010357436201784945)
(-0.010394240071530203,-0.0010381162310855452)
(-0.010429134687370868,-0.0010404193868869091)
(-0.010464021369466305,-0.001042653281416865)
(-0.010498897884837351,-0.0010448181102024915)
(-0.010533762010671195,-0.0010469140704529223)
(-0.01056861153435506,-0.0010489413610479184)
(-0.010603444253505925,-0.0010509001825266674)
(-0.010638257976004544,-0.0010527907370770139)
(-0.010673050520024777,-0.001054613228524189)
(-0.010707819714064225,-0.0010563678623193309)
(-0.010742563396974861,-0.001058054845528546)
(-0.01077727941799364,-0.0010596743868213515)
(-0.010811965636771156,-0.0010612266964600031)
(-0.010846619923402107,-0.0010627119862875328)
(-0.010881240158452592,-0.0010641304697168793)
(-0.010915824232990548,-0.0010654823617193628)
(-0.010950370048613576,-0.0010667678788139822)
(-0.010984875517475448,-0.0010679872390548747)
(-0.011019338562315328,-0.0010691406620208731)
(-0.01105375711648391,-0.0010702283688039358)
(-0.011088129123972482,-0.0010712505819978552)
(-0.011122452539436086,-0.0010722075256861467)
(-0.01115672532822173,-0.0010730994254317693)
(-0.011190945466394174,-0.0010739265082642779)
(-0.011225110940761502,-0.0010746890026702193)
(-0.01125921974889945,-0.0010753871385792487)
(-0.011293269899177122,-0.0010760211473549107)
(-0.011327259410780922,-0.0010765912617819908)
(-0.0113611863137383,-0.001077097716054838)
(-0.011395048648942458,-0.0010775407457664144)
(-0.011428844468174913,-0.0010779205878965097)
(-0.011462571834129695,-0.0010782374808002756)
(-0.011496228820433592,-0.001078491664196024)
(-0.011529813511672468,-0.0010786833791549065)
(-0.01156332400340894,-0.0010788128680879136)
(-0.011596758402206838,-0.0010788803747356608)
(-0.011630114825651908,-0.0010788861441549547)
(-0.011663391402371513,-0.001078830422709302)
(-0.011696586272058343,-0.001078713458055719)
(-0.011729697585486703,-0.0010785354991337658)
(-0.011762723504535015,-0.0010782967961532278)
(-0.011795662202204323,-0.001077997600583531)
(-0.011828511862638896,-0.0010776381651410414)
(-0.011861270681143335,-0.0010772187437782426)
(-0.011893936864201263,-0.0010767395916706233)
(-0.011926508629494124,-0.0010762009652070773)
(-0.011958984205919941,-0.0010756031219763798)
(-0.011991361833608943,-0.0010749463207563236)
(-0.012023639763941373,-0.0010742308215016434)
(-0.012055816259563886,-0.001073456885332757)
(-0.012087889594406893,-0.0010726247745232956)
(-0.012119858053699977,-0.0010717347524892141)
(-0.01215171993398769,-0.0010707870837765427)
(-0.01218347354314453,-0.001069782034049378)
(-0.012215117200390518,-0.0010687198700787578)
(-0.012246649236305564,-0.001067600859730543)
(-0.012278067992843922,-0.0010664252719537806)
(-0.012309371823348023,-0.001065193376768543)
(-0.012340559092561817,-0.0010639054452548048)
(-0.01237162817664468,-0.0010625617495401936)
(-0.012402577463183843,-0.0010611625627885242)
(-0.012433405351207056,-0.0010597081591874537)
(-0.012464110251194005,-0.0010581988139372702)
(-0.012494690585091322,-0.0010566348032392857)
(-0.012525144786318247,-0.0010550164042831473)
(-0.012555471299784467,-0.0010533438952360203)
(-0.012585668581895859,-0.001051617555230019)
(-0.01261573510056755,-0.0010498376643509443)
(-0.012645669335233109,-0.0010480045036264385)
(-0.01267546977685488,-0.0010461183550138505)
(-0.012705134927933178,-0.0010441795013889298)
(-0.012734663302514538,-0.0010421882265335004)
(-0.012764053426201427,-0.0010401448151243953)
(-0.01279330383616118,-0.0010380495527209214)
(-0.01282241308113234,-0.0010359027257533483)
(-0.01285137972143427,-0.0010337046215114993)
(-0.012880202328972383,-0.0010314555281326018)
(-0.012908879487247343,-0.001029155734589382)
(-0.012937409791359877,-0.001026805530678687)
(-0.012965791848018424,-0.0010244052070094627)
(-0.012994024275544894,-0.001021955054991238)
(-0.013022105703879315,-0.0010194553668219977)
(-0.013050034774585903,-0.0010169064354765645)
(-0.01307781014085859,-0.0010143085546951707)
(-0.013105430467524689,-0.0010116620189715316)
(-0.01313289443104956,-0.0010089671235406854)
(-0.013160200719540077,-0.0010062241643679897)
(-0.013187348032749612,-0.0010034334381368141)
(-0.01321433508207876,-0.0010005952422372224)
(-0.013241160590581455,-0.0009977098747540629)
(-0.013267823292964257,-0.000994777634455355)
(-0.01329432193559173,-0.000991798820780194)
(-0.013320655276485729,-0.0009887737338279965)
(-0.013346822085328966,-0.0009857026743459144)
(-0.013372821143464537,-0.000982585943717548)
(-0.01339865124389789,-0.0009794238439514488)
(-0.013424311191296124,-0.0009762166776686269)
(-0.013449799801991234,-0.0009729647480925222)
(-0.013475115903977142,-0.000969668359035787)
(-0.013500258336908409,-0.0009663278148893508)
(-0.013525225952103094,-0.0009629434206110551)
(-0.013550017612538082,-0.000959515481713222)
(-0.013574632192850397,-0.0009560443042524282)
(-0.013599068579334026,-0.0009525301948161729)
(-0.013623325669936475,-0.0009489734605130282)
(-0.013647402374260022,-0.0009453744089598295)
(-0.013671297613555166,-0.0009417333482709863)
(-0.01369501032071976,-0.0009380505870462209)
(-0.013718539440293987,-0.0009343264343599518)
(-0.01374188392845892,-0.0009305611997489837)
(-0.0137650427530301,-0.0009267551932012032)
(-0.013788014893453694,-0.0009229087251442842)
(-0.013810799340803613,-0.0009190221064346104)
(-0.013833395097772925,-0.0009150956483450303)
(-0.013855801178672786,-0.0009111296625536456)
(-0.013878016609421739,-0.0009071244611332154)
(-0.013900040427544282,-0.0009030803565384447)
(-0.013921871682163089,-0.0008989976615960338)
(-0.01394350943398931,-0.0008948766894917137)
(-0.013964952755320047,-0.0008907177537604522)
(-0.013986200730027962,-0.0008865211682740419)
(-0.014007252453556255,-0.0008822872472303286)
(-0.014028107032907711,-0.0008780163051420575)
(-0.01404876358663883,-0.0008737086568247588)
(-0.014069221244848993,-0.0008693646173865495)
(-0.014089479149173868,-0.0008649845022162165)
(-0.014109536452775259,-0.0008605686269722845)
(-0.014129392320331708,-0.0008561173075714375)
(-0.014149045928026507,-0.0008516308601779453)
(-0.014168496463541307,-0.0008471096011920968)
(-0.014187743126042858,-0.0008425538472389731)
(-0.014206785126173656,-0.000837963915157683)
(-0.014225621686039542,-0.000833340121990069)
(-0.014244252039199759,-0.0008286827849697433)
(-0.014262675430652981,-0.0008239922215104314)
(-0.01428089111682922,-0.0008192687491960821)
(-0.014298898365573512,-0.0008145126857689014)
(-0.014316696456133548,-0.0008097243491184876)
(-0.014334284679150757,-0.0008049040572712047)
(-0.014351662336642318,-0.0008000521283791761)
(-0.014368828741990481,-0.0007951688807091632)
(-0.014385783219926186,-0.0007902546326316084)
(-0.01440252510651914,-0.0007853097026100842)
(-0.0144190537491581,-0.0007803344091901126)
(-0.014435368506540062,-0.000775329070988409)
(-0.014451468748653508,-0.0007702940066825599)
(-0.014467353856763229,-0.000765229534999028)
(-0.014483023223395989,-0.0007601359747042102)
(-0.014498476252320909,-0.0007550136445916016)
(-0.014513712358537236,-0.000749862863473126)
(-0.014528730968256758,-0.000744683950166637)
(-0.014543531518886064,-0.0007394772234867625)
(-0.014558113459008933,-0.0007342430022333085)
(-0.014572476248371586,-0.0007289816051812426)
(-0.014586619357860453,-0.0007236933510692905)
(-0.014600542269488991,-0.0007183785585905504)
(-0.014614244476377552,-0.0007130375463810271)
(-0.014627725482732596,-0.0007076706330095817)
(-0.014640984803833077,-0.0007022781369671799)
(-0.014654021966003827,-0.0006968603766569566)
(-0.014666836506603725,-0.0006914176703832838)
(-0.014679427974001194,-0.0006859503363414005)
(-0.014691795927555066,-0.000680458692607474)
(-0.014703939937596675,-0.0006749430571280375)
(-0.014715859585405333,-0.0006694037477092738)
(-0.014727554463191508,-0.0006638410820078006)
(-0.014739024174072414,-0.0006582553775193732)
(-0.01475026833205298,-0.000652646951569079)
(-0.014761286562002846,-0.0006470161213013309)
(-0.014772078499635292,-0.0006413632036695295)
(-0.01478264379148466,-0.0006356885154261788)
(-0.014792982094882183,-0.0006299923731118327)
(-0.01480309307793746,-0.0006242750930467336)
(-0.0148129764195103,-0.0006185369913194212)
(-0.014822631809193361,-0.0006127783837770984)
(-0.014832058947280355,-0.0006069995860160063)
(-0.014841257544753203,-0.0006012009133711285)
(-0.014850227323246604,-0.0005953826809063955)
(-0.014858968015030725,-0.000589545203404869)
(-0.014867479362986397,-0.0005836887953586541)
(-0.014875761120576125,-0.0005778137709598047)
(-0.01488381305182442,-0.0005719204440897287)
(-0.014891634931285641,-0.0005660091283099097)
(-0.014899226544025689,-0.0005600801368520388)
(-0.01490658768559147,-0.0005541337826084321)
(-0.014913718161986125,-0.000548170378122652)
(-0.014920617789641714,-0.0005421902355793381)
(-0.014927286395393423,-0.000536193666795045)
(-0.014933723816453078,-0.0005301809832086524)
(-0.014939929900381276,-0.0005241524958720919)
(-0.014945904505059218,-0.00051810851544011)
(-0.014951647498663128,-0.0005120493521620414)
(-0.014957158759634256,-0.0005059753158714389)
(-0.014962438176653135,-0.0004998867159770571)
(-0.014967485648607386,-0.0004937838614536659)
(-0.014972301084566878,-0.0004876670608326779)
(-0.014976884403753147,-0.0004815366221926623)
(-0.014981235535509766,-0.0004753928531507266)
(-0.014985354419275707,-0.0004692360608528793)
(-0.014989241004550924,-0.0004630665519648904)
(-0.014992895250872251,-0.0004568846326636868)
(-0.014996317127778986,-0.0004506906086275854)
(-0.014999506614781999,-0.00044448478502755173)
(-0.015002463701339792,-0.00043826746651893595)
(-0.01500518838682117,-0.0004320389572313434)
(-0.015007680680473666,-0.0004257995607604786)
(-0.015009940601399359,-0.00041954958015935867)
(-0.015011968178518135,-0.00041328931792861714)
(-0.015013763450534028,-0.0004070190760092184)
(-0.015015326465908533,-0.0004007391557721097)
(-0.015016657282826225,-0.0003944498580105328)
(-0.015017755969162017,-0.00038815148293109506)
(-0.015018622602450103,-0.0003818443301452885)
(-0.015019257269847298,-0.00037552869866029875)
(-0.015019660068107099,-0.0003692048868713569)
(-0.015019831103538871,-0.0003628731925524161)
(-0.0150197704919791,-0.0003565339128483553)
(-0.015019478358755056,-0.0003501873442658995)
(-0.015018954838654888,-0.000343833782666045)
(-0.015018200075890267,-0.0003374735232547118)
(-0.01501721422406234,-0.00033110686057549586)
(-0.015015997446127386,-0.0003247340885005603)
(-0.015014549914364704,-0.0003183555002227941)
(-0.015012871810337967,-0.0003119713882478125)
(-0.015010963324861164,-0.0003055820443854514)
(-0.015008824657965408,-0.0002991877597415212)
(-0.015006456018861894,-0.00029278882471068287)
(-0.015003857625908673,-0.00028638552896733305)
(-0.015001029706567429,-0.00027997816145841826)
(-0.01499797249737569,-0.00027356701039499157)
(-0.0149946862439071,-0.00026715236324457384)
(-0.014991171200736269,-0.0002607345067233829)
(-0.014987427631398468,-0.00025431372678856167)
(-0.014983455808358226,-0.0002478903086299821)
(-0.014979256012967094,-0.00024146453666327585)
(-0.01497482853543125,-0.0002350366945213072)
(-0.014970173674768572,-0.0002286070650473828)
(-0.014965291738777885,-0.00022217593028709513)
(-0.01496018304399553,-0.00021574357148116145)
(-0.014954847915657534,-0.0002093102690574746)
(-0.014949286687668397,-0.0002028763026241806)
(-0.01494349970255347,-0.0001964419509622939)
(-0.0149374873114262,-0.00019000749201737992)
(-0.014931249873947164,-0.0001835732028937066)
(-0.014924787758288984,-0.00017713935984572238)
(-0.014918101341090407,-0.00017070623827146684)
(-0.014911191007424907,-0.00016427411270554765)
(-0.014904057150755655,-0.00015784325681139858)
(-0.01489670017289807,-0.00015141394337447013)
(-0.014889120483980453,-0.00014498644429566056)
(-0.014881318502404236,-0.00013856103058339965)
(-0.014873294654803472,-0.00013213797234779183)
(-0.01486504937600447,-0.00012571753879244443)
(-0.014856583108984883,-0.00011929999820892341)
(-0.014847896304836537,-0.00011288561796876445)
(-0.014838989422720519,-0.00010647466451788179)
(-0.014829862929826859,-0.00010006740336844204)
(-0.014820517301339353,-0.00009366409909375191)
(-0.014810953020386913,-0.00008726501532036649)
(-0.01480117057800615,-0.00008087041472232367)
(-0.014791170473098988,-0.00007448055901364991)
(-0.014780953212393286,-0.00006809570894340228)
(-0.014770519310396536,-0.00006171612428784712)
(-0.014759869289359613,-0.00005534206384460261)
(-0.014749003679230726,-0.000048973785426181274)
(-0.014737923017613756,-0.000042611545853952014)
(-0.014726627849730941,-0.000036255600951804586)
(-0.01471511872837022,-0.000029906205539481293)
(-0.014703396213854057,-0.000023563613427068382)
(-0.014691460873988416,-0.000017228077408557732)
(-0.014679313284026142,-0.00001089984925575698)
(-0.014666954026619381,-4.57917971281212e-6)
(-0.014654383691777247,1.7336815110257474e-6)
(-0.01464160287682437,8.038485745732396e-6)
(-0.014628612186360006,0.000014334985367130967)
(-0.014615412232205882,0.000020622933803497608)
(-0.014602003633372343,0.000026902085539517693)
(-0.014588387016008836,0.00003317219612394797)
(-0.01457456301336155,0.00003943302217350836)
(-0.014560532265730628,0.000045684321380110483)
(-0.014546295420425162,0.00005192585251517281)
(-0.014531853131718937,0.000058157375435716314)
(-0.014517206060804165,0.00006437865109019284)
(-0.01450235487575232,0.00007058944152317781)
(-0.014487300251466068,0.00007678950988108088)
(-0.014472042869632771,0.00008297862041738997)
(-0.014456583418686518,0.00008915653849824252)
(-0.01444092259375173,0.00009532303060743535)
(-0.0144250610966147,0.00010147786435166471)
(-0.014408999635661068,0.00010762080846502151)
(-0.014392738925843095,0.00011375163281568679)
(-0.014376279688629687,0.0001198701084093466)
(-0.014359622651960908,0.00012597600739458427)
(-0.01434276855020528,0.00013206910306829675)
(-0.014325718124107694,0.000138149169880449)
(-0.014308472120753753,0.00014421598343884276)
(-0.014291031293513253,0.00015026932051287646)
(-0.014273396402005971,0.00015630895904039164)
(-0.01425556821204372,0.00016233467813074872)
(-0.014237547495592558,0.00016834625806975257)
(-0.0142193350307261,0.00017434348032446744)
(-0.014200931601574717,0.00018032612754771072)
(-0.014182337998283103,0.0001862939835826904)
(-0.014163555016964178,0.00019224683346704405)
(-0.014144583459650034,0.00019818446343741145)
(-0.014125424134248317,0.00020410666093396976)
(-0.014106077854493517,0.00021001321460451414)
(-0.014086545439901071,0.0002159039143086534)
(-0.01406682771572207,0.00022177855112212204)
(-0.014046925512894487,0.0002276369173408694)
(-0.01402683966799528,0.00023347880648519586)
(-0.014006571023197821,0.00023930401330393486)
(-0.013986120426221814,0.00024511233377773995)
(-0.013965488730285759,0.00025090356512389947)
(-0.01394467679406138,0.0002566775057997785)
(-0.013923685481626851,0.00026243395550668247)
(-0.013902515662417283,0.0002681727151938188)
(-0.013881168211180437,0.0002738935870615287)
(-0.01385964400792498,0.00027959637456613534)
(-0.013837943937879647,0.0002852808824214734)
(-0.013816068891439548,0.000290946916605184)
(-0.013794019764121049,0.00029659428435987155)
(-0.01377179745651451,0.0003022227941978916)
(-0.013749402874238585,0.00030783225590451054)
(-0.013726836927888465,0.0003134224805410234)
(-0.013704100532989346,0.00031899328044860233)
(-0.013681194609952202,0.0003245444692507314)
(-0.013658120084019903,0.0003300758618573683)
(-0.013634877885226129,0.0003355872744675587)
(-0.013611468948342283,0.0003410785245728053)
(-0.013587894212831906,0.00034654943095969147)
(-0.013564154622801177,0.00035199981371388574)
(-0.01354025112695438,0.00035742949422195913)
(-0.013516184678541047,0.0003628382951754045)
(-0.013491956235312281,0.0003682260405722277)
(-0.013467566759469,0.00037359255572090875)
(-0.013443017217618305,0.0003789376672429164)
(-0.013418308580719428,0.00038426120307496955)
(-0.013393441824041386,0.0003895629924722631)
(-0.013368417927111173,0.00039484286601066017)
(-0.013343237873666178,0.0004001006555897448)
(-0.013317902651606803,0.00040533619443467947)
(-0.013292413252948082,0.00041054931709922694)
(-0.013266770673770734,0.00041573985946793826)
(-0.01324097591417448,0.00042090765875888174)
(-0.013215029978224595,0.00042605255352541485)
(-0.013188933873914432,0.0004311743836582922)
(-0.013162688613103274,0.000436272990389227)
(-0.013136295211477541,0.0004413482162913392)
(-0.013109754688501996,0.00044639990528259275)
(-0.013083068067366324,0.0004514279026267618)
(-0.013056236374940364,0.0004564320549363623)
(-0.013029260641725441,0.00046141221017455573)
(-0.013002141901807198,0.00046636821765635035)
(-0.012974881192801489,0.00047129992805114093)
(-0.01294747955581457,0.00047620719338407604)
(-0.012919938035388259,0.00048108986703841326)
(-0.012892257679453586,0.00048594780375664064)
(-0.012864439539283132,0.0004907808596424177)
(-0.012836484669442103,0.0004955888921622684)
(-0.012808394127738685,0.0005003717601468391)
(-0.01278016897517969,0.0005051293237925604)
(-0.012751810275914904,0.0005098614446634664)
(-0.012723319097200583,0.0005145679856926891)
(-0.012694696509337555,0.0005192488111823329)
(-0.012665943585632217,0.0005239037868071144)
(-0.012637061402344336,0.000528532779613524)
(-0.012608051038640844,0.0005331356580228241)
(-0.012578913576547508,0.0005377122918306904)
(-0.012549650100896814,0.0005422625522093814)
(-0.01252026169928612,0.0005467863117084575)
(-0.012490749462025226,0.0005512834442555529)
(-0.012461114482089886,0.0005557538251579596)
(-0.012431357855070735,0.0005601973311030888)
(-0.01240148067912936,0.0005646138401591858)
(-0.012371484054951105,0.0005690032317767004)
(-0.01234136908568963,0.0005733653867889465)
(-0.01231113687692651,0.0005777001874126264)
(-0.012280788536620174,0.000582007517248068)
(-0.01225032517505888,0.0005862872612811178)
(-0.012219747904812528,0.0005905393058827091)
(-0.012189057840680568,0.000594763538809451)
(-0.012158256099656973,0.0005989598492046757)
(-0.012127343800864335,0.0006031281275984985)
(-0.01209632206552369,0.0006072682659079604)
(-0.012065192016893232,0.0006113801574381957)
(-0.012033954780227386,0.0006154636968817623)
(-0.012002611482733181,0.0006195187803198986)
(-0.011971163253509432,0.000623545305221357)
(-0.0119396112235151,0.0006275431704440132)
(-0.011907956525509683,0.0006315122762344821)
(-0.011876200294013201,0.0006354525242271025)
(-0.011844343665254697,0.0006393638174461138)
(-0.011812387777127547,0.0006432460603033593)
(-0.011780333769142119,0.0006470991586001576)
(-0.011748182782373776,0.0006509230195249724)
(-0.011715935959425376,0.000654717551655945)
(-0.01168359444437093,0.0006584826649582448)
(-0.011651159382715404,0.0006622182707854289)
(-0.011618631921340664,0.0006659242818778722)
(-0.011586013208467721,0.0006696006123636643)
(-0.011553304393602009,0.0006732471777568704)
(-0.011520506627492213,0.0006768638949584958)
(-0.011487621062078877,0.0006804506822547527)
(-0.011454648850451936,0.0006840074593171112)
(-0.011421591146802726,0.000687534147201558)
(-0.01138844910637625,0.0006910306683481365)
(-0.011355223885429339,0.0006944969465803347)
(-0.011321916641176872,0.0006979329071033543)
(-0.011288528531752261,0.0007013384765051823)
(-0.011255060716160486,0.0007047135827537118)
(-0.01122151435422885,0.0007080581551976177)
(-0.011187890606562704,0.0007113721245639947)
(-0.011154190634502318,0.0007146554229591073)
(-0.011120415600070538,0.0007179079838650983)
(-0.011086566665936324,0.0007211297421411147)
(-0.011052644995359419,0.0007243206340209563)
(-0.011018651752153589,0.000727480597112692)
(-0.010984588100634829,0.0007306095703965103)
(-0.010950455205579192,0.0007337074942242661)
(-0.010916254232176542,0.0007367743103180475)
(-0.010881986345985376,0.0007398099617690289)
(-0.010847652712890222,0.0007428143930356764)
(-0.010813254499053265,0.0007457875499421167)
(-0.010778792870869336,0.0007487293796779068)
(-0.010744268994927007,0.0007516398307954256)
(-0.010709684037956461,0.000754518853208982)
(-0.01067503916678805,0.0007573663981917054)
(-0.010640335548310275,0.0007601824183769248)
(-0.010605574349421243,0.0007629668677536224)
(-0.010570756736988707,0.0007657197016660941)
(-0.010535883877802217,0.000768440876811983)
(-0.010500956938530651,0.0007711303512403354)
(-0.010465977085679295,0.0007737880843500519)
(-0.010430945485545825,0.0007764140368878331)
(-0.01039586330417151,0.0007790081709458109)
(-0.01036073170730846,0.0007815704499606401)
(-0.010325551860365954,0.0007841008387106635)
(-0.010290324928369714,0.0007865993033138837)
(-0.010255052075925537,0.0007890658112263473)
(-0.01021973446716525,0.00079150033123991)
(-0.010184373265711371,0.0007939028334792471)
(-0.010148969634630363,0.0007962732894007297)
(-0.010113524736395721,0.0007986116717903223)
(-0.010078039732834975,0.0008009179547595103)
(-0.010042515785099303,0.000803192113745007)
(-0.010006954053612842,0.0008054341255052485)
(-0.009971355698031053,0.0008076439681185231)
(-0.009935721877203643,0.00080982162098002)
(-0.009900053749127495,0.0008119670647996841)
(-0.009864352470906427,0.0008140802815990951)
(-0.009828619198712378,0.0008161612547104304)
(-0.009792855087737189,0.0008182099687722741)
(-0.00975706129215891,0.0008202264097270506)
(-0.00972123896509501,0.0008222105648190626)
(-0.009685389258561555,0.0008241624225917354)
(-0.009649513323436715,0.0008260819728845839)
(-0.009613612309411684,0.0008279692068294165)
(-0.009577687364960641,0.0008298241168502805)
(-0.009541739637291081,0.0008316466966569501)
(-0.009505770272304986,0.0008334369412448563)
(-0.009469780414563358,0.0008351948468909994)
(-0.009433771207240071,0.0008369204111506152)
(-0.009397743792086306,0.0008386136328548483)
(-0.009361699309386065,0.0008402745121073137)
(-0.009325638897921078,0.0008419030502809802)
(-0.009289563694928457,0.0008434992500154087)
(-0.009253474836060784,0.0008450631152129555)
(-0.009217373455349651,0.0008465946510358644)
(-0.009181260685161901,0.0008480938639030668)
(-0.009145137656165422,0.0008495607614869245)
(-0.009109005497287145,0.0008509953527095183)
(-0.009072865335674642,0.0008523976477395484)
(-0.009036718296657835,0.0008537676579893036)
(-0.009000565503712778,0.0008551053961103874)
(-0.008964408078420217,0.0008564108759911618)
(-0.008928247140426077,0.0008576841127522777)
(-0.008892083807410309,0.0008589251227437383)
(-0.008855919195041258,0.0008601339235416773)
(-0.008819754416942896,0.0008613105339435539)
(-0.008783590584655054,0.000862454973965562)
(-0.008747428807599412,0.0008635672648389587)
(-0.008711270193035092,0.0008646474290053854)
(-0.008675115846032344,0.0008656954901140982)
(-0.008638966869424163,0.0008667114730175405)
(-0.008602824363778173,0.0008676954037679927)
(-0.008566689427356323,0.0008686473096132537)
(-0.00853056315607933,0.00086956721899349)
(-0.008494446643488992,0.0008704551615361824)
(-0.008458340980716158,0.0008713111680533985)
(-0.008422247256440498,0.0008721352705369363)
(-0.00838616655685674,0.0008729275021549953)
(-0.008350099965638746,0.0008736878972467572)
(-0.008314048563905692,0.0008744164913206537)
(-0.008278013430184205,0.0008751133210478164)
(-0.008241995640375723,0.0008757784242593514)
(-0.008205996267718545,0.0008764118399418757)
(-0.008170016382758946,0.0008770136082334704)
(-0.00813405705330957,0.0008775837704185672)
(-0.00809811934441953,0.0008781223689250427)
(-0.00806220431834135,0.0008786294473186708)
(-0.008026313034491727,0.0008791050502993432)
(-0.007990446549423586,0.0008795492236974707)
(-0.007954605916788664,0.0008799620144675254)
(-0.007918792187305434,0.000880343470686325)
(-0.007883006408725924,0.0008806936415459807)
(-0.00784724962580205,0.0008810125773508189)
(-0.00781152288025483,0.0008813003295136771)
(-0.007775827210736934,0.0008815569505490529)
(-0.007740163652806095,0.0008817824940704457)
(-0.007704533238888647,0.0008819770147850553)
(-0.0076689369982485545,0.0008821405684892805)
(-0.007633375956956815,0.0008822732120642401)
(-0.007597851137856745,0.000882375003470466)
(-0.007562363560535132,0.000882446001743606)
(-0.007526914241289376,0.0008824862669904383)
(-0.007491504193097596,0.0008824958603825638)
(-0.007456134425585878,0.0008824748441530654)
(-0.007420805944998365,0.0008824232815903544)
(-0.0073855197541661055,0.0008823412370347687)
(-0.00735027685247799,0.0008822287758724778)
(-0.007315078235848351,0.0008820859645311201)
(-0.007279924896689976,0.0008819128704753539)
(-0.0072448178238801045,0.000881709562200719)
(-0.00720975800273483,0.0008814761092298629)
(-0.007174746414976685,0.0008812125821069187)
(-0.007139784038706372,0.0008809190523921343)
(-0.007104871848374633,0.0008805955926579599)
(-0.007070010814751533,0.0008802422764828754)
(-0.007035201904898003,0.0008798591784471143)
(-0.007000446082140248,0.0008794463741265955)
(-0.006965744306037379,0.0008790039400890725)
(-0.006931097532355341,0.0008785319538872556)
(-0.0068965067130384375,0.0008780304940553677)
(-0.006861972796183584,0.000877499640103474)
(-0.00682749672600886,0.0008769394725107227)
(-0.006793079442830931,0.0008763500727223884)
(-0.006758721883032481,0.0008757315231430501)
(-0.0067244249790400215,0.000875083907131513)
(-0.006690189659297159,0.0008744073089962289)
(-0.006656016848231353,0.0008737018139890043)
(-0.006621907466239159,0.0008729675083003111)
(-0.0065878624296471285,0.000872204479053248)
(-0.0065538826506971746,0.000871412814299212)
(-0.0065199690375141095,0.0008705926030110994)
(-0.006486122494081355,0.0008697439350784551)
(-0.006452343920217992,0.000868866901302491)
(-0.006418634211551258,0.0008679615933900629)
(-0.006384994259492956,0.0008670281039478676)
(-0.006351424951213807,0.0008660665264777561)
(-0.0063179271696194115,0.0008650769553705756)
(-0.006284501793325764,0.0008640594859002186)
(-0.006251149696637587,0.0008630142142191286)
(-0.006217871749520136,0.0008619412373521954)
(-0.006184668817579319,0.0008608406531900905)
(-0.006151541762035756,0.0008597125604855631)
(-0.006118491439702717,0.0008585570588458721)
(-0.006085518702964712,0.0008573742487289103)
(-0.006052624399750338,0.0008561642314357144)
(-0.006019809373514387,0.0008549271091058102)
(-0.005987074463212929,0.0008536629847115439)
(-0.00595442050328053,0.0008523719620514554)
(-0.0059218483236126085,0.0008510541457459771)
(-0.005889358749536944,0.0008497096412297227)
(-0.005856952601797089,0.0008483385547474092)
(-0.005824630696530144,0.0008469409933467733)
(-0.005792393845245147,0.0008455170648738854)
(-0.005760242854801908,0.000844066877966007)
(-0.005728178527390842,0.0008425905420467219)
(-0.005696201660512055,0.0008410881673199943)
(-0.0056643130469552425,0.0008395598647632595)
(-0.0056325134747813805,0.0008380057461233834)
(-0.0056008037272996265,0.0008364259239081806)
(-0.005569184583048414,0.0008348205113829841)
(-0.005537656815780242,0.0008331896225629403)
(-0.005506221194436914,0.0008315333722079411)
(-0.005474878483133857,0.0008298518758166134)
(-0.005443629441139806,0.0008281452496193443)
(-0.005412474822859233,0.0008264136105733866)
(-0.005381415377814665,0.0008246570763567349)
(-0.005350451850626836,0.0008228757653616587)
(-0.00531958498099609,0.0008210697966878334)
(-0.005288815503689326,0.0008192392901387043)
(-0.005258144148517665,0.0008173843662126942)
(-0.005227571640321243,0.0008155051460993057)
(-0.005197098698952086,0.0008136017516714844)
(-0.005166726039256697,0.0008116743054799394)
(-0.00513645437106177,0.0008097229307475409)
(-0.005106284399153483,0.0008077477513626572)
(-0.005076216823265159,0.0008057488918729087)
(-0.005046252338061342,0.0008037264774796391)
(-0.005016391633117995,0.00080168063403132)
(-0.004986635392912628,0.0007996114880169606)
(-0.004956984296804025,0.0007975191665612153)
(-0.004927439019020768,0.0007954037974166122)
(-0.0048980002286448466,0.000793265508958046)
(-0.004868668589596325,0.0007911044301775948)
(-0.004839444760620834,0.0007889206906756481)
(-0.004810329395274471,0.0007867144206583939)
(-0.004781323141908041,0.0007844857509273645)
(-0.004752426643657093,0.0007822348128771332)
(-0.004723640538425083,0.0007799617384860902)
(-0.004694965458871505,0.0007776666603121952)
(-0.004666402032398439,0.0007753497114854073)
(-0.0046379508811387315,0.0007730110257017829)
(-0.004609612621940493,0.0007706507372175409)
(-0.004581387866359069,0.0007682689808424459)
(-0.004553277220640044,0.0007658658919336585)
(-0.004525281285710436,0.0007634416063888222)
(-0.004497400657166739,0.0007609962606412056)
(-0.004469635925261185,0.0007585299916516194)
(-0.00444198767489293,0.0007560429369031742)
(-0.004414456485595877,0.00075353523439526)
(-0.0043870429315268035,0.0007510070226357115)
(-0.00435974758145562,0.00074845844063591)
(-0.004332570998756451,0.0007458896279041554)
(-0.0043055137413942355,0.0007433007244388134)
(-0.004278576361916608,0.0007406918707222943)
(-0.004251759407443879,0.0007380632077149257)
(-0.00422506341966,0.0007354148768475573)
(-0.00419848893480071,0.0007327470200173692)
(-0.004172036483648007,0.0007300597795789758)
(-0.004145706591517907,0.0007273532983391556)
(-0.00411949977825373,0.0007246277195514931)
(-0.004093416558217793,0.0007218831869078687)
(-0.0040674574402805325,0.0007191198445342934)
(-0.00404162292781662,0.0007163378369827864)
(-0.004015913518691803,0.0007135373092255309)
(-0.003990329705260978,0.0007107184066494833)
(-0.003964871974355124,0.0007078812750485352)
(-0.003939540807280287,0.0007050260606181887)
(-0.003914336679804026,0.0007021529099478508)
(-0.0038892600621539607,0.0006992619700161715)
(-0.0038643114190073,0.0006963533881836715)
(-0.003839491209488484,0.0006934273121861712)
(-0.0038147998871595843,0.0006904838901287951)
(-0.0037902379000149685,0.0006875232704796826)
(-0.0037658056904778863,0.0006845456020633929)
(-0.0037415036953917687,0.0006815510340544409)
(-0.0037173323460185015,0.0006785397159711564)
(-0.0036932920680294015,0.0006755117976691545)
(-0.003669383281503972,0.0006724674293345141)
(-0.0036456064009226597,0.0006694067614783988)
(-0.0036219618351649736,0.0006663299449297263)
(-0.003598449987502176,0.0006632371308297989)
(-0.003575071255596214,0.0006601284706239759)
(-0.0035518260314934815,0.0006570041160579958)
(-0.0035287147016241057,0.0006538642191700054)
(-0.0035057376467949263,0.0006507089322832847)
(-0.0034828952421909723,0.0006475384080022971)
(-0.0034601878573672683,0.0006443527992043321)
(-0.003437615856250946,0.0006411522590340065)
(-0.0034151795971348545,0.0006379369408967076)
(-0.0033928794326791747,0.000634706998452453)
(-0.003370715709905395,0.0006314625856089534)
(-0.0033486887701967357,0.0006282038565160964)
(-0.0033267989492961046,0.0006249309655589549)
(-0.0033050465773051874,0.0006216440673514488)
(-0.003283431978681641,0.0006183433167306836)
(-0.0032619554722396224,0.0006150288687498671)
(-0.0032406173711480952,0.0006117008786724138)
(-0.0032194179829301596,0.000608359501965208)
(-0.0031983576094634933,0.0006050048942929642)
(-0.0031774365469797693,0.0006016372115116055)
(-0.0031566550860635824,0.0005982566096613621)
(-0.0031360135116547394,0.000594863244961293)
(-0.0031155121030464108,0.0005914572738029567)
(-0.003095151133888414,0.0005880388527436416)
(-0.003074930872184907,0.0005846081385002719)
(-0.0030548515802977143,0.0005811652879436628)
(-0.0030349135149469893,0.0005777104580912724)
(-0.003015116927211998,0.0005742438061014629)
(-0.002995462062534754,0.0005707654892678249)
(-0.0029759491607183725,0.0005672756650119137)
(-0.0029565784559330336,0.0005637744908780544)
(-0.0029373501767153585,0.0005602621245256858)
(-0.0029182645459725665,0.0005567387237249345)
(-0.0028993217809835372,0.0005532044463487358)
(-0.0028805220934040696,0.0005496594503684759)
(-0.0028618656892664546,0.0005461038938453935)
(-0.002843352768987434,0.0005425379349271388)
(-0.00282498352736664,0.0005389617318391435)
(-0.0028067581535933766,0.0005353754428799981)
(-0.002788676831250337,0.0005317792264151515)
(-0.0027707397383161473,0.0005281732408697777)
(-0.0027529470471712855,0.0005245576447240558)
(-0.0027352989246010448,0.0005209325965059434)
(-0.0027177955318016295,0.0005172982547854821)
(-0.002700437024383412,0.0005136547781692608)
(-0.0026832235523774678,0.0005100023252929539)
(-0.002666155260240426,0.0005063410548167919)
(-0.0026492322868582386,0.0005026711254182444)
(-0.002632454765554536,0.0004989926957870592)
(-0.002615822824094441,0.000495305924618096)
(-0.002599336584691435,0.0004916109706061724)
(-0.002582996164014242,0.00048790799243988493)
(-0.002566801673190203,0.00048419714879562097)
(-0.0025507532178151208,0.00048047859833099895)
(-0.0025348508979596385,0.000476752499679703)
(-0.002519094808174318,0.0004730190114446391)
(-0.002503485037497813,0.0004692782921935378)
(-0.002488021669465048,0.00046553050045088914)
(-0.002472704782113807,0.00046177579469366167)
(-0.0024575344479923324,0.0004580143333450773)
(-0.0024425107341674275,0.0004542462747677662)
(-0.002427633702232814,0.00045047177725942813)
(-0.0024129034083169797,0.0004466909990457977)
(-0.0023983199030921127,0.0004429040982751142)
(-0.00238388323178278,0.00043911123301222546)
(-0.0023695934341728896,0.0004353125612331163)
(-0.0023554505446179708,0.0004315082408191328)
(-0.0023414545920526345,0.00042769842955025616)
(-0.00232760559999765,0.0004238832850999704)
(-0.002313903586574618,0.0004200629650306949)
(-0.0023003485645108125,0.0004162376267852046)
(-0.002286940541151884,0.0004124074276837599)
(-0.0022736795184711968,0.0004085725249166614)
(-0.00226056549307965,0.0004047330755395361)
(-0.0022475984562371305,0.00040088923646671923)
(-0.002234778393861528,0.00039704116446629767)
(-0.002222105286540992,0.0003931890161541612)
(-0.0022095791095452597,0.0003893329479886563)
(-0.0021971998328345808,0.00038547311626465475)
(-0.002184967421072688,0.00038160967710802816)
(-0.002172881833637847,0.00037774278646982517)
(-0.0021609430246358335,0.00037387260012202453)
(-0.0021491509429088194,0.0003699992736501052)
(-0.0021375055320498825,0.00036612296244848774)
(-0.0021260067304149305,0.0003622438217150086)
(-0.002114654471133223,0.00035836200644523463)
(-0.002103448682122387,0.0003544776714279882)
(-0.0020923892860992034,0.0003505909712373765)
(-0.002081476200592453,0.0003467020602305474)
(-0.0020707093379577733,0.0003428110925396328)
(-0.0020600886053894914,0.00033891822206863037)
(-0.002049613904932412,0.00033502360248541187)
(-0.002039285133499112,0.0003311273872190492)
(-0.002029102182880618,0.00032722972945242154)
(-0.0020190649397601548,0.0003233307821181546)
(-0.0020091732857289092,0.0003194306978925648)
(-0.0019994270973001118,0.00031552962919110584)
(-0.00198982624592087,0.0003116277281621047)
(-0.001980370597988839,0.0003077251466824389)
(-0.001971060014867129,0.0003038220363523051)
(-0.0019618943528969335,0.00029991854848932463)
(-0.001952873463415027,0.0002960148341235457)
(-0.0019439971927659313,0.0002921110439929677)
(-0.0019352653823212006,0.00028820732853747073)
(-0.0019266778684901866,0.00028430383789481166)
(-0.0019182344827390055,0.000280400721894406)
(-0.0019099350516048586,0.0002764981300526045)
(-0.0019017793967122916,0.0002725962115678916)
(-0.001893767334788383,0.00026869511531641516)
(-0.001885898677680083,0.0002647949898450696)
(-0.0018781732323702052,0.0002608959833686436)
(-0.0018705908009925946,0.00025699824376355874)
(-0.0018631511808511335,0.00025310191856378877)
(-0.0018558541644338995,0.00024920715495492415)
(-0.0018486995394325063,0.0002453140997701975)
(-0.0018416870887564669,0.00024142289948512558)
(-0.0018348165905532642,0.00023753370021246516)
(-0.0018280878182227185,0.00023364664769844263)
(-0.0018215005404373969,0.0002297618873165764)
(-0.0018150545211581906,0.00022587956406365056)
(-0.0018087495196525837,0.00022199982255518972)
(-0.0018025852905124774,0.00021812280701982785)
(-0.0017965615836729048,0.00021424866129516966)
(-0.0017906781444290624,0.00021037752882417706)
(-0.0017849347134551601,0.0002065095526477818)
(-0.001779331026823429,0.00020264487540249014)
(-0.0017738668160217927,0.00019878363931570534)
(-0.001768541807972651,0.00019492598620012092)
(-0.0017633557250528629,0.00019107205744918734)
(-0.0017583082851102875,0.0001872219940336624)
(-0.0017533992014861085,0.00018337593649626595)
(-0.0017486281830313727,0.0001795340249470377)
(-0.001743994934127284,0.00017569639905916376)
(-0.0017394991547053824,0.00017186319806503333)
(-0.0017351405402656454,0.00016803456075056128)
(-0.0017309187818980059,0.0001642106254525465)
(-0.0017268335663010673,0.00016039153005231513)
(-0.0017228845758021293,0.00015657741197266315)
(-0.0017190714883773596,0.00015276840817375381)
(-0.0017153939776724874,0.0001489646551476862)
(-0.0017118517130232508,0.00014516628891499226)
(-0.001708444359474474,0.00014137344502022047)
(-0.0017051715778021734,0.00013758625852800882)
(-0.0017020330245344306,0.0001338048640186421)
(-0.0016990283519704645,0.00013002939558347707)
(-0.0016961572082033552,0.000126259986821138)
(-0.0016934192371403992,0.0001224967708346124)
(-0.0016908140785243926,0.00011873988022423774)
(-0.0016883413679543231,0.00011498944708692307)
(-0.0016860007369081706,0.0001112456030101104)
(-0.00168379181276288,0.00010750847906780966)
(-0.0016817142188169348,0.00010377820581781207)
(-0.001679767574312448,0.00010005491329624205)
(-0.0016779514944556535,0.00009633873101572293)
(-0.0016762655904397294,0.00009262978795849038)
(-0.0016747094694678146,0.00008892821257534838)
(-0.0016732827347727866,0.00008523413277992562)
(-0.0016719849856417714,0.00008154767594658276)
(-0.0016708158174369235,0.00007786896890439443)
(-0.0016697748216200374,0.0000741981379355473)
(-0.0016688615857723729,0.0000705353087700467)
(-0.0016680756936195864,0.00006688060658282485)
(-0.0016674167250527823,0.00006323415599068414)
(-0.0016668842561540353,0.00005959608104643074)
(-0.0016664778592157521,0.000055966505237577563)
(-0.0016661971027664786,0.000052345551481377174)
(-0.001666041551593617,0.00004873334212237639)
(-0.0016660107667654841,0.00004512999892722901)
(-0.001666104305656194,0.00004153564308256685)
(-0.0016663217219682889,0.000037950395191518386)
(-0.0016666625657567522,0.00003437437526903178)
(-0.001667126383452004,0.000030807702740101216)
(-0.0016677127178841445,0.000027250496434502594)
(-0.0016684211083065055,0.00002370287458558176)
(-0.0016692510904202972,0.000020164954824420537)
(-0.0016702021963973007,0.000016636854179232433)
(-0.0016712739549051899,0.000013118689069787924)
(-0.0016724658911311358,9.610575304961816e-6)
(-0.001673777526806257,6.112628080476107e-6)
(-0.0016752083802298089,2.6249619741948915e-6)
(-0.001676757966292828,-8.523090565378508e-7)
(-0.001678425796504831,-4.3190716773584766e-6)
(-0.0016802113790165087,-7.775213180822763e-6)
(-0.0016821142186443916,-0.000011220621489722022)
