0.0008791386438503495
0.0024994929979528908
0.0047665858206610056
0.0069947424680233345
0.008310036821100661
0.00816884966342766
0.0066854937978026606
0.004526152354828054
0.0024795832214402945
0.0010444870109664105
0.000294792299121665
0.0024994934948787437
0.007444184383245151
0.014838557649960536
0.02272010502814793
0.028123261289419613
0.028768285411339183
0.02447439211228242
0.01720746625445637
0.009781257360097788
0.004271606604383436
0.0012489319727696608
0.004766586624769461
0.01483855713054955
0.03087971570139021
0.04930615420928218
0.06357713063667253
0.06768111517283842
0.059867970379566975
0.04372920475859204
0.025804209180177062
0.011690094399559765
0.0035432485747990765
0.006994744262066002
0.022720106031389384
0.04930615790319923
0.08204621656395784
0.11017645043087199
0.12206224801478663
0.11228841135940548
0.0852412764567886
0.05224341440992136
0.024567415374190636
0.007724900535237584
0.00831003959460045
0.028123264678488955
0.06357714043347061
0.11017645989566778
0.15402880898261875
0.17758323145659263
0.16992909048409913
0.13411852466380533
0.0854213848199525
0.04172367295756385
0.01362072645792969
0.008168852789399769
0.028768290205715426
0.0676811287895375
0.1220622648630881
0.17758324050496938
0.21303970442206102
0.2120828010463877
0.17410006558301033
0.11529789870745936
0.05853828383879766
0.01985687562943307
0.006685496955336078
0.024474398351444254
0.05986798783280034
0.11228843767215203
0.16992911549627582
0.21208282161290454
0.2196699463372569
0.18762664187447997
0.12927805428758013
0.06828077011671507
0.024090554120236543
0.004526154627556304
0.017207471147790705
0.043729218916708966
0.0852412997323971
0.13411854968098255
0.17410008948290068
0.1876266494532436
0.16679716733987454
0.11964666447594831
0.06580061174935745
0.024175017119493093
0.002479584546313764
0.009781260441930275
0.025804218361802404
0.05224343059255197
0.08542140377752047
0.1152979184172312
0.1292780634429478
0.11964666764000423
0.08940630065390973
0.0512519240239261
0.019637186710372297
0.001044487763557787
0.004271608748581666
0.011690100785728894
0.024567427834522995
0.04172369051740486
0.05853830554254178
0.0682807885477568
0.06580062648776945
0.05125193430340446
0.030660391808672156
0.012275000219470552
0.0002947925087849045
0.0012489325912429302
0.0035432505062992395
0.007724904514582176
0.01362073235570147
0.01985688330212355
0.024090561044022615
0.024175022973688617
0.019637191117272138
0.012275000538300294
0.0051484251631633325