33.20285272419679
33.190955002856
33.155298461572094
33.095992728886856
33.013219722814796
32.90723246587342
32.77835344468679
32.626972532344205
32.453544496357665
32.258586119343505
32.04267296338658
31.806435812376048
31.550556829385307
31.275765468373454
30.982834181091366
30.672573961077248
30.345829767027706
30.003475867649506
29.646411149361242
29.275554426960273
28.891839795644376
28.496212060630437
28.08962227810256
27.67302343840838
27.247366319367995
26.81359553432815
26.372645842152476
25.925438457811254
25.47287808523482
25.015849728865124
24.55521601617364
24.09181474294337
23.626456692417452
23.159923727354442
22.692967151509514
22.226306334781494
21.76062759423896
21.296583321471207
20.834791345200834
20.375834516842772
19.920260505690212
19.468581789641615
19.0212758268418
18.578785393277233
18.141519071225265
17.709851873490653
17.284125988551096
16.86465163205836
16.451707990583973
16.04554424403913
15.646380653821991
15.254409704431877
14.869797287027547
14.49268391417754
14.123185955843807
13.761396887443535
13.407388541636472
13.061212356278837
12.72290061176113
12.392467651699791
12.069911081676082
11.755212941405768
11.448340846376539
11.149249095604473
10.857879742734433
10.574163628241495
10.298021370980438
10.02936431777962
9.768095450182676
9.51411024781061
9.267297508146086
9.027540122835656
8.794715810864032
8.568697809180719
8.34935552155441
8.136555126597576
7.9301601460437885
7.730031974476703
7.536030366470991
7.348013914619626
7.165840438641477
6.989367397528637
6.818452241020147
6.652952737172554
6.492727271406944
6.337635118521497
6.187536689140463
6.042293752045305
5.901769633802176
5.765829397063397
5.634339998879746
5.507170472408612
5.38419188447174
5.265277682374935
5.150303628262045
5.039147859326036
4.931691224902932
4.827816791805749
4.7274104316803
4.630360520258177
4.536558246911431
4.445897276780711
4.358273989662764
4.273587419832202
4.191739247771094
4.1126337861322115
4.036177960513178
3.962281285580065
3.8908558370420168
3.8218162199432153
3.755079533705045
3.690565334319534
3.628195594065002
3.5678946590865284
3.5095892051568796
3.453208191908434
3.398682815802729
3.3459464620820967
3.2949346559268395
3.245585013021974
3.1978371897190834
3.151632832962016
3.1069155301290663
3.063630758929576
3.021725837479141
2.9811498746648266
2.941853720899983
2.9037899193573264
2.8669126577588284
2.831177720791593
2.7965424432103494
2.762965663679293
2.7304076793986076
2.6988302015545256
2.668196311625521
2.6384704185716967
2.6096182169293676
2.581606645828154
2.554403848943671
2.5279791353951304
2.5023029415936637
2.4773467940440392
2.4530832730996583
2.4294859776682167
2.4065294908630523
2.3841893465933013
2.362441997084153
2.341264781316868
2.320635894376909
2.3005343576972663
2.2809399901830427
2.2618333802024178
2.2431958584283516
2.2250094715148117
2.207256956590602
2.1899217165536298
2.172987796147989
2.156439858805966
2.1402631642369916
2.1244435467453178
2.108967394258295
2.0938216280469506
2.078993695496614
2.0644715047597706
2.050243471801147
2.036298438743992
2.0226257538827968
2.0092151301787005
1.9960567088610204
1.983141025042122
1.9704589928706469
1.9580018912036552
1.9457613497817312
1.9337293358915144
1.921898141500358
1.9102603708482075
1.8988089284821386
1.887537066320792
1.876438079524436
1.865505881788346
1.854734408994245
1.8441179022590806
1.8336508397373363
1.8233279273752265
1.813144090003436
1.8030944627568872
1.7931743828105244
1.78337938142016
1.773705176257978
1.7641476640324896
1.7547029133830412
1.7453671580393928
1.7361367902369937
1.727008354379046
1.7179785409366461
1.7090441805785728
1.700202238522583
1.6914498091003431
1.682784110528345
1.6742024798774542
1.6657023682339518
1.6572813360451413
1.6489370486429453
1.6406672719389377
1.6324698682846694
1.6243427924912368
1.6162840880023304
1.6082918832150896
1.6003643879434013
1.592499890018412
1.5846967520211632
1.5769534081425525
1.569268361165836
1.5616401795672177
1.5540674947300737
1.546548998268674
1.5390834394572133
1.5316696227603712
1.5243064054614763
1.5169926953846942
1.509727448707699
1.5025096678614553
1.4953383995137712
1.488212732633545
1.4811317966326027
1.4740947595822165
1.4671008265015117
1.460149237714939
1.453239267276307
1.4463702214567529
1.4395414372942632
1.432752281202389
1.4260021476358675
1.4192904578109824
1.4126166584786104
1.405980220747843
1.399380638958288
1.3928174295992044
1.386290130273585
1.3797982987055142
1.37334151178907
1.3669193646772413
1.3605314699091857
1.3541774565744231
1.3478569695125306
1.341569668546853
1.3353152277510307
1.3290933347469212
1.3229036900328017
1.3167460063405678
1.3106200080208412
1.3045254304548477
1.2984620194920187
1.2924295309122837
1.2864277299121236
1.280456390613328
1.2745152955936505
1.268604235438464
1.262723008312509
1.2568714195510093
1.2510492812693197
1.2452564119903864
1.2394926362892702
1.2337577844540473
1.2280516921624653
1.2223742001736118
1.2167251540340627
1.2111044037979293
1.2055118037601222
1.1999472122024095
1.1944104911516669
1.188901506149817
1.1834201260350214
1.1779662227335574
1.1725396710620704
1.1671403485396095
1.1617681352091278
1.156422913468081
1.151104567907593
1.1458129851599659
1.1405480537541195
1.1353096639786007
1.1300977077518692
1.1249120784995257
1.1197526710381673
1.1146193814656447
1.1095121070573273
1.1044307461682166
1.0993751981406072
1.094345363217022
1.0893411424582289
1.0843624376660794
1.0794091513109878
1.0744811864637782
1.069578446731766
1.0647008361988264
1.0598482593693148
1.0550206211155984
1.0502178266290911
1.0454397813745886
1.040686391047755
1.035957561535616
1.0312531988799176
1.0265732092431807
1.0219174988773816
1.0172859740950517
1.012678541242734
1.0080951066766717
1.0035355767405718
0.9989998577454181
0.9944878559511271
0.9899994775500399
0.9855346286521248
0.9810932152717552
0.9766751433160612
0.972280318574709
0.9679086467110295
0.9635600332544689
0.9592343835942367
0.9549316029741187
0.9506515964883663
0.9463942690785834
0.9421595255316272
0.9379472704783596
0.9337574083932526
0.9295898435948435
0.9254444802468401
0.9213212223599957
0.9172199737946196
0.9131406382636602
0.909083119336396
0.9050473204426255
0.9010331448773508
0.8970404958059158
0.893069276269554
0.8891193891913313
0.8851907373824225
0.8812832235487295
0.8773967502977964
0.87353122014596
0.869686535525799
0.8658625987937452
0.8620593122379244
0.8582765780861584
0.8545142985141367
0.8507723756536865
0.8470507116011996
0.8433492084261365
0.8396677681795958
0.8360062929029944
0.8323646846367371
0.8287428454289838
0.8251406773443949
0.8215580824729106
0.8179949629385262
0.8144512209080469
0.8109267585998303
0.8074214782924879
0.8039352823335518
0.8004680731481081
0.7970197532473239
0.7935902252369628
0.7901793918258087
0.7867871558339894
0.7834134202012506
0.7800580879951188
0.7767210624189894
0.7734022468200711
0.7701015446972743
0.766818859708974
0.7635540956806534
0.7603071566124228
0.757077946686459
0.7538663702742866
0.7506723319439417
0.7474957364670191
0.7443364888255983
0.7411944942190137
0.7380696580705148
0.7349618860337975
0.7318710839993703
0.7287971581008379
0.725740014720997
0.7226995604978287
0.7196757023303463
0.7166683473843051
0.7136774030977779
0.7107027771865911
0.7077443776496416
0.7048021127740398
0.7018758911401582
0.6989656216265236
0.6960712134145888
0.6931925759933565
0.6903296191638637
0.6874822530435722
0.6846503880705882
0.6818339350077751
0.6790328049467284
0.6762469093116227
0.6734761598629464
0.6707204687010949
0.6679797482698481
0.665253911359717
0.6625428711112054
0.6598465410178965
0.6571648349294598
0.6544976670545473
0.6518449519635345
0.6492066045912
0.646582540239263
0.6439726745788142
0.6413769236526355
0.6387952038774409
0.6362274320459731
0.6336735253290284
0.631133401277356
0.6286069778234982
0.6260941732834582
0.6235949063583682
0.6211090961359856
0.6186366620921228
0.616177524092004
0.6137316023915131
0.611298817638343
0.6088790908730848
0.6064723435302254
0.604078497439044
0.6016974748244582
0.5993291983077708
0.5969735909073319
0.5946305760391448
0.5923000775174019
0.5899820195549055
0.5876763267634665
0.5853829241542164
0.5831017371378314
0.5808326915247282
0.5785757135251589
0.5763307297492555
0.574097667207022
0.5718764533082547
0.5696670158624118
0.5674692830784102
0.5652831835643761
0.5631086463273498
0.5609456007729242
0.5587939767048269
0.5566537043244684
0.5545247142304277
0.5524069374178916
0.5503003052780532
0.5482047495974579
0.5461202025573143
0.5440465967327403
0.5419838650919973
0.539931940995655
0.5378907581957503
0.5358602508348657
0.5338403534452036
0.5318310009476159
0.5298321286505859
0.5278436722491858
0.5258655678240161
0.5238977518400811
0.5219401611456608
0.519992732971129
0.5180554049277734
0.5161281150065663
0.5142108015768918
0.512303403385292
0.5104058595541544
0.5085181095803706
0.5066400933340042
0.504771751056898
0.5029130233612973
0.501063851228408
0.4992241760069656
0.4973939394118068
0.4955730835223353
0.4937615507810873
0.49195928399218175
0.490166226319802
0.48838232128666165
0.4866075127724233
0.4848417450121604
0.48308496259473194
0.4813371104612039
0.4795981339032389
0.47786797856145147
0.4761465904238074
0.47443391582392713
0.4727299014394916
0.47103449429050515
0.4693476417376814
0.46766929148073016
0.46599939155666953
0.46433789033812845
0.46268473653164127
0.46103987917593087
0.4594032676401959
0.4577748516223879
0.4561545811474842
0.4545424065657328
0.45293827855094737
0.4513421480987441
0.44975396652480626
0.4481736854631303
0.44660125686426133
0.4450366329935958
0.44347976642954806
0.441930610061864
0.4403891170898121
0.43885524102046664
0.4373289356669205
0.4358101551465302
0.43429885387919676
0.43279498658552745
0.4312985082851622
0.42980937429497534
0.4283275402273188
0.4268529619882794
0.42538559577593804
0.423925398078595
0.4224723256730405
0.42102633562281483
0.41958738527644757
0.41815543226573515
0.41673043450399855
0.4153123501843644
0.4139011377780087
0.4124967560324736
0.41109916396990764
0.4097083208853746
0.4083241863451345
0.4069467201849373
0.40557588250831983
0.40421163368490526
0.4028539343487429
0.40150274539656206
0.4001580279861302
0.3988197435345912
0.39748785371675266
0.3961623204634606
0.3948431059599205
0.3935301726440454
0.39222348320481565
0.39092300058063695
0.3896286879577169
0.38834050876841897
0.3870584266896512
0.38578240564126925
0.3845124097844353
0.3832484035200478
0.38199035148713484
0.38073821856127
0.37949196985299677
0.37825157070625465
0.3770169866968135
0.3757881836307161
0.3745651275427396
0.37334778469482033
0.37213612157457143
0.37093010489370837
0.3697297015865522
0.36853487880850466
0.36734560393456345
0.3661618445578023
0.36498356848790875
0.36381074374966677
0.36264333858152425
0.3614813214340889
0.36032466096870713
0.3591733260559789
0.35802728577435283
0.3568865094086615
0.3557509664487051
0.35462062658784865
0.3534954597215849
0.3523754359461549
0.35126052555714743
0.3501506990481172
0.34904592710920146
0.34794618062573845
0.3468514306769332
0.3457616485344978
0.3446768056612772
0.34359687370995073
0.34252182452169266
0.3414516301248219
0.34038626273353323
0.3393256947465536
0.3382698987458761
0.3372188474954632
0.33617251393993514
0.3351308712033553
0.3340938925879123
0.33306155157268436
0.33203382181240776
0.3310106771361968
0.3299920915463535
0.3289780392171042
0.3279684944934103
0.32696343188975485
0.3259628260889243
0.32496665194082835
0.32397488446133915
0.3229874988310474
0.3220044703941642
0.3210257746573118
0.32005138728839305
0.3190812841154354
0.31811544112545287
0.3171538344633225
0.3161964404306367
0.31524323548463423
0.3142941962370186
0.3133492994529447
0.31240852204985214
0.31147184109642895
0.3105392338114954
0.30961067756296223
0.30868614986674736
0.3077656283857302
0.3068490909286976
0.3059365154493161
0.30502788004507153
0.3041231629562614
0.3032223425649721
0.302325397394065
0.30143230610615673
0.3005430475026549
0.2996576005227272
0.29877594424233367
0.29789805787327683
0.2970239207621698
0.29615351238952536
0.29528681236877974
0.2944238004453396
0.29356445649564666
0.29270876052623346
0.29185669267280195
0.29100823319929225
0.29016336249697167
0.28932206108352276
0.2884843096021486
0.2876500888206557
0.28681937963057774
0.2859921630462964
0.28516842020416117
0.28434813236160555
0.28353128089628965
0.2827178473052566
0.2819078132040576
0.28110116032592514
0.2802978705209135
0.2794979257550917
0.2787013081096832
0.27790799978027836
0.2771179830759917
0.2763312404186668
0.27554775434207956
0.2747675074911172
0.2739904826210086
0.2732166625965305
0.2724460303912245
0.2716785690866353
0.27091426187153
0.27015309204112326
0.26939504299636935
0.2686400982431439
0.2678882413915515
0.2671394561551575
0.266393726350266
0.2656510358951774
0.2649113688094888
0.26417470921333885
0.26344104132674945
0.26271034946883315
0.2619826180571835
0.26125783160711935
0.26053597473101675
0.2598170321376018
0.25910098863129255
0.25838782911151204
0.2576775385719977
0.2569701021001853
0.25626550487647853
0.2555637321736671
0.254864769356198
0.25416860187960805
0.2534752152898061
0.252784595222486
0.25209672740248906
0.2514115976431507
0.25072919184569753
0.25004949599864107
0.2493724961771252
0.24869817854236467
0.24802652934099562
0.24735753490450796
0.24669118164863965
0.24602745607277532
0.24536634475938868
0.24470783437342528
0.244051911661751
0.24339856345255695
0.24274777665482025
0.24209953825771424
0.24145383533005307
0.24081065501973592
0.24016998455321173
0.23953181123490166
0.2388961224466837
0.23826290564732822
0.2376321483719903
0.23700383823164733
0.23637796291259322
0.23575451017591417
0.23513346785695935
0.2345148238648171
0.23389856618184043
0.23328468286310197
0.23267316203589147
0.23206399189924962
0.23145716072342745
0.2308526568494197
0.23025046868848778
0.22965058472162445
0.22905299349914368
0.22845768364013216
0.22786464383201782
0.22727386283009698
0.22668532945703102
0.22609903260244824
0.22551496122241121
0.22493310433901192
0.2243534510398876
0.22377599047778052
0.22320071187012439
0.2226276044985181
0.22205665770838665
0.2214878609084664
0.2209212035704086
0.22035667522834027
0.2197942654784503
0.21923396397853379
0.21867576044761133
0.2181196446654757
0.21756560647231463
0.21701363576825247
0.21646372251298218
0.21591585672535785
0.2153700284829643
0.21482622792174919
0.21428444523559706
0.21374467067596642
0.2132068945514826
0.21267110722756008
0.21213729912599888
0.21160546072462683
0.21107558255690873
0.2105476552115666
0.21002166933222707
0.20949761561702826
0.20897548481825867
0.2084552677420033
0.20793695524776076
0.20742053824811246
0.2069060077083338
0.20639335464608186
0.2058825701309959
0.20537364528438454
0.20486657127885607
0.20436133933800793
0.2038579407360409
0.2033563667974695
0.20285660889672527
0.20235865845790288
0.20186250695435007
0.20136814590837793
0.2008755668909603
0.20038476152135062
0.19989572146680765
0.19940843844225364
0.1989229042099737
0.19843911057927482
0.19795704940620656
0.19747671259324956
0.19699809208896288
0.19652117988773105
0.1960459680294525
0.19557244859920309
0.19510061372699636
0.19463045558741696
0.19416196639940136
0.19369513842587888
0.19322996397353562
0.1927664353924871
0.19230454507603495
0.19184428546032667
0.19138564902412245
0.1909286282885067
0.19047321581659224
0.1900194042132585
0.18956718612488685
0.18911655423907575
0.18866750128438714
0.188220020030039
0.18777410328568736
0.18732974390115795
0.18688693476615506
0.186445668810021
0.1860059390014965
0.18556773834841991
0.18513105989751025
0.18469589673410886
0.18426224198192365
0.18383008880277338
0.18339943039637271
0.18297026000002214
0.1825425708884649
0.18211635637354306
0.18169160980403073
0.1812683245653482
0.18084649407936745
0.18042611180415538
0.18000717123374116
0.1795896658978675
0.17917358936182592
0.17875893522614567
0.17834569712642967
0.1779338687331086
0.1775234437512029
0.17711441592013433
0.17670677901348297
0.1763005268387749
0.17589565323726084
0.1754921520837115
0.17509001728622164
0.17468924278594514
0.1742898225569229
0.17389175060589582
0.1734950209720169
0.1730996277267658
0.17270556497361442
0.1723128268479314
0.17192140751671944
0.1715313011784249
0.17114250206276288
0.17075500443050062
0.17036880257325077
0.1699838908133211
0.16960026350346047
0.1692179150267214
0.16883683979623973
0.16845703225506192
0.16807848687593588
0.16770119816114745
0.16732516064233854
0.16695036888028955
0.1665768174647695
0.16620450101436143
0.16583341417624708
0.1654635516260385
0.1650949080676384
0.16472747823302733
0.1643612568820963
0.16399623880246036
0.1636324188093354
0.1632697917453127
0.16290835248020286
0.16254809591089045
0.16218901696114402
0.16183111058144994
0.16147437174886833
0.16111879546684085
0.16076437676506164
0.1604111106992698
0.16005899235113172
0.15970801682805522
0.15935817926305548
0.15900947481457514
0.1586618986663414
0.15831544602719386
0.15797011213096002
0.15762589223626974
0.15728278162643503
0.15694077560927114
0.15659986951696708
0.15626005870592952
0.1559213385566358
0.15558370447347827
0.15524715188463778
0.1549116762419217
0.15457727302063295
0.15424393771941686
0.1539116658601323
0.15358045298769166
0.15325029466994536
0.15292118649751607
0.15259312408369696
0.15226610306427388
0.15194011909741795
0.1516151678635412
0.15129124506516747
0.15096834642678933
0.1506464676947416
0.15032560463708153
0.15000575304342612
0.1496869087248738
0.14936906751381657
0.14905222526386644
0.14873637784968086
0.14842152116688143
0.14810765113189509
0.14779476368184596
0.1474828547744244
0.147171920387772
0.1468619565203562
0.1465529591908478
0.1462449244380075
0.14593784832054527
0.14563172691703608
0.1453265563257798
0.14502233266467243
0.14471905207114574
0.14441671070197795
0.1441153047332193
0.14381483036005707
0.14351528379676604
0.14321666127651575
0.14291895905128973
0.14262217339179017
0.14232630058730075
0.14203133694561518
0.14173727879287276
0.1414441224735038
0.14115186435009464
0.14086050080329487
0.14057002823170356
0.1402804430517547
0.13999174169763012
0.13970392062116316
0.13941697629169383
0.1391309051960364
0.1388457038382856
0.13856136873982106
0.13827789643910735
0.13799528349167217
0.13771352646995547
0.1374326219632462
0.13715256657756117
0.13687335693555433
0.1365949896764336
0.136317461455848
0.13604076894581085
0.1357649088345757
0.1354898778265756
0.13521567264230888
0.13494229001825897
0.1346697267067951
0.13439797947607857
0.13412704510998352
0.13385692040800304
0.13358760218513496
0.13331908727184483
0.13305137251392024
0.1327844547724296
0.13251833092360116
0.13225299785878122
0.13198845248426186
0.13172469172130563
0.13146171250597563
0.13119951178910522
0.13093808653614805
0.1306774337271946
0.13041755035679478
0.13015843343391875
0.12990007998187966
0.12964248703822545
0.12938565165470733
0.12912957089712843
0.12887424184534074
0.1286196615931039
0.12836582724804235
0.1281127359315456
0.12786038477872816
0.1276087709382964
0.12735789157252086
0.12710774385713014
0.12685832498125804
0.1266096321473463
0.12636166257109688
0.12611441348135455
0.12586788212008723
0.12562206574227558
0.1253769616158383
0.12513256702159622
0.12488887925317131
0.12464589561690027
0.12440361343180018
0.12416203002949225
0.12392114275409997
0.12368094896221521
0.12344144602281877
0.12320263131719428
0.1229645022388856
0.12272705619360494
0.12249029059920129
0.12225420288554327
0.12201879049450162
0.12178405087984445
0.12154998150720497
0.12131657985399319
0.12108384340932468
0.12085176967399115
0.12062035616036207
0.12038960039232918
0.12015949990525764
0.11993005224591936
0.11970125497240636
0.11947310565409718
0.11924560187158322
0.11901874121661908
0.11879252129202202
0.11856693971168253
0.11834199410044202
0.11811768209404577
0.11789400133910442
0.11767094949302205
0.11744852422393089
0.11722672321065092
0.11700554414261743
0.1167849847198346
0.11656504265278617
0.1163457156624344
0.11612700148010784
0.1159088978474946
0.11569140251653919
0.11547451324942794
0.11525822781851101
0.11504254400625147
0.11482745960516522
0.11461297241779415
0.11439908025661365
0.11418578094399906
0.11397307231219214
0.11376095220320545
0.11354941846879316
0.1133384689704141
0.11312810157914807
0.1129183141756761
0.11270910465020327
0.11250047090241329
0.11229241084143939
0.11208492238578166
0.11187800346327954
0.11167165201105132
0.11146586597546386
0.11126064331206068
0.1110559819855164
0.11085187996959295
0.11064833524709863
0.1104453458098456
0.11024290965856552
0.11004102480290402
0.10983968926135396
0.10963890106121593
0.10943865823853693
0.10923895883809004
0.10903980091329503
0.10884118252622253
0.10864310174748265
0.10844555665624904
0.10824854534014802
0.10805206589526714
0.10785611642608249
0.10766069504544261
0.10746579987447046
0.10727142904258839
0.10707758068741564
0.1068842529547735
0.10669144399859608
0.1064991519809434
0.10630737507189206
0.10611611144956155
0.10592535930002776
0.10573511681728727
0.10554538220323349
0.10535615366760756
0.10516742942794426
0.10497920770955975
0.10479148674547972
0.10460426477642279
0.10441754005076141
0.10423131082445204
0.10404557536104424
0.10386033193158356
0.10367557881465166
0.10349131429622402
0.10330753666973781
0.10312424423597555
0.10294143530306722
0.10275910818644278
0.1025772612087789
0.10239589270001347
0.10221500099722726
0.10203458444467613
0.10185464139374133
0.10167517020285173
0.10149616923750154
0.10131763687017677
0.1011395714803619
0.10096197145443236
0.10078483518570204
0.1006081610743401
0.10043194752732792
0.10025619295846223
0.10008089578829518
0.09990605444410822
0.09973166735986655
0.0995577329762097
0.09938424974038915
0.0992112161062525
0.09903863053421101
0.09886649149118551
0.0986947974506247
0.09852354689240406
0.0983527383028352
0.09818237017463675
0.09801244100687583
0.09784294930496124
0.09767389358060152
0.0975052723517637
0.09733708414266139
0.0971693274837234
0.09700200091153348
0.09683510296883521
0.09666863220445862
0.09650258717335733
0.09633696643650742
0.09617176856093343
0.09600699211961676
0.0958426356915245
0.09567869786157467
0.09551517722054692
0.09535207236512921
0.0951893818978326
0.09502710442701648
0.09486523856678525
0.0947037829370402
0.09454273616339515
0.09438209687716456
0.09422186371534738
0.09406203532058545
0.09390261034113928
0.09374358743085391
0.09358496524914586
0.09342674246097492
0.09326891773679272
0.09311148975254593
0.09295445718963231
0.09279781873487875
0.09264157308050584
0.09248571892413596
0.09233025496870323
0.09217517992249866
0.09202049249908982
0.09186619141732401
0.09171227540130239
0.09155874318031106
0.09140559348889571
0.09125282506670167
0.09110043665857094
0.09094842701442894
0.09079679488933402
0.09064553904337128
0.09049465824170133
0.09034415125449574
0.0901940168569338
0.09004425382914721
0.08989486095623929
0.08974583702820568
0.08959718083999506
0.08944889119138727
0.08930096688703038
0.0891534067364077
0.08900620955381441
0.08885937415832118
0.08871289937375942
0.08856678402870805
0.08842102695645788
0.08827562699497665
0.08813058298693865
0.08798589377963999
0.08784155822500805
0.08769757517958633
0.08755394350447326
0.08741066206536381
0.08726772973247574
0.08712514538052893
0.08698290788876273
0.0868410161408792
0.08669946902503446
0.0865582654338216
0.08641740426424313
0.08627688441767876
0.08613670479990583
0.08599686432102278
0.08585736189546922
0.08571819644199269
0.08557936688362076
0.08544087214766469
0.08530271116566272
0.08516488287339276
0.08502738621084271
0.08489022012216729
0.08475338355571506
0.08461687546397635
0.08448069480355307
0.08434484053517632
0.08420931162364956
0.08407410703787291
0.08393922575077227
0.08380466673932924
0.08367042898450425
0.08353651147130564
0.08340291318867386
0.083269633129531
0.08313667029071602
0.08300402367302022
0.08287169228112747
0.08273967512358911
0.0826079712128417
0.0824765795651585
0.08234549920066979
0.08221472914327735
0.08208426842072747
0.08195411606449103
0.0818242711098621
0.08169473259582596
0.0815654995651116
0.08143657106415961
0.08130794614310197
0.08117962385574552
0.08105160325955384
0.0809238834156339
0.08079646338871219
0.08066934224713078
0.08054251906281622
0.08041599291126074
0.0802897628715466
0.08016382802626125
0.08003818746154297
0.0799128402670238
0.07978778553584155
0.07966302236460414
0.07953854985337322
0.07941436710569119
0.07929047322849071
0.07916686733213239
0.0790435485303884
0.0789205159404027
0.078797768682681
0.07867530588109652
0.0785531266628528
0.07843123015848552
0.07830961550182013
0.07818828182999454
0.07806722828340337
0.07794645400572738
0.07782595814385823
0.0777057398479759
0.0775857982714386
0.0774661325708193
0.07734674190588758
0.07722762543956059
0.07710878233797085
0.0769902117703408
0.07687191290906795
0.07675388492964255
0.07663612701066456
0.07651863833384434
0.0764014180839365
0.07628446544879025
0.07616777961927718
0.07605135978933207
0.07593520515588904
0.07581931491890927
0.0757036882813398
0.07558832444909402
0.0754732226310913
0.07535838203918103
0.07524380188816193
0.07512948139575155
0.07501541978259671
0.07490161627226057
0.07478807009114022
0.07467478046858246
0.07456174663677242
0.07444896783072333
0.07433644328830986
0.07422417225023767
0.07411215396001283
0.07400038766395384
0.07388887261118163
0.07377760805354984
0.07366659324572122
0.07355582744511573
0.07344530991184157
0.07333503990879651
0.07322501670155289
0.07311523955841133
0.07300570775035786
0.07289642055106686
0.07278737723686902
0.0726785770867524
0.07257001938237796
0.07246170340801955
0.07235362845056033
0.07224579379952376
0.07213819874702265
0.07203084258775982
0.07192372461900073
0.07181684414060986
0.0717102004549785
0.0716037928670552
0.0714976206843051
0.07139168321674483
0.07128597977688499
0.07118050967972948
0.07107527224278389
0.07097026678603287
0.07086549263192383
0.07076094910535613
0.07065663553368091
0.07055255124669883
0.07044869557662119
0.07034506785806416
0.07024166742807197
0.0701384936260889
0.07003554579389795
0.0699328232757082
0.06983032541806035
0.06972805156985935
0.06962600108235263
0.06952417330913058
0.06942256760608279
0.06932118333143013
0.06922001984570343
0.06911907651170644
0.06901835269454444
0.06891784776158637
0.06881756108246809
0.06871749202908174
0.06861763997557041
0.06851800429830486
0.06841858437587668
0.06831937958910071
0.06822038932101836
0.068121612956822
0.06802304988394138
0.0679246994919461
0.06782656117260814
0.06772863431984348
0.06763091832971325
0.06753341260043148
0.06743611653235139
0.0673390295279446
0.06724215099177909
0.06714548033056358
0.06704901695308278
0.06695276027021485
0.06685670969490393
0.0667608646422082
0.06666522452919395
0.06656978877502404
0.0664745568008712
0.0663795280299847
0.06628470188761078
0.06619007780100851
0.06609565519948832
0.06600143351432176
0.06590741217881187
0.06581359062819768
0.06571996829975504
0.06562654463268104
0.06553331906816424
0.06544029104933094
0.06534746002125924
0.06525482543096245
0.06516238672737172
0.06507014336135618
0.06497809478569312
0.06488624045505137
0.06479457982601987
0.06470311235706336
0.06461183750850304
0.0645207547425894
0.06442986352340564
0.06433916331685517
0.0642486535907922
0.06415833381480923
0.06406820346038754
0.06397826200081494
0.06388850891124759
0.06379894366857815
0.06370956575154178
0.0636203746407083
0.06353136981836635
0.06344255076863374
0.06335391697738155
0.06326546793227669
0.06317720312272006
0.06308912203987425
0.06300122417664425
0.06291350902768968
0.06282597608940241
0.06273862485986637
0.06265145483892214
0.06256446552809732
0.062477656430639496
0.06239102705148357
0.06230457689725589
0.06221830547626407
0.06213221229850721
0.06204629687563756
0.061960558720962684
0.061874997349465055
0.06178961227778027
0.06170440302417831
0.06161936910854795
0.06153451005243538
0.06144982537899168
0.061365314612994416
0.06128097728081334
0.06119681291045622
0.06111282103148768
0.06102900117509243
0.060945352874013925
0.06086187566260047
0.06077856907675069
0.06069543265394073
0.060612465933193055
0.06052966845508944
0.060447039761756916
0.06036457939686821
0.06028228690562218
0.06020016183474146
0.06011820373248626
0.06003641214861456
0.05995478663439899
0.05987332674262734
0.05979203202755854
0.05971090204496689
0.05962993635210895
0.059549134507711744
0.05946849607197478
0.05938802060656761
0.059307707674640324
0.05922755684076117
0.05914756767098845
0.05906773973278546
0.058988072595093956
0.058908565828251894
0.05882921900405836
0.058750031695695266
0.058671003477801346
0.05859213392641422
0.05851342261894823
0.05843486913425185
0.058356473052533796
0.058278233955438505
0.05820015142594103
0.05812222504842694
0.058044454408645765
0.05796683909371497
0.0578893786921026
0.057812072793636086
0.05773492098951286
0.05765792287224311
0.05758107803569468
0.05750438607508017
0.05742784658691929
0.057351459169069786
0.05727522342069769
0.05719913894230113
0.05712320533567022
0.05704742220389785
0.05697178915138848
0.05689630578383377
0.05682097170820935
0.056745786532766615
0.05667074986707281
0.05659586132191535
0.05652112050938268
0.056446527042821486
0.05637208053683777
0.05629778060729197
0.05622362687128332
0.056149618947153555
0.05607575645450864
0.056002039014157776
0.05592846624816177
0.0558550377797972
0.05578175323354918
0.05570861223515017
0.055635614411500015
0.05556275939075366
0.05549004680222633
0.05541747627643299
0.055345047445117326
0.055272759941157455
0.05520061339866368
0.055128607452896355
0.05505674174030137
0.05498501589847374
0.05491342956619919
0.05484198238342423
0.054770673991208337
0.054699504031822783
0.05462847214865029
0.054557577986214086
0.05448682119018621
0.05441620140737228
0.054345718285715244
0.05427537147425069
0.05420516062318732
0.0541350853837988
0.05406514540849598
0.053995340350810245
0.05392566986535747
0.0538561336078422
0.05378673123510694
0.05371746240503854
0.053648326776639006
0.05357932400999069
0.05351045376625205
0.05344171570763733
0.0533731094974696
0.05330463480010098
0.05323629128098304
0.05316807860660087
0.053099996444491135
0.05303204446326433
0.05296422233255149
0.05289652972304795
0.05282896630647141
0.05276153175558867
0.05269422574419627
0.05262704794710047
0.05255999804014543
0.05249307570021279
0.0524262806051561
0.05235961243388308
0.052293070866275354
0.05222665558324664
0.05216036626668442
0.05209420259950528
0.05202816426559917
0.05196225094983753
0.05189646233810123
0.051830798117223534
0.05176525797505412
0.05169984160037636
0.05163454868296836
0.051569378913580294
0.051504331983907144
0.051439407586616276
0.05137460541532647
0.0513099251646275
0.051245366530026225
0.051180929208003094
0.05111661289596941
0.05105241729226941
0.05098834209619704
0.0509243870079848
0.050860551728765364
0.05079683596061059
0.050733239406525174
0.050669761770411645
0.050606402757114026
0.05054316207237184
0.05048003942282028
0.05041703451602705
0.05035414706042808
0.050291376765400145
0.050228723341183355
0.05016618649890465
0.050103765950611064
0.050041461409198476
0.04997927258848503
0.04991719920312037
0.04985524096866772
0.04979339760155113
0.049731668819065065
0.04967005433934338
0.04960855388142834
0.04954716716519617
0.049485893911365784
0.04942473384153132
0.049363686678154294
0.04930275214448848
0.04924192996467616
0.04918121986369649
0.04912062156734638
0.049060134802272184
0.04899975929594705
0.04893949477668274
0.04887934097358569
0.04881929761663529
0.04875936443657838
0.04869954116502668
0.048639827534371134
0.04858022327782108
0.04852072812939915
0.04846134182394256
0.048402064097054324
0.04834289468518248
0.04828383332554816
0.04822487975614871
0.04816603371581233
0.0481072949441311
0.048048663181477304
0.04799013816900423
0.04793171964868145
0.04787340736319948
0.047815201056057674
0.04775710047153336
0.04769910535463097
0.047641215451158556
0.047583430507664407
0.047525750271485624
0.04746817449068397
0.04741070291408687
0.047353335291274355
0.047296071372590544
0.04723891090909054
0.047181853652607665
0.047124899355700044
0.047068047771662895
0.047011298654542504
0.04695465175909506
0.04689810684082549
0.0468416636559568
0.04678532196145156
0.04672908151497442
0.04667294207490809
0.0466169034003923
0.04656096525124247
0.04650512738799584
0.04644938957189595
0.04639375156491337
0.04633821312971334
0.046282774029650545
0.046227434028786006
0.046172192891908895
0.04611705038444665
0.04606200627257056
0.04600706032310519
0.045952212303586204
0.045897461982226835
0.045842809127925224
0.04578825351026949
0.04573379489948914
0.045679433066541264
0.04562516778300648
0.0455709988211708
0.04551692595399287
0.04546294895505907
0.04540906759866432
0.045355281659735194
0.04530159091385764
0.045247995137302106
0.045194494106962343
0.04514108760039786
0.04508777539581832
0.04503455727209638
0.04498143300871212
0.04492840238584646
0.04487546518423713
0.04482262118534548
0.0447698701712326
0.04471721192458169
0.04466464622873181
0.044612172867640756
0.04455979162589416
0.04450750228870715
0.04445530464192004
0.04440319847197612
0.04435118356597573
0.044299259711601965
0.044247426697146965
0.044195684311558556
0.04414403234436068
0.044092470585687445
0.044040998826288216
0.04398961685752302
0.04393832447134387
0.04388712146028531
0.0438360076175296
0.04378498273680427
0.04373404661245665
0.04368319903943687
0.043632439813235106
0.04358176873000662
0.043531185586396834
0.04348069017973814
0.04343028230785786
0.04337996176922325
0.04332972836284659
0.043279581888320824
0.04322952214582589
0.043179548936095075
0.043129662060439
0.04307986132075294
0.04303014651947285
0.04298051745960903
0.04293097394476133
0.04288151577902866
0.04283214276711331
0.04278285471426054
0.042733651426293484
0.042684532709550735
0.04263549837094314
0.04258654821793062
0.042537682058513375
0.042488899701231875
0.0424402009551903
0.04239158563000986
0.042343053535880235
0.042294604483484564
0.042246238284103496
0.0421979547495035
0.042149753691979035
0.04210163492440395
0.042053598260144126
0.04200564351308539
0.04195777049766727
0.0419099790288296
0.04186226892205151
0.041814639993317464
0.04176709205913846
0.04171962493653077
0.04167223844305401
0.04162493239674409
0.04157770661618724
0.04153056092042863
0.041483495129067564
0.04143650906218682
0.04138960254038672
0.0413427753847477
0.04129602741687498
0.04124935845887458
0.04120276833332408
0.041156256863315206
0.04110982387244419
0.041063469184773944
0.04101719262487599
0.04097099401782042
0.04092487318913158
0.040878829964863375
0.040832864171506646
0.04078697563608078
0.04074116418606169
0.04069542964941176
0.04064977185456101
0.04060419063043044
0.04055868580640434
0.04051325721234894
0.04046790467860788
0.04042262803598256
0.040377427115741896
0.040332301749637034
0.04028725176986419
0.04024227700910463
0.04019737730048045
0.04015255247760017
0.0401078023745164
0.04006312682574161
0.04001852566623225
0.03997399873142637
0.03992954585719234
0.03988516687986827
0.03984086163622434
0.03979662996350473
0.03975247169936524
0.039708386681952604
0.039664374749822075
0.03962043574198444
0.039576569497887716
0.039532775857433325
0.03948905466094736
0.03944540574918791
0.039401828963371716
0.039358324145142606
0.03931489113657092
0.03927152978014591
0.03922823991881783
0.03918502139594713
0.03914187405531715
0.039098797741138266
0.03905579229806828
0.039012857571175286
0.03896999340591956
0.03892719964822748
0.038884476144425736
0.03884182274125761
0.03879923928587388
0.03875672562585701
0.038714281609182374
0.038671907084275835
0.03862960189992886
0.03858736590537942
0.038545198950251276
0.03850310088458567
0.03846107155881724
0.03841911082379257
0.03837721853076949
0.03833539453141537
0.03829363867776465
0.03825195082226651
0.03821033081777692
0.03816877851756199
0.038127293775238706
0.03808587644485152
0.038044526380838
0.03800324343800464
0.03796202747158859
0.037920878337158216
0.0378797958907211
0.03783877998865185
0.03779783048770629
0.0377569472450411
0.037716130118168725
0.03767537896499096
0.03763469364382198
0.03759407401331867
0.03755351993252183
0.037513031260863416
0.0374726078581391
0.0374322495845172
0.03739195630055593
0.037351727867170594
0.037311564145638
0.037271464997627936
0.03723143028518036
0.03719145987065899
0.03715155361684678
0.0371117113868611
0.0370719330441904
0.037032218452717876
0.03699256747659894
0.03695297998045701
0.03691345582921729
0.036873994888129785
0.0368345970228996
0.03679526209948868
0.036755989984280805
0.03671678054397226
0.036677633645653504
0.03663854915670265
0.036599526944913634
0.03656056687837056
0.03652166882556823
0.03648283265530811
0.03644405823674888
0.036405345439377096
0.03636669413303707
0.03632810418792861
0.036289575474579304
0.03625110786383248
0.03621270122692985
0.03617435543538818
0.03613607036112362
0.036097845876326445
0.03605968185354797
0.03602157816570289
0.03598353468599228
0.03594555128796947
0.035907627845515995
0.03586976423287102
0.035831960324550265
0.0357942159954171
0.035756531120698744
0.03571890557589266
0.03568133923685877
0.035643831979771515
0.035606383681114684
0.035568994217710787
0.035531663466687964
0.03549439130550725
0.035457177611944106
0.03542002226408243
0.03538292514033995
0.03534588611944996
0.03530890508043501
0.035271981902648304
0.0352351164657769
0.035198308649774676
0.03516155833494354
0.03512486540187214
0.03508822973148606
0.03505165120498732
0.03501512970389353
0.03497866511005508
0.034942257305573585
0.03490590617291721
0.03486961159480771
0.03483337345430343
0.03479719163473823
0.03476106601976081
0.03472499649332512
0.03468898293965733
0.03465302524329889
0.034617123289115787
0.03458127696220864
0.034545486148035175
0.03450975073228788
0.034474070601022824
0.03443844564050785
0.03440287573736218
0.03436736077847351
0.034331900651015754
0.034296495242474016
0.03426114444057651
0.03422584813339159
0.034190606209247826
0.034155418556738676
0.034120285064786295
0.034085205622553356
0.03405018011951923
0.03401520844542287
0.0339802904902947
0.03394542614443122
0.03391061529844281
0.0338758578431736
0.03384115366976772
0.03380650266965214
0.03377190473449562
0.03373735975631471
0.03370286762730342
0.033668428240008506
0.033634041487222224
0.033599707261989305
0.03356542545764582
0.033531195967780834
0.03349701868628479
0.03346289350728682
0.03342882032519486
0.03339479903468811
0.03336082953069904
0.033326911708428684
0.033293045463343975
0.03325923069118074
0.033225467287947875
0.033191755149871605
0.03315809417350733
0.033124484255586215
0.03309092529318408
0.03305741718358409
0.033023959824324656
0.03299055311325318
0.03295719694839772
0.032923891228111256
0.03289063585094763
0.03285743071577177
0.032824275721642864
0.03279117076790137
0.032758115754132684
0.03272511058019683
0.032692155146194564
0.032659249352423224
0.03262639309951851
0.032593586288293355
0.032560828819836705
0.03252812059549187
0.032495461516821464
0.0324628514856663
0.03243029040406664
0.03239777817436419
0.03236531469910497
0.032332899881074524
0.032300533623330435
0.032268215829131044
0.032235946402003085
0.03220372524571768
0.03217155226425588
0.0321394273618592
0.032107350442996986
0.03207532141237751
0.03204334017495916
0.03201140663590166
0.031979520700643214
0.031947682274811505
0.03191589126429635
0.03188414757520796
0.03185245111389681
0.03182080178694044
0.03178919950115312
