(-19.56108528613324,4.586165723139295e-13)
(-19.558937668932938,0.11464335518611436)
(-19.552497841993954,0.22922351527068194)
(-19.541774867418493,0.3436774462342111)
(-19.526783809189887,0.45794243529608253)
(-19.507545674209563,0.571956249236615)
(-19.48408733037983,0.6856572899868965)
(-19.45644140235387,0.7989847466189772)
(-19.424646145738482,0.9118787429043267)
(-19.388745300689628,1.0242804796521152)
(-19.34878792598379,1.1361323710897757)
(-19.30482821477765,1.2473781746056496)
(-19.25692529338457,1.3579631132364984)
(-19.20514300449581,1.4678339903503226)
(-19.14954967635805,1.576939296046371)
(-19.090217879485675,1.6852293048683638)
(-19.027224172535455,1.7926561645028958)
(-18.960648839003643,1.8991739752116754)
(-18.89057561642098,2.004738859822743)
(-18.81709141971959,2.1093090241812145)
(-18.740286060429202,2.2128448080334877)
(-18.660251963328083,2.315308726389514)
(-18.57708388212868,2.41666550147492)
(-18.49087861571961,2.5168820854478238)
(-18.401734726416496,2.6159276741136708)
(-18.309752261594607,2.7137737119248233)
(-18.21503247998898,2.8103938885996245)
(-18.11767758385289,2.90576412773811)
(-18.01779045806601,2.9998625678481186)
(-17.915474417179443,3.092669536226435)
(-17.810832961278763,3.184167516164576)
(-17.70396954143843,3.274341107968253)
(-17.594987335434013,3.3631769842934247)
(-17.483989034271687,3.450663840310415)
(-17.37107663999143,3.5367923392113294)
(-17.256351275099185,3.6215550535749417)
(-17.139913003886708,3.7049464030980603)
(-17.02186066580615,3.7869625891932186)
(-16.902291720979687,3.8676015269399806)
(-16.781302107843754,3.9468627748614957)
(-16.658986112852933,4.024747462979663)
(-16.5354362520999,4.101258219581726)
(-16.410743164646284,4.176399097108778)
(-16.28499551730372,4.250175497552871)
(-16.158279920555685,4.322594097724451)
(-16.030680855268038,4.39366277472629)
(-15.902280609800014,4.463390531943934)
(-15.773159227096947,4.531787425836487)
(-15.64339446132135,4.598864493785454)
(-15.513061743559632,4.664633683233546)
(-15.382234156127584,4.729107782320232)
(-15.251004594661334,4.7923055948332705)
(-15.11939771003693,4.854231233500338)
(-14.987501001983494,4.914904546436905)
(-14.855378056274601,4.974341028440902)
(-14.723090093190432,5.032556696301178)
(-14.590695983120995,5.0895680314515666)
(-14.45825226737169,5.14539192493881)
(-14.325813183716145,5.200045624744879)
(-14.193430696255929,5.253546685488938)
(-14.061154529162225,5.305912920520233)
(-13.92903220389194,5.357162356400435)
(-13.797109079488363,5.407313189762418)
(-13.665428395595493,5.45638374652215)
(-13.53403131783393,5.504392443411193)
(-13.40295698520592,5.5513577517891575)
(-13.272242559216426,5.597298163688447)
(-13.14192327441673,5.642232160037517)
(-13.01203249009614,5.6861781810036245)
(-12.882601742866436,5.729154598391835)
(-12.753660799902152,5.77117969003342)
(-12.625237712617764,5.812271616093991)
(-12.497358870580456,5.852448397229586)
(-12.37004905547365,5.8917278945174045)
(-12.243331523128576,5.930127801660207)
(-12.117227944282158,5.967665586081386)
(-11.991758627080916,6.0043585367763095)
(-11.866942456747843,6.040223708699038)
(-11.742796975829933,6.0752779208894845)
(-11.619338435442257,6.109537745489324)
(-11.49658184568122,6.143019498016278)
(-11.374541025130727,6.175739228826828)
(-11.253228649395197,6.207712715699143)
(-11.13265629860293,6.238955457469871)
(-11.012834503832051,6.269482668660465)
(-10.893772792419455,6.299309275030745)
(-10.775479732120727,6.328449909999715)
(-10.657962974095987,6.356918911875778)
(-10.541229294701967,6.384730321840762)
(-10.42528463607937,6.411897882634754)
(-10.31013414552496,6.438435037890564)
(-10.19578221364738,6.464354932069399)
(-10.082232511307087,6.489670410951406)
(-9.969488025345719,6.514394022637004)
(-9.857551093113427,6.538538019017223)
(-9.746423435805761,6.56211435767334)
(-9.636106190624568,6.585134704168352)
(-9.526599941779498,6.607610434694771)
(-9.417904750349132,6.629552639045289)
(-9.310020183022115,6.650972123874849)
(-9.202945339740733,6.671879416224403)
(-9.096678871899478,6.692284762753633)
(-8.991219041379614,6.712198151767685)
(-8.886563694724343,6.731629290331655)
(-8.782710320214758,6.750587626564016)
(-8.679656061993304,6.769082349598603)
(-8.577397741645457,6.787122394152189)
(-8.475931878864467,6.804716445192802)
(-8.375254711226566,6.821872942691589)
(-8.275362213104192,6.838600086442329)
(-8.176250113744521,6.854905840933721)
(-8.077913914540712,6.87079794026091)
(-7.980348905522726,6.8862838930636)
(-7.883550181094537,6.9013709874791935)
(-7.787512655100014,6.916066296085191)
(-7.692231074920438,6.930376680919077)
(-7.597700035403931,6.944308798305265)
(-7.503913991661306,6.9578691038493305)
(-7.410867271464566,6.971063857302719)
(-7.318554086999152,6.9838991274116085)
(-7.22696854603688,6.996380796723112)
(-7.13610466255216,7.008514566343353)
(-7.045956366654975,7.020305960547651)
(-6.956517514752228,7.031760331787043)
(-6.867781897742755,7.042882864766607)
(-6.779743250201972,7.053678581286345)
(-6.692395258391086,7.064152344619764)
(-6.605731567975821,7.0743088638973095)
(-6.519745791407214,7.084152698626156)
(-6.434431514483631,7.0936882621014385)
(-6.349782303440399,7.102919826782635)
(-6.265791710712011,7.1118515275819)
(-6.18245328085317,7.120487366062454)
(-6.09976055602229,7.128831214363538)
(-6.017707081147768,7.136886819045448)
(-5.936286408791276,7.14465780485435)
(-5.855492103721822,7.152147678406677)
(-5.775317747213824,7.159359831793055)
(-5.69575694108189,7.166297546101965)
(-5.616803311464503,7.172963994863374)
(-5.538450512368362,7.179362247412824)
(-5.460692228984609,7.185495272176419)
(-5.383522180787737,7.19136593987745)
(-5.306934124427582,7.196977026665316)
(-5.230921856424273,7.20233121716763)
(-5.155479215675702,7.207431107466344)
(-5.080600085786582,7.212279207998912)
(-5.006278397227901,7.216877946385476)
(-4.9325081293350586,7.2212296701832)
(-4.859283312152736,7.2253366495687965)
(-4.786598028134107,7.229201079950509)
(-4.714446413701785,7.23282508451065)
(-4.642822667336387,7.236210723125581)
(-4.571721024200045,7.239359969018757)
(-4.501135797413666,7.242274749691646)
(-4.431061352359251,7.244956923503401)
(-4.361492114352673,7.2474082883023385)
(-4.292422569511375,7.249630583578319)
(-4.2238472655266825,7.251625492554624)
(-4.1557608123457745,7.253394644220551)
(-4.088157882768286,7.25493961530607)
(-4.02103321296198,7.256261932199858)
(-3.9543816029020813,7.257363072811909)
(-3.888197916738349,7.2582444683820535)
(-3.8224770830939687,7.258907505235678)
(-3.757214095300066,7.259353526487794)
(-3.6924040115694816,7.259583833696842)
(-3.628041955113295,7.259599688469299)
(-3.56412311420335,7.259402314016444)
(-3.5006427421840107,7.258992896664395)
(-3.4375961574360896,7.258372587318575)
(-3.374978743295774,7.257542502883831)
(-3.3127859479313293,7.256503727641332)
(-3.2510132841801123,7.2552573145832655)
(-3.189656329348382,7.253804286706606)
(-3.1287107249761883,7.252145638266845)
(-3.068172176569628,7.250282335992898)
(-3.008036453302551,7.248215320264075)
(-2.948299387689705,7.245945506250285)
(-2.888956875233276,7.243473785016349)
(-2.8300048740445956,7.2408010245914305)
(-2.771439404442773,7.237928071004604)
(-2.713256548531854,7.234855749287319)
(-2.6554524497581227,7.231584864443981)
(-2.598023312448958,7.228116202391171)
(-2.5409654013346437,7.224450530866698)
(-2.484275041054538,7.220588600309127)
(-2.42794861564874,7.216531144708743)
(-2.3719825680365547,7.212278882430687)
(-2.316373399482786,7.20783251701111)
(-2.261117669053001,7.2031927379270595)
(-2.206211993058721,7.1983602213408915)
(-2.151653044493543,7.193335630819968)
(-2.0974375524610527,7.188119618032208)
(-2.043562301595996,7.182712823422304)
(-1.9900241314755007,7.177115876841832)
(-1.9368199359436589,7.171329398067855)
(-1.8839466628681423,7.165353997961387)
(-1.8314013130894138,7.159190278334519)
(-1.779180939822357,7.152838832512381)
(-1.7272826484989714,7.146300246606312)
(-1.675703595786912,7.1395750994707825)
(-1.624440988985163,7.1326639631812725)
(-1.5734920857745642,7.125567404181002)
(-1.5228541930559785,7.11828598277512)
(-1.4725246666991363,7.110820254241229)
(-1.4225009108368534,7.103170769105757)
(-1.3727803772504248,7.095338073568363)
(-1.323360564755704,7.087322709911069)
(-1.274239018590303,7.079125216892539)
(-1.2254133298021923,7.0707461301278896)
(-1.1768811346400339,7.062185982454597)
(-1.128640113945523,7.053445304284818)
(-1.0806879925480575,7.044524623944565)
(-1.0330225439120675,7.035424479379721)
(-0.9856415684559768,7.026145372966956)
(-0.9385429246972858,7.016687840047715)
(-0.8917245074171325,7.007052403746466)
(-0.845184252400377,6.997239586614101)
(-0.7989201358488415,6.987249910896341)
(-0.7529301737982784,6.977083898791585)
(-0.7072124215392831,6.966742072698508)
(-0.6617649730422278,6.956224955453801)
(-0.6165859603864001,6.945533070560216)
(-0.571673553193443,6.934666942405381)
(-0.5270259580652072,6.923627096471581)
(-0.48264141802611354,6.912414059536744)
(-0.4385182119701375,6.90102835986708)
(-0.3946546541124732,6.889470527401397)
(-0.35104909344597246,6.877741093927595)
(-0.3076999132023999,6.8658405932513835)
(-0.2646055303186178,6.853769561357602)
(-0.22176439490768426,6.841528536564332)
(-0.1791749897349597,6.829118059670006)
(-0.13683582969927008,6.816538674093772)
(-0.09474546131911374,6.803790926009317)
(-0.05290246222399353,6.790875364472356)
(-0.011305440650857502,6.777792541541982)
(0.03004696505427483,6.764543012396099)
(0.0711560869295661,6.751127335441089)
(0.11202322788540381,6.73754607241595)
(0.152649662187272,6.723799788491013)
(0.1930366359334316,6.709889052361513)
(0.23318536752741292,6.6958144363360566)
(0.2730970481453205,6.681576516420286)
(0.3127728421979606,6.6671758723957835)
(0.3522138877877859,6.652613087894421)
(0.3914212971607091,6.637888750468343)
(0.4303961571527323,6.62300345165561)
(0.4691395296314844,6.607957787041822)
(0.5076524519326225,6.592752356317644)
(0.54593593729117,6.577387763332559)
(0.5839909752678414,6.561864616144826)
(0.6218185321699478,6.546183527068011)
(0.6594195514680805,6.530345112713715)
(0.6967949542070238,6.5143499940312255)
(0.7339456394120757,6.498198796343824)
(0.7708724844904052,6.481892149381915)
(0.8075763456274949,6.465430687313163)
(0.8440580581787175,6.4488150487696805)
(0.8803184370561099,6.432045876872403)
(0.916358277110336,6.415123819252698)
(0.9521783535079096,6.398049528071375)
(0.9877794221036895,6.380823660035115)
(1.0231622198087138,6.36344687641044)
(1.0583274649533698,6.345919843035342)
(1.0932758576459831,6.328243230328579)
(1.1280080801268362,6.310417713296786)
(1.1625247971176733,6.292443971539441)
(1.196826656166707,6.274322689251786)
(1.230914287989209,6.256054555225737)
(1.2647883068036825,6.237640262848923)
(1.2984493106636996,6.219080510101847)
(1.3318978817853875,6.200375999553272)
(1.365134586870689,6.18152743835392)
(1.398159977426351,6.162535538228477)
(1.4309745900787487,6.14340101546605)
(1.4635789468845501,6.124124590909076)
(1.4959735556372917,6.10470698994074)
(1.5281589101698703,6.085148942471007)
(1.5601354906530354,6.065451182921248)
(1.5919037638898916,6.045614450207594)
(1.6234641836064836,6.0256394877229855)
(1.6548171907384583,6.005527043318029)
(1.6859632137139045,5.985277869280683)
(1.7169026687323736,5.964892722314811)
(1.7476359600401241,5.944372363517652)
(1.778163480201655,5.923717558356276)
(1.8084856103675455,5.902929076643012)
(1.8386027205386573,5.88200769250994)
(1.8685151698267237,5.860954184382467)
(1.8982233067113927,5.839769334952004)
(1.9277274692937412,5.818453931147828)
(1.9570279855463018,5.7970087641081)
(1.9861251735596637,5.775434629150137)
(2.0150193417856643,5.753732325739932)
(2.043710789277216,5.731902657460959)
(2.0721998059248214,5.709946431982303)
(2.100486672689794,5.687864461026144)
(2.128571661834254,5.6656575603345996)
(2.156455037147879,5.643326549636003)
(2.184137054171535,5.6208722526105985)
(2.2116179604177417,5.598295496855682)
(2.2388979955880584,5.575597113850253)
(2.265977391787406,5.552777938919157)
(2.292856373735378,5.52983881119676)
(2.319535158974558,5.506780573590182)
(2.3460139580758916,5.4836040727420965)
(2.3722929748411423,5.460310158993146)
(2.3983724065024914,5.436899686343958)
(2.424252443919245,5.413373512416785)
(2.4499332717717865,5.38973249841685)
(2.475415068752717,5.36597750909331)
(2.500698007755276,5.342109412699939)
(2.525782256059034,5.3181290809555355)
(2.550667975512928,5.294037389004023)
(2.5753553227156516,5.269835215374318)
(2.599844449193413,5.245523441939949)
(2.624135501575165,5.221102953878448)
(2.6482286217652207,5.1965746396305414)
(2.6721239471134237,5.171939390859119)
(2.6958216105827892,5.147198102408039)
(2.7193217409147077,5.122351672260772)
(2.742624462791734,5.097401001498844)
(2.7657298969979607,5.072346994260181)
(2.7886381605770714,5.047190557697281)
(2.8113493669880176,5.021932601935287)
(2.8338636262584043,4.996574040029928)
(2.85618104513563,4.971115787925365)
(2.878301727235727,4.945558764411948)
(2.9002257731900296,4.919903891083857)
(2.921953280789613,4.894152092296722)
(2.9434843451275956,4.868304295125118)
(2.9648190587392866,4.842361429320048)
(2.985957511740202,4.816324427266338)
(3.0068997919620473,4.790194223940014)
(3.0276459850865725,4.763971756865645)
(3.0481961747774418,4.737657966073627)
(3.068550442810056,4.711253794057511)
(3.08870886919943,4.684760185731232)
(3.108671532326046,4.658178088386424)
(3.1284385090598374,4.631508451649659)
(3.1480098748822165,4.604752227439741)
(3.16738570400622,4.577910369925006)
(3.186566069494808,4.550983835480632)
(3.2055510433772985,4.523973582645963)
(3.224340696763999,4.496880572081913)
(3.2429350999590403,4.469705766528339)
(3.261334322571442,4.442450130761521)
(3.279538433624427,4.4151146315516225)
(3.297547501662992,4.387700237620262)
(3.3153615948598136,4.360207919598083)
(3.3329807811194256,4.332638649982411)
(3.3504051281807663,4.304993403094967)
(3.3676347037180623,4.277273155039633)
(3.384669575440096,4.249478883660275)
(3.4015098111878723,4.22161156849865)
(3.4181554790306916,4.193672190752381)
(3.4346066473606642,4.165661733232992)
(3.4508633849856745,4.137581180324011)
(3.466925761220798,4.109431517939181)
(3.4827938459782435,4.081213733480731)
(3.4984677098557615,4.052928815797707)
(3.5139474242235953,4.0245777551444535)
(3.5292330613099776,3.9961615431391153)
(3.544324694285173,3.967681172722281)
(3.5592223973441057,3.939137638115689)
(3.5739262457875927,3.9105319347810625)
(3.588436316102174,3.8818650593790314)
(3.602752686038588,3.8531380097281662)
(3.616875434688899,3.8243517847640978)
(3.630804642562287,3.7955073844988)
(3.6445403916595533,3.7666058099799136)
(3.658082765546279,3.737648063250249)
(3.6714318494247573,3.708635147307354)
(3.6845877302051964,3.6795680660644416)
(3.6975504965731045,3.650447824305391)
(3.7103202390602084,3.62127542765179)
(3.722897050108691,3.5920518825170666)
(3.7352810241415373,3.562778196072834)
(3.747472257621021,3.533455376201519)
(3.7594708491159703,3.5040844314618336)
(3.7712768993630776,3.474666371047978)
(3.782890511329448,3.445202204750796)
(3.7943117902665913,3.4156929429159453)
(3.8055408437781373,3.3861395964088192)
(3.816577781871593,3.3565431765725147)
(3.827422717016388,3.326904695189638)
(3.838075764199332,3.297225164443447)
(3.8485370409790343,3.2675055968791047)
(3.8588066675392136,3.2377470053650623)
(3.868884766740975,3.207950403054558)
(3.8787714641740614,3.1781168033472653)
(3.888466888207055,3.1482472198510316)
(3.8979711700366124,3.1183426663438003)
(3.9072844437356724,3.0884041567356353)
(3.916406846300726,3.0584327050308944)
(3.9253385177002413,3.028429325292903)
(3.934079600911742,2.998395031596874)
(3.9426302419782537,2.9683308380068523)
(3.950990590041484,2.938237758526971)
(3.9591607973967693,2.908116807074522)
(3.9671410195191643,2.877968997430797)
(3.9749314068533614,2.847795336845427)
(3.9825321378390446,2.817596851528823)
(3.9899433695577264,2.7873745482289136)
(3.997165270637167,2.757129439841809)
(4.004198013087623,2.7268625389500816)
(4.011041772338243,2.696574857786397)
(4.017696727272605,2.6662674081973106)
(4.024163060263449,2.6359412016071513)
(4.030440957206559,2.6055972489820545)
(4.036530607553856,2.575236560794111)
(4.042432204345674,2.544860146985632)
(4.0481459442422585,2.5144690169335395)
(4.053672027554473,2.4840641794139073)
(4.0590106582737295,2.4536466425665933)
(4.064162044101167,2.423217413860005)
(4.069126396476047,2.3927775000560025)
(4.073903930603456,2.362327907174904)
(4.078494865481191,2.331869640460638)
(4.082899423925993,2.301403704346)
(4.0871178325990085,2.2709311024180368)
(4.0911503220305585,2.240452837383567)
(4.094997126644211,2.209969911034818)
(4.098658484780119,2.1794833242151674)
(4.102134638717732,2.148994076785044)
(4.105425834697765,2.118503167587917)
(4.108532322943525,2.08801159441644)
(4.111454357681586,2.0575203539786773)
(4.114192197161779,2.0270304418645018)
(4.116746103676543,1.9965428525120752)
(4.11911634357964,1.9660585791744807)
(4.121303187304234,1.9355786138864455)
(4.123306909380324,1.9051039474312241)
(4.12512778845164,1.8746355693076138)
(4.126766107291649,1.844174467696889)
(4.1282221528193945,1.8137216294302463)
(4.1294962161145605,1.7832780399562105)
(4.130588592431568,1.7528446833077993)
(4.131499581213652,1.7224225420703578)
(4.132229486106045,1.6920125973492217)
(4.1327786149686645,1.6616158287375453)
(4.133147279888214,1.6312332142842787)
(4.133335797189746,1.6008657304622422)
(4.1333444874476495,1.5705143521363463)
(4.133173675496119,1.5401800525318976)
(4.132823690439045,1.50986380320307)
(4.132294865659413,1.4795665740014516)
(4.13158753882812,1.4492893330447778)
(4.1307020519123245,1.4190330466856957)
(4.129638751183259,1.388798679480749)
(4.12839798722346,1.3585871941593688)
(4.126980114933648,1.328399551593143)
(4.125385493538971,1.2982367107650477)
(4.123614486594787,1.2680996287388984)
(4.121667461991988,1.2379892606288816)
(4.119544791961822,1.2079065595692364)
(4.1172468530802275,1.1778524766840297)
(4.11477402627171,1.1478279610570703)
(4.112126696812731,1.1178339597019398)
(4.109305254334675,1.0878714175321524)
(4.106310092826301,1.057941277331423)
(4.103141610635789,1.028044479724061)
(4.099800210472328,0.998181963145505)
(4.096286299407232,0.9683546638129523)
(4.092600288874666,0.9385635156961335)
(4.0887425946719045,0.9088094504881901)
(4.0847136369591714,0.8790933975766907)
(4.080513840259055,0.8494162840147543)
(4.076143633455547,0.8197790344923402)
(4.071603449792496,0.7901825713075477)
(4.066893726871971,0.7606278143382108)
(4.062014906651886,0.7311156810134658)
(4.056967435443435,0.7016470862855229)
(4.051751763908039,0.6722229426015224)
(4.046368347053931,0.6428441598755358)
(4.040817644232319,0.6135116454606611)
(4.03510011913331,0.5842263041213785)
(4.029216239781157,0.5549890380057458)
(4.0231664785294345,0.525800746618005)
(4.0169513120557,0.49666232679116923)
(4.010571221355778,0.46757467265977126)
(4.004026691737745,0.43853867563272386)
(3.9973182128154887,0.4095552243663084)
(3.9904462785019734,0.3806252047373041)
(3.9834113870020973,0.3517494998162297)
(3.976214040805242,0.32292898984070456)
(3.968854746677455,0.2941645521889529)
(3.9613340156533132,0.26545706135342506)
(3.9536523630274165,0.2368073889145387)
(3.945810308345593,0.20821640351457502)
(3.937808375395724,0.17968497083166202)
(3.929647092198289,0.15121395355391726)
(3.9213269909965534,0.12280421135370155)
(3.9128486082464664,0.09445660086201721)
(3.9042124846062087,0.06617197564301167)
(3.8954191649254657,0.037951186168624286)
(3.886469198234362,0.009795079793366931)
(3.877363137732111,-0.01829549927077122)
(3.8681015407753403,-0.046319709979302084)
(3.8586849688661435,-0.0742767144800662)
(3.849113987639806,-0.1021656781379488)
(3.839389166852305,-0.12998576955943042)
(3.829511080367389,-0.15773616061706472)
(3.8194803061435207,-0.18541602647377847)
(3.8092974262204344,-0.21302454560704887)
(3.798963026705467,-0.24056089983295215)
(3.788477697759575,-0.2680242743300925)
(3.7778420335831,-0.295413857663378)
(3.7670566324012627,-0.3227288418076612)
(3.756122096449387,-0.34996842217130925)
(3.7450390319578357,-0.3771317976195161)
(3.733808049136719,-0.40421817049759456)
(3.72242976216032,-0.4312267466540858)
(3.7109047891512756,-0.45815673546374097)
(3.699233752164495,-0.4850073498503585)
(3.6874172771708276,-0.5117778063095054)
(3.6754559940404876,-0.5384673249310878)
(3.6633505365262358,-0.5650751294217854)
(3.65110154224633,-0.5916004471273703)
(3.638709652667105,-0.6180425090547933)
(3.6261755130856055,-0.6444005498943354)
(3.6134997726116884,-0.6706738080414101)
(3.6006830841500355,-0.6968615256183258)
(3.5877261043819098,-0.7229629484959159)
(3.5746294937466825,-0.7489773263149903)
(3.561393916423144,-0.7749039125076795)
(3.5480200403105857,-0.800741964318618)
(3.534508537009646,-0.8264907428260042)
(3.5208600818029683,-0.8521495129625055)
(3.5070753536356274,-0.8777175435360369)
(3.4931550350953455,-0.9031941072503648)
(3.4790998123924872,-0.9285784807256254)
(3.464910375339878,-0.9538699445186457)
(3.4505874173323683,-0.9790677831431503)
(3.4361316353262468,-1.0041712850898152)
(3.4215437298184144,-1.0291797428461875)
(3.406824404825377,-1.0540924529164497)
(3.3919743678620895,-1.0789087158411015)
(3.3769943299203455,-1.1036278362162368)
(3.361885005447474,-1.1282491227131393)
(3.346647112324319,-1.152771888097278)
(3.331281371843586,-1.1771954492476129)
(3.3157885086872416,-1.2015191271751113)
(3.3001692509044855,-1.2257422470417474)
(3.2844243298891325,-1.2498641381790547)
(3.268554480356933,-1.2738841341065625)
(3.252560440322684,-1.2978015725501135)
(3.2364429510771884,-1.321615795460003)
(3.2202027571640315,-1.3453261490290116)
(3.2038406063561515,-1.3689319837102218)
(3.187357249632327,-1.3924326542347727)
(3.170753441153433,-1.4158275196293788)
(3.1540299382385264,-1.4391159432337557)
(3.137187501340813,-1.4622972927178643)
(3.120226894023418,-1.485370940099021)
(3.103148882935018,-1.508336261758837)
(3.0859542377852827,-1.5311926384600003)
(3.0686437313202863,-1.5539394553630224)
(3.051218139297524,-1.576576102042573)
(3.0336782404610183,-1.5991019725039155)
(3.016024816516166,-1.6215164651990743)
(2.9982586521044396,-1.6438189830428567)
(2.98038053477797,-1.666008933428728)
(2.9623912549739653,-1.6880857282445394)
(2.944291605989014,-1.7100487838880656)
(2.9260823839532115,-1.731897521282444)
(2.90776438780418,-1.7536313658913993)
(2.889338419260947,-1.7752497477343494)
(2.870805282797682,-1.7967521014013312)
(2.8521657856173013,-1.8181378660677887)
(2.8334207376249614,-1.8394064855091832)
(2.814570951401383,-1.8605574081154652)
(2.79561724217611,-1.8815900869053603)
(2.7765604278005744,-1.9025039795405274)
(2.757401328721097,-1.9232985483395293)
(2.7381407679517293,-1.9439732602916686)
(2.718779571046998,-1.9645275870706356)
(2.699318566074519,-1.9849610050480195)
(2.6797585835874904,-2.0052729953066493)
(2.6601004565970903,-2.0254630436537644)
(2.640345020544754,-2.0455306406340372)
(2.6204931132743288,-2.065475281542431)
(2.6005455750041344,-2.085296466436881)
(2.5805032482989043,-2.1049937001508394)
(2.5603669780416425,-2.12456649230562)
(2.5401376114053345,-2.1440143573226207)
(2.5198159978246055,-2.1633368144353535)
(2.4994029889672453,-2.182533387701311)
(2.4788994387056404,-2.2016036060136854)
(2.4583062030881124,-2.2205470031129053)
(2.4376241403101666,-2.2393631175980224)
(2.416854110685625,-2.258051492937916)
(2.3959969766176847,-2.2766116774823453)
(2.3750536025698916,-2.2950432244728276)
(2.3540248550369958,-2.3133456920533497)
(2.3329116025157535,-2.3315186432809245)
(2.311714715475609,-2.3495616461359594)
(2.2904350663293283,-2.3674742735324723)
(2.2690735294035114,-2.3852561033281408)
(2.24763098090905,-2.402906718334177)
(2.226108298911494,-2.4204257063250316)
(2.2045063633013546,-2.4378126600479324)
(2.182826055764295,-2.4550671772322614)
(2.1610682597512856,-2.4721888605987514)
(2.1392338604486616,-2.489177317868522)
(2.117323744748122,-2.5060321617719277)
(2.095338801216635,-2.5227530100572735)
(2.0732799200663066,-2.5393394854993145)
(2.0511479931241503,-2.5557912159076204)
(2.0289439138018226,-2.572107834134747)
(2.0066685770652537,-2.5882889780842535)
(1.9843228794042482,-2.604334290718535)
(1.9619077188020118,-2.620243420066498)
(1.939423994704623,-2.636016019231033)
(1.916872607990427,-2.651651746396369)
(1.8942544609394016,-2.667150264835202)
(1.8715704572024383,-2.682511242915681)
(1.8488215017705936,-2.697734354108214)
(1.8260085009442713,-2.712819276992098)
(1.8031323623023596,-2.727765695261982)
(1.7801939946713072,-2.7425732977341593)
(1.7571943080941748,-2.757241778352674)
(1.7341342137996159,-2.771770836195258)
(1.7110146241708224,-2.7861601754791105)
(1.6878364527144187,-2.8004095055664853)
(1.664600614029323,-2.8145185409700995)
(1.6413080237755682,-2.8284870013583956)
(1.6179595986430604,-2.8423146115605995)
(1.5945562563203257,-2.856001101571619)
(1.5710989154632005,-2.8695462065567794)
(1.547588495663518,-2.882949666856337)
(1.5240259174176956,-2.8962112279898826)
(1.5004121020953622,-2.909330640660535)
(1.4767479719079086,-2.9223076607589404)
(1.453034449877028,-2.9351420493671387)
(1.4292724598032018,-2.9478335727622356)
(1.4054629262342013,-2.9603820024198795)
(1.3816067744335105,-2.9727871150176086)
(1.3577049303487816,-2.9850486924379713)
(1.333758320580199,-2.9971665217715087)
(1.3097678723489012,-3.009140395319541)
(1.2857345134652982,-3.0209701105967937)
(1.2616591722974417,-3.032655470333828)
(1.2375427777393362,-3.0441962824793083)
(1.2133862591792342,-3.0555923602021022)
(1.1891905464679349,-3.066843521893181)
(1.164956569887062,-3.077949591167367)
(1.140685260117322,-3.0889103968648763)
(1.116377548206744,-3.0997257730527297)
(1.0920343655389466,-3.110395559025939)
(1.0676566438013408,-3.1209195993085537)
(1.0432453149533796,-3.1312977436545077)
(1.018801311194758,-3.1415298470483037)
(0.9943255649336423,-3.1516157697055096)
(0.9698190087548645,-3.1615553770731037)
(0.945282575388149,-3.1713485398296015)
(0.9207171976763063,-3.1809951338850437)
(0.8961238085434463,-3.1904950403807995)
(0.8715033409631794,-3.1998481456891774)
(0.846856727926849,-3.209054341412877)
(0.8221849024117319,-3.2181135243842536)
(0.7974887973492614,-3.2270255966644257)
(0.772769345593265,-3.235790465542176)
(0.7480274798882068,-3.2444080435327027)
(0.7232641328374105,-3.252878248376184)
(0.6984802368713402,-3.261201003036174)
(0.6736767242158695,-3.269376235697798)
(0.6488545268605512,-3.2774038797658176)
(0.6240145765269239,-3.2852838738624737)
(0.5991578046368334,-3.2930161618251823)
(0.5742851422807416,-3.300600692704046)
(0.5493975201860928,-3.3080374207591943)
(0.5244958686856807,-3.315326305457941)
(0.49958111768603664,-3.3224673114717636)
(0.4746541966358273,-3.3294604086731416)
(0.4497160344943131,-3.33630557213216)
(0.4247675596997908,-3.3430027821129973)
(0.3998097001380792,-3.3495520240702037)
(0.37484338311103316,-3.355953288644815)
(0.34986953530508813,-3.362206571660295)
(0.32488908275983197,-3.3683118741182954)
(0.2999029508365799,-3.3742692021942577)
(0.2749120641870444,-3.380078567232823)
(0.24991734672196692,-3.3857399857430797)
(0.22491972157983958,-3.3912534793936358)
(0.1999201110956222,-3.396619075007516)
(0.1749194367695305,-3.401836804556884)
(0.14991861923582722,-3.406906705157611)
(0.12491857823168875,-3.411828819063629)
(0.09992023256608183,-3.4166031936611634)
(0.07492450008868903,-3.42122988146276)
(0.04993229765889985,-3.4257089401011496)
(0.024944541114799736,-3.4300404323229348)
(-0.00003785475773754404,-3.4342244259821264)
(-0.025013976255971824,-3.4382609940334814)
(-0.04998291079111701,-3.442150214525688)
(-0.07494374691916053,-3.4458921705943757)
(-0.09989557437159285,-3.4494869504549466)
(-0.12483748408610781,-3.45293464739526)
(-0.14976856823725795,-3.456235359768115)
(-0.1746879202670377,-3.4593891909835928)
(-0.19959463491541443,-3.4623962495012135)
(-0.22448780825081308,-3.465256648821926)
(-0.24936653770056058,-3.4679705074799356)
(-0.27422992208122104,-3.4705379490343597)
(-0.2990770616289236,-3.472959102060709)
(-0.32390705802961595,-3.475234100142222)
(-0.3487190144492403,-3.4773630818610037)
(-0.37351203556385976,-3.4793461907890144)
(-0.3982852275897201,-3.4811835754789007)
(-0.4230376983132625,-3.4828753894546374)
(-0.44776855712102803,-3.484421791202016)
(-0.4724769150295531,-3.4858229441589765)
(-0.4971618847151393,-3.487079016705759)
(-0.5218225805436085,-3.488190182154892)
(-0.5464581185999359,-3.489156618741028)
(-0.5710676167178618,-3.4899785096106077)
(-0.5956501945093889,-3.490656042811353)
(-0.6202049733942275,-3.491189411281621)
(-0.6447310766291795,-3.491578812839561)
(-0.669227629337413,-3.4918244501721443)
(-0.6936937585376846,-3.491926530823998)
(-0.7181285931734729,-3.491885267186111)
(-0.7425312641420584,-3.491700876484357)
(-0.7669009043234725,-3.491373580767858)
(-0.7912366486094286,-3.490903606897194)
(-0.8155376339321124,-3.4902911865324606)
(-0.8398029992929426,-3.4895365561211498)
(-0.8640318857912,-3.4886399568858764)
(-0.8882234366526105,-3.487601634811961)
(-0.9123767972578117,-3.4864218406348377)
(-0.9364911151707551,-3.4851008298273123)
(-0.9605655401670115,-3.4836388625866563)
(-0.9845992242619844,-3.482036203821569)
(-1.0085913217390392,-3.4802931231389405)
(-1.0325409891775221,-3.478409894830506)
(-1.05644738548074,-3.476386797859309)
(-1.0803096719037697,-3.474224115846029)
(-1.104127012081233,-3.4719221370551545)
(-1.1278985720549628,-3.4694811543809934)
(-1.1516235203015641,-3.4669014653335366)
(-1.1753010277598643,-3.4641833720241757)
(-1.1989302678583114,-3.4613271811512534)
(-1.2225104165422203,-3.4583332039854766)
(-1.2460406523009502,-3.455201756355177)
(-1.269520156194988,-3.451933158631407)
(-1.2929481118829036,-3.4485277357129074)
(-1.316323705648196,-3.4449858170109198)
(-1.3396461264260922,-3.44130773643383)
(-1.3629145658301778,-3.4374938323716977)
(-1.3861282181789525,-3.43354444768062)
(-1.409286280522264,-3.4294599296669395)
(-1.43238795266767,-3.4252406300713263)
(-1.455432437206626,-3.4208869050527055)
(-1.4784189395406475,-3.4163991151720334)
(-1.5013466679072691,-3.411777625375947)
(-1.5242148334059844,-3.407022804980246)
(-1.5470226500239883,-3.402135027653254)
(-1.5697693346618862,-3.397114671399022)
(-1.5924541071592146,-3.391962118540403)
(-1.6150761903198991,-3.386677755701976)
(-1.6376348099375797,-3.3812619737928262)
(-1.6601291948208177,-3.3757151679892017)
(-1.6825585768181759,-3.370037737717014)
(-1.7049221908431942,-3.3642300866342136)
(-1.7272192748992556,-3.3582926226130074)
(-1.7494490701042915,-3.3522257577219747)
(-1.7716108207154166,-3.3460299082080036)
(-1.7937037741533943,-3.3397054944781255)
(-1.8157271810270272,-3.3332529410811955)
(-1.8376802951573667,-3.3266726766894528)
(-1.8595623736018632,-3.3199651340799265)
(-1.8813726766783285,-3.3131307501157337)
(-1.903110467988811,-3.306169965727224)
(-1.9247750144433398,-3.2990832258930136)
(-1.9463655862835287,-3.2918709796208527)
(-1.9678814571060492,-3.284533679928415)
(-1.9893219038859864,-3.2770717838239016)
(-2.0106862070000697,-3.2694857522865695)
(-2.031973650249739,-3.2617760502470814)
(-2.0531835208841187,-3.253943146567768)
(-2.07431510962284,-3.2459875140227465)
(-2.095367710678728,-3.237909629277913)
(-2.116340621780351,-3.2297099728708063)
(-2.137233144194443,-3.2213890291903677)
(-2.158044582748208,-3.212947286456553)
(-2.1787742458514323,-3.204385236699832)
(-2.199421445518526,-3.1957033757405657)
(-2.219985497390372,-3.1869022031682683)
(-2.2404657207560743,-3.1779822223207352)
(-2.2608614385745374,-3.1689439402630604)
(-2.2811719774959296,-3.159787867766538)
(-2.3013966678829867,-3.150514519287437)
(-2.3215348438321763,-3.141124412945665)
(-2.3415858431947383,-3.131618070503307)
(-2.361549007597558,-3.1219960173430654)
(-2.381423682463893,-3.112258782446564)
(-2.4012092170339856,-3.1024068983725592)
(-2.420904964385502,-3.0924409012350162)
(-2.4405102814538306,-3.08236133068109)
(-2.460024529052234,-3.072168729868986)
(-2.4794470718918684,-3.0618636454457167)
(-2.498777278601627,-3.0514466275247347)
(-2.518014521747852,-3.040918229663477)
(-2.5371581778538963,-3.030279008840783)
(-2.55620762741954,-3.01952952543421)
(-2.575162254940231,-3.0086703431972532)
(-2.5940214489261924,-2.9977020292364376)
(-2.612784601921399,-2.9866251539883275)
(-2.6314511105223453,-2.975440291196424)
(-2.65002037539672,-2.964148017887951)
(-2.668491801301871,-2.952748914350546)
(-2.686864797103171,-2.9412435641088575)
(-2.7051387757921805,-2.929632553901023)
(-2.723313154504682,-2.9179164736550645)
(-2.741387354538543,-2.9060959164651736)
(-2.7593608013714332,-2.8941714785679102)
(-2.7772329246783736,-2.8821437593182924)
(-2.795003158349139,-2.870013361165793)
(-2.812670940505482,-2.8577808896302455)
(-2.8302357135182223,-2.8454469532776603)
(-2.8476969240241545,-2.833012163695931)
(-2.865054022942808,-2.8204771354704516)
(-2.8823064654930355,-2.8078424861596685)
(-2.8994537112094534,-2.795108836270501)
(-2.9164952239587074,-2.7822768092336974)
(-2.933430471955572,-2.7693470313791066)
(-2.9502589277789126,-2.7563201319108366)
(-2.966980068387431,-2.7431967428823554)
(-2.9835933751353236,-2.729977499171477)
(-3.000098333787694,-2.7166630384552874)
(-3.016494434535855,-2.703254001184974)
(-3.03278117201245,-2.689751030560562)
(-3.048958045306381,-2.6761547725055994)
(-3.0650245579776216,-2.6624658756417214)
(-3.0809802180718124,-2.6486849912631607)
(-3.0968245381347175,-2.6348127733111784)
(-3.1125570352265055,-2.620849878348395)
(-3.128177230935862,-2.6067969655330643)
(-3.143684651393924,-2.592654696593258)
(-3.1590788272880514,-2.5784237358009943)
(-3.1743592938754452,-2.564104749946256)
(-3.1895255909965514,-2.549698408310978)
(-3.204577263088342,-2.535205382642921)
(-3.219513859197401,-2.520626347129498)
(-3.23433493299282,-2.505961978371535)
(-3.2490400427789625,-2.491212955356938)
(-3.2636287515080324,-2.4763799594343)
(-3.2781006267924684,-2.461463674286456)
(-3.2924552409171564,-2.44646478590395)
(-3.306692170851496,-2.431383982558446)
(-3.32081099826127,-2.41622195477607)
(-3.334811309520345,-2.4009793953106944)
(-3.3486926957221845,-2.385656999117153)
(-3.3624547526912196,-2.3702554633243946)
(-3.376097080994019,-2.3547754872085656)
(-3.389619285950266,-2.3392177721660645)
(-3.403020977643616,-2.3235830216865003)
(-3.416301770932294,-2.3078719413256104)
(-3.4294612854596163,-2.2920852386781196)
(-3.4424991456642378,-2.2762236233505395)
(-3.4554149807902754,-2.260287806933931)
(-3.4682084248972616,-2.2442785029765733)
(-3.480879116869865,-2.228196426956617)
(-3.493426700427506,-2.212042296254665)
(-3.5058508241337187,-2.195816830126323)
(-3.5181511414053936,-2.1795207496746603)
(-3.5303273105218174,-2.163154777822667)
(-3.542378994633506,-2.1467196392856365)
(-3.5543058617709193,-2.130216060543508)
(-3.566107584852933,-2.113644769813159)
(-3.5777838416951706,-2.097006497020647)
(-3.5893343150181383,-2.080301973773437)
(-3.6007586924551793,-2.063531933332546)
(-3.612056666560257,-2.046697110584665)
(-3.623227934815535,-2.0297982420142553)
(-3.6342721996388025,-2.0128360656755677)
(-3.6451891683906945,-1.9958113211646498)
(-3.6559785533817535,-1.9787247495913225)
(-3.666640071879281,-1.9615770935510852)
(-3.6771734461140255,-1.9443690970970158)
(-3.6875784032866985,-1.9271015057116274)
(-3.697854675574267,-1.909775066278689)
(-3.7080020001361076,-1.8923905270550065)
(-3.7180201191199487,-1.874948637642194)
(-3.727908779667656,-1.8574501489583808)
(-3.7376677339207833,-1.8398958132099306)
(-3.7472967390260195,-1.822286383863087)
(-3.7567955571403746,-1.8046226156156242)
(-3.766163955436219,-1.7869052643684658)
(-3.775401706106154,-1.769135087197259)
(-3.784508586367648,-1.751312842323949)
(-3.7934843784675425,-1.7334392890883163)
(-3.8023288696863458,-1.715515187919487)
(-3.811041852342337,-1.6975413003074467)
(-3.819623123795503,-1.6795183887744893)
(-3.8280724864512927,-1.6614472168467038)
(-3.8363897477641555,-1.643328549025383)
(-3.8445747202409404,-1.6251631507584692)
(-3.85262722144407,-1.6069517884119426)
(-3.8605470739945646,-1.5886952292412155)
(-3.8683341055748444,-1.5703942413625152)
(-3.87598814893138,-1.5520495937242256)
(-3.8835090418771427,-1.533662056078274)
(-3.8908966272938734,-1.5152323989514258)
(-3.8981507531341606,-1.4967613936166537)
(-3.905271272423341,-1.4782498120644247)
(-3.9122580432612186,-1.459698426974044)
(-3.9191109288235824,-1.4411080116849362)
(-3.9258297973635603,-1.4224793401679543)
(-3.932414522212771,-1.4038131869966826)
(-3.9388649817823023,-1.385110327318718)
(-3.9451810595634966,-1.3663715368269658)
(-3.951362644128562,-1.3475975917309149)
(-3.9574096291309897,-1.328789268727947)
(-3.963321913305785,-1.3099473449746017)
(-3.9690994004695246,-1.291072598057876)
(-3.974741999520223,-1.2721658059665193)
(-3.9802496244370182,-1.2532277470623174)
(-3.9856221942796513,-1.2342592000514103)
(-3.990859633187805,-1.2152609439555722)
(-3.995961870380221,-1.1962337580835505)
(-4.000928840153649,-1.1771784220023656)
(-4.005760481881604,-1.1580957155086467)
(-4.010456740012954,-1.1389864185999807)
(-4.015017564070303,-1.1198513114462405)
(-4.01944290864821,-1.1006911743609724)
(-4.023732733411222,-1.0815067877727396)
(-4.027887003091705,-1.0622989321965488)
(-4.031905687487509,-1.0430683882052179)
(-4.0357887614594645,-1.0238159364008108)
(-4.03953620492865,-1.0045423573860852)
(-4.043148002873528,-0.985248431735922)
(-4.046624145326861,-0.9659349399688257)
(-4.049964627372477,-0.9466026625184009)
(-4.0531694491418255,-0.927252379704867)
(-4.0562386158103445,-0.9078848717066185)
(-4.059172137593709,-0.8885009185317526)
(-4.061970029743815,-0.8691012999896836)
(-4.064632312544627,-0.8496867956627296)
(-4.06715901130785,-0.8302581848777716)
(-4.069550156368405,-0.8108162466779001)
(-4.071805783079718,-0.7913617597941126)
(-4.073925931808842,-0.7718955026170432)
(-4.075910647931409,-0.7524182531687073)
(-4.0777599818263655,-0.732930789074289)
(-4.079473988870576,-0.7134338875339468)
(-4.081052729433197,-0.6939283252946833)
(-4.082496268869928,-0.6744148786222105)
(-4.083804677517023,-0.6548943232728759)
(-4.08497803068518,-0.6353674344656267)
(-4.0860164086532125,-0.6158349868539881)
(-4.08691989666156,-0.5962977544981083)
(-4.087688584905631,-0.5767565108368247)
(-4.088322568528925,-0.5572120286597778)
(-4.088821947616057,-0.5376650800795579)
(-4.089186827185513,-0.5181164365039062)
(-4.089417317182297,-0.49856686860796273)
(-4.089513532470378,-0.4790171463065317)
(-4.089475592824968,-0.45946803872643005)
(-4.089303622924603,-0.4399203141788417)
(-4.0889977523430705,-0.42037474013177295)
(-4.08855811554117,-0.40083208318248426)
(-4.0879848518582955,-0.3812931090300461)
(-4.087278105503798,-0.36175858244788756)
(-4.086438025548258,-0.3422292672564265)
(-4.085464765914512,-0.3227059262957545)
(-4.084358485368543,-0.30318932139834853)
(-4.083119347510202,-0.28368021336185795)
(-4.081747520763737,-0.2641793619219606)
(-4.080243178368151,-0.24468752572523322)
(-4.078606498367414,-0.22520546230210972)
(-4.0768376636004975,-0.2057339280398931)
(-4.074936861691212,-0.18627367815583187)
(-4.072904285037895,-0.16682546667022993)
(-4.070740130802954,-0.1473900463796572)
(-4.068444600902189,-0.1279681688301834)
(-4.0660179019939875,-0.1085605842906972)
(-4.063460245468334,-0.0891680417263041)
(-4.060771847435663,-0.06979128877173311)
(-4.057952928715535,-0.050431071704879864)
(-4.055003714825152,-0.03108813542035678)
(-4.051924435967703,-0.011763223403158166)
(-4.048715327020556,0.007542922297647281)
(-4.045376627523259,0.026829561095126943)
(-4.041908581665421,0.046095953890626845)
(-4.038311438274376,0.06534136309985804)
(-4.03458545080273,0.08456505267889466)
(-4.03073087731572,0.10376628815011744)
(-4.026747980478403,0.12294433662805171)
(-4.022637027542721,0.14209846684516977)
(-4.018398290334368,0.1612279491775887)
(-4.01403204523951,0.18033205567069235)
(-4.009538573191349,0.19941006006470566)
(-4.0049181596565235,0.2184612378201357)
(-4.000171094621348,0.2374848661432033)
(-3.9952976725778937,0.25648022401112475)
(-3.990298192509918,0.27544659219736556)
(-3.9851729578786412,0.2943832532967826)
(-3.9799222766083453,0.3132894917506842)
(-3.974546461071836,0.3321645938718315)
(-3.969045828075756,0.35100784786931566)
(-3.963420698845701,0.3698185438733939)
(-3.9576713990112564,0.3885959739601867)
(-3.9517982585907956,0.4073394321763482)
(-3.945801611976194,0.4260482145635996)
(-3.939681797917351,0.444721619183186)
(-3.9334391595065727,0.46335894614026496)
(-3.927074044162812,0.48195949760816736)
(-3.920586803615742,0.5005225778526053)
(-3.9139777938896887,0.5190474932557607)
(-3.907247375287431,0.5375335523402748)
(-3.900395912373805,0.555980065793186)
(-3.8934237739592183,0.5743863464897169)
(-3.886331333082981,0.592751709517012)
(-3.8791189669964927,0.6110754721977424)
(-3.871787057146309,0.6293569541136436)
(-3.864335989157026,0.6475954771289373)
(-3.856766152814053,0.6657903654136538)
(-3.8490779420462258,0.6839409454668512)
(-3.8412717549082758,0.7020465461397658)
(-3.833347993563164,0.720106498658818)
(-3.825307064264273,0.7381201366485318)
(-3.817149377337455,0.7560867961543671)
(-3.80887534716294,0.7740058156654203)
(-3.800485392157104,0.7918765361370457)
(-3.791979934754106,0.8096983010133583)
(-3.7833594013873784,0.827470456249625)
(-3.77462422247099,0.8451923503345627)
(-3.765774832380853,0.8628633343125179)
(-3.7568116694358253,0.8804827618055516)
(-3.7477351758786437,0.8980499890353876)
(-3.73854579785676,0.915564374845288)
(-3.729243985403006,0.9330252807217846)
(-3.7198301924161554,0.9504320708163125)
(-3.7103048766413425,0.9677841119667447)
(-3.7006684996503427,0.9850807737187716)
(-3.6909215268217417,1.002321428347237)
(-3.681064427320958,1.019505450877275)
(-3.671097674080145,1.0366322191054078)
(-3.661021743777958,1.0537011136204741)
(-3.650837116819217,1.070711517824466)
(-3.640544277314407,1.0876628179532524)
(-3.630143713059083,1.1045544030971595)
(-3.619635915513143,1.1213856652214622)
(-3.6090213797799633,1.1381559991867336)
(-3.598300604585431,1.1548648027690909)
(-3.5874740922568424,1.1715114766803094)
(-3.576542348701692,1.188095424587809)
(-3.5655058833863134,1.2046160531345484)
(-3.55436520931444,1.2210727719587502)
(-3.543120843005618,1.2374649937135507)
(-3.53177330447351,1.2537921340864944)
(-3.5203231172040867,1.2700536118188992)
(-3.508770808133698,1.2862488487251336)
(-3.4971169076270194,1.3023772697117213)
(-3.4853619494549104,1.3184383027963573)
(-3.4735064707721355,1.3344313791267668)
(-3.461551012094966,1.350355932999457)
(-3.449496117278708,1.366211401878334)
(-3.4373423334950814,1.3819972264131783)
(-3.4250902112095107,1.3977128504580154)
(-3.4127403041582913,1.4133577210893247)
(-3.4002931693256557,1.4289312886241556)
(-3.3877493669207497,1.4444330066380675)
(-3.3751094603544547,1.4598623319829793)
(-3.3623740162161613,1.4752187248048545)
(-3.349543604250402,1.490501648561262)
(-3.336618797333386,1.505710570038829)
(-3.3236001714494496,1.5208449593705011)
(-3.310488305667366,1.5359042900527358)
(-3.29728378211661,1.5508880389625002)
(-3.283987185963461,1.5657956863741793)
(-3.270599105387056,1.5806267159763148)
(-3.2571201315553315,1.595380614888217)
(-3.2435508586008384,1.6100568736764502)
(-3.2298918835965154,1.624654986371157)
(-3.216143806531302,1.6391744504822703)
(-3.2023072302857347,1.6536147670155474)
(-3.188382760607364,1.6679754404885203)
(-3.174371006086157,1.682255978946246)
(-3.160272578129749,1.696455893976954)
(-3.146088090938645,1.7105747007275436)
(-3.1318181614813034,1.7246119179189192)
(-3.1174634094691602,1.738567067861222)
(-3.1030244573315273,1.7524396764688825)
(-3.088501930190451,1.7662292732755422)
(-3.0738964558354374,1.779935391448837)
(-3.059208664698128,1.7935575678050297)
(-3.0444391898268717,1.807095342823506)
(-3.0295886668612306,1.820548260661094)
(-3.0146577340063856,1.8339158691662931)
(-2.9996470320074766,1.8471977198932974)
(-2.984557204123853,1.8603933681159213)
(-2.9693888961032537,1.873502372841333)
(-2.954142756155898,1.8865242968236844)
(-2.9388194349285115,1.8994587065775639)
(-2.92341958547827,1.9123051723913005)
(-2.9079438632466683,1.925063268340138)
(-2.892392926033328,1.9377325722992398)
(-2.876767433969696,1.950312665956562)
(-2.8610680494927228,1.9628031348255552)
(-2.845295437318432,1.9752035682577365)
(-2.829450264415434,1.9875135594550921)
(-2.8135331999783606,1.9997327054823462)
(-2.7975449154012564,2.011860607279067)
(-2.7814860842508717,2.0238968696716153)
(-2.7653573822399147,2.035841101384962)
(-2.749159487200226,2.047692915054329)
(-2.7328930790558945,2.0594519272366814)
(-2.7165588397963014,2.0711177584220923)
(-2.7001574534491337,2.082690033044906)
(-2.6836896060532798,2.094168379494794)
(-2.667155985631734,2.1055524301276294)
(-2.650557282164383,2.1168418212762106)
(-2.6338941875607675,2.1280361932608356)
(-2.617167395632788,2.139135190399715)
(-2.6003776020673453,2.1501384610192336)
(-2.5835255043989203,2.1610456574640566)
(-2.5666118019821162,2.1718564361070634)
(-2.5496371959641464,2.182570457359157)
(-2.532602389257256,2.1931873856788813)
(-2.5155080865111006,2.2037068895819063)
(-2.498354994085104,2.214128641650342)
(-2.4811438200207068,2.224452318541899)
(-2.463875274013644,2.2346776009988942)
(-2.4465500673860987,2.2448041738570885)
(-2.4291689130588714,2.2548317260543844)
(-2.4117325255234894,2.2647599506393323)
(-2.3942416208142463,2.274588544779515)
(-2.376696916480237,2.284317209769758)
(-2.359099131557327,2.2939456510401635)
(-2.3414489865401014,2.3034735781640063)
(-2.3237472033537543,2.3129007048654686)
(-2.3059945053259625,2.3222267490272)
(-2.2881916171586996,2.331451432697733)
(-2.2703392649000507,2.3405744820987247)
(-2.2524381759159393,2.3495956276320444)
(-2.2344890788618668,2.358514603886713)
(-2.216492703654621,2.3673311496456484)
(-2.1984497814439,2.376045007892285)
(-2.180361044583978,2.3846559258170026)
(-2.162227226605292,2.393163654823425)
(-2.144049062186011,2.401567950534529)
(-2.1258272871236086,2.409868572798588)
(-2.1075626383063506,2.4180652856950045)
(-2.0892558536848265,2.4261578575399025)
(-2.070907672243393,2.434146060891626)
(-2.052518833971659,2.4420296725560395)
(-2.0340900798358867,2.4498084735916694)
(-2.015622151750414,2.4574822493146966)
(-1.9971157925490572,2.465050789303768)
(-1.9785717459564551,2.472513887404662)
(-1.9599907565594683,2.4798713417347855)
(-1.941373569778472,2.4871229546874947)
(-1.9227209318387193,2.4942685329362777)
(-1.9040335897416272,2.501307887438751)
(-1.885312291236089,2.5082408334405177)
(-1.866557784789765,2.515067190478818)
(-1.847770819560344,2.5217867823860853)
(-1.8289521453668256,2.5283994372932592)
(-1.8101025126607728,2.534904987633006)
(-1.791222672497569,2.5413032701427345)
(-1.7723133765076482,2.5475941258674526)
(-1.7533753768677496,2.553777400162478)
(-1.7344094262721572,2.559852942695969)
(-1.7154162779039155,2.565820607451297)
(-1.6963966854060817,2.5716802527292564)
(-1.6773514028529315,2.577431741150112)
(-1.6582811847212253,2.5830749396554804)
(-1.6391867858614022,2.5886097195100457)
(-1.6200689614688335,2.5940359563031223)
(-1.6009284670550659,2.5993535299500454)
(-1.5817660584190452,2.6045623246933904)
(-1.5625824916183897,2.6096622291040528)
(-1.5433785229406176,2.6146531360821337)
(-1.5241549088744284,2.6195349428577006)
(-1.5049124060809649,2.6243075509913423)
(-1.4856517713651038,2.628970866374596)
(-1.4663737616467427,2.6335247992301882)
(-1.4470791339320899,2.6379692641121304)
(-1.427768645285013,2.64230417990563)
(-1.4084430527983387,2.646529469826867)
(-1.3891031135652174,2.650645061422581)
(-1.3697495846504868,2.654650886569516)
(-1.3503832230620363,2.6585468814736832)
(-1.331004785722233,2.6623329866694783)
(-1.3116150294393107,2.6660091470186407)
(-1.292214710878829,2.6695753117090186)
(-1.2728045865351214,2.673031434253213)
(-1.253385412702784,2.676377472487026)
(-1.2339579454481897,2.679613388567782)
(-1.2145229405810027,2.6827391489724417)
(-1.1950811536257508,2.6857547244956024)
(-1.1756333397934027,2.6886600902473003)
(-1.1561802539529906,2.6914552256506803)
(-1.1367226506032213,2.6941401144394748)
(-1.1172612838441942,2.6967147446553605)
(-1.0977969073490639,2.6991791086451076)
(-1.078330274335791,2.701533203057613)
(-1.0588621375389153,2.7037770288407366)
(-1.0393932491813402,2.7059105912380166)
(-1.0199243609462008,2.7079338997851825)
(-1.000456223948693,2.70984696830654)
(-0.980989588708031,2.711649814911191)
(-0.9615252051193588,2.7133424619890723)
(-0.9420638224257638,2.71492493620687)
(-0.9226061891902948,2.7163972685037514)
(-0.9031530532680341,2.717759494086942)
(-0.8837051617782181,2.7190116524271564)
(-0.8642632610763749,2.7201537872538566)
(-0.8448280967265573,2.7211859465503547)
(-0.8254004134735553,2.7221081825487685)
(-0.8059809552152075,2.72292055172482)
(-0.7865704649747516,2.7236231147924523)
(-0.7671696848731833,2.7242159366983274)
(-0.7477793561017357,2.724699086616139)
(-0.7284002188943358,2.7250726379407846)
(-0.7090330125001562,2.7253366682823748)
(-0.6896784751562288,2.7254912594600857)
(-0.6703373440600607,2.725536497495865)
(-0.6510103553423632,2.725472472607981)
(-0.6316982440397897,2.7252992792044086)
(-0.6124017440677766,2.7250170158760696)
(-0.5931215881933862,2.724625785389918)
(-0.573858508008256,2.724125694681878)
(-0.5546132339015929,2.723516854849601)
(-0.5353864950332172,2.7227993811451205)
(-0.5161790193066755,2.7219733929673033)
(-0.49699153334241664,2.72103901385418)
(-0.4778247624510416,2.7199963714751125)
(-0.45867943060659366,2.718845597622818)
(-0.43955626041993084,2.7175868282052282)
(-0.42045597311217614,2.716220203237213)
(-0.40137928848820303,2.7147458668321516)
(-0.38232692491021897,2.713163967193339)
(-0.3632995992714037,2.711474656605268)
(-0.34429802696962164,2.709678091424739)
(-0.3253229218811999,2.7077744320718407)
(-0.3063749963347911,2.705763843020761)
(-0.2874549610853024,2.703646492790482)
(-0.2685635252878899,2.701422553935295)
(-0.24970139647204845,2.6990922030351814)
(-0.23086928051575123,2.696655620686058)
(-0.21206788161970389,2.694112991489868)
(-0.19329790228161928,2.6914645040445193)
(-0.17456004327064165,2.688710350933683)
(-0.15585500360178764,2.685850728716457)
(-0.13718348051050344,2.6828858379168774)
(-0.11854616942730427,2.6798158830132817)
(-0.099943763952469,2.6766410724275347)
(-0.08137695583084482,2.673361618514118)
(-0.06284643492673823,2.669977737549065)
(-0.04435288919886167,2.666489649718759)
(-0.02589700467539055,2.6628975791085967)
(-0.007479465429115969,2.6592017536915034)
(0.01089904644735302,2.65540240531631)
(0.029237850866251452,2.6514997696959943)
(0.047536269769267274,2.647494086395777)
(0.06579362715204176,2.6433855988210784)
(0.0840092490885693,2.63917455420536)
(0.10218246375554496,2.6348612035977776)
(0.12031260145656308,2.630445801850764)
(0.13839899464627028,2.6259286076074213)
(0.15644097795439554,2.6213098832887987)
(0.17443788820969003,2.616589895081037)
(0.19238906446378234,2.611768912922378)
(0.21029384801490442,2.6068472104900313)
(0.22815158243157188,2.601825065186915)
(0.245961613576103,2.596702758128265)
(0.26372328962809416,2.5914805741281004)
(0.2814359611077556,2.586158801685575)
(0.299098980899164,2.5807377329711763)
(0.3167117042734036,2.5752176638128152)
(0.3342734889116019,2.5695988936817797)
(0.3517836949278819,2.563881725678532)
(0.36924168489219206,2.558066466518426)
(0.38664682385300625,2.5521534265172563)
(0.40399847935998345,2.546142919576698)
(0.4212960214864558,2.54003526316961)
(0.43853882285182416,2.533830778325229)
(0.45572625864388167,2.5275297896142144)
(0.4728577066409769,2.521132625133576)
(0.4899325472340905,2.514639616491503)
(0.5069501634488047,2.5080510987920133)
(0.5239099409671565,2.5013674106195483)
(0.5408112681493566,2.4945888940233822)
(0.557653536055427,2.4877158945019557)
(0.5744361384667201,2.480748760987055)
(0.5911584719073002,2.473687845827899)
(0.6078199356652184,2.4665335047750814)
(0.6244199318136924,2.4592860969644086)
(0.6409578652321173,2.451945984900626)
(0.657433143627032,2.444513534440992)
(0.6738451775528912,2.4369891147787897)
(0.6901933804327772,2.4293730984266557)
(0.7064771685789535,2.4216658611998585)
(0.7226959612133114,2.413867782199413)
(0.7388491804877064,2.405979243795108)
(0.7549362515041285,2.3980006316084115)
(0.7709566023348153,2.38993233449525)
(0.7869096640421935,2.3817747445287036)
(0.8027948706986888,2.3735282569815706)
(0.8186116594064612,2.365193270308814)
(0.8343594703169618,2.3567701861299204)
(0.8500377466503958,2.348259409211127)
(0.8656459347150265,2.3396613474475654)
(0.8811834839263964,2.330976411845264)
(0.8966498468263794,2.322205016503073)
(0.9120444791021209,2.3133475785944717)
(0.9273668396048482,2.304404518349258)
(0.9426163903685324,2.295376259035165)
(0.9577925966284624,2.286263226939331)
(0.9728949268396244,2.277065851349706)
(0.9879228526950135,2.267784564536326)
(1.0028758491437602,2.258419801732497)
(1.0177533944091548,2.248972001115889)
(1.0325549700065269,2.2394416037894986)
(1.0472800607609691,2.2298290537625602)
(1.0619281548249824,2.2201347979312955)
(1.0764987436959088,2.210359286059628)
(1.0909913222333014,2.200502970759757)
(1.1054053886760964,2.1905663074726465)
(1.1197404446596853,2.18054975444843)
(1.1339959952328367,2.1704537727267126)
(1.1481715488744604,2.160278826116766)
(1.1622666175102794,2.1500253811776506)
(1.1762807165293012,2.1396939071982466)
(1.1902133648002,2.1292848761771577)
(1.2040640846875272,2.118798762802572)
(1.2178324020677846,2.108236044432)
(1.231517846345372,2.0975972010719315)
(1.245119950468354,2.0868827153574228)
(1.2586382509441396,2.0760930725315565)
(1.2720722878549613,2.0652287604248545)
(1.2854216048732505,2.054290269434575)
(1.2986857492768296,2.043278092503955)
(1.311864271964004,2.032192725101333)
(1.3249567274684766,2.021034665199209)
(1.3379626739741062,2.0098044132532364)
(1.3508816733295623,1.9985024721810951)
(1.3637132910627856,1.9871293473413052)
(1.3764570963953318,1.9756855465119667)
(1.3891126622565506,1.9641715798694068)
(1.401679565297605,1.95258795996676)
(1.4141573859053955,1.9409352017124517)
(1.426545708216248,1.9292138223486328)
(1.438844120129534,1.9174243414295127)
(1.4510522133210864,1.9055672807996247)
(1.4631695832564855,1.893643164572036)
(1.475195829204198,1.8816525191064555)
(1.487130554248531,1.8695958729872924)
(1.498973365302491,1.8574737570016224)
(1.5107238731204256,1.8452867041171073)
(1.5223816923105646,1.8330352494598203)
(1.5339464413473785,1.8207199302920216)
(1.5454177425837845,1.8083412859898575)
(1.556795222263211,1.7958998580209866)
(1.568078510531485,1.7833961899221655)
(1.5792672414486004,1.7708308272767241)
(1.5903610530002943,1.758204317692021)
(1.6013595871094723,1.7455172107768173)
(1.6122624896475095,1.7327700581185728)
(1.6230694104453514,1.7199634132607113)
(1.6337800033044965,1.7070978316797967)
(1.6443939260077747,1.6941738707626746)
(1.6549108403300228,1.6811920897835264)
(1.665330412048565,1.6681530498808876)
(1.6756523109535408,1.6550573140346025)
(1.685876210858078,1.6419054470427266)
(1.6960017896083142,1.6286980154983546)
(1.706028729093247,1.6154355877664137)
(1.7159567152544204,1.6021187339604126)
(1.7257854380954727,1.5887480259190945)
(1.7355145916915042,1.575324037183089)
(1.7451438741982908,1.5618473429714854)
(1.7546729878613347,1.5483185201583454)
(1.76410163902476,1.5347381472492165)
(1.7734295381400464,1.5211068043575267)
(1.782656399774579,1.507425073180993)
(1.7917819426200814,1.4936935369779458)
(1.8008058895008416,1.4799127805436303)
(1.8097279673818034,1.4660833901864467)
(1.8185479073764808,1.4522059537041632)
(1.8272654447547099,1.438281060360076)
(1.835880318950262,1.4243093008591208)
(1.844392273568245,1.410291267323971)
(1.8528010563923982,1.3962275532710555)
(1.8611064193921776,1.3821187535865727)
(1.8693081187297007,1.3679654645024566)
(1.8774059147665318,1.3537682835722917)
(1.8853995720702643,1.3395278096472227)
(1.8932888594210024,1.3252446428517843)
(1.9010735498176246,1.310919384559735)
(1.9087534204838967,1.2965526373698595)
(1.916328252874433,1.2821450050816943)
(1.9237978326804934,1.2676970926712718)
(1.9311619498355777,1.253209506266818)
(1.9384203985209132,1.2386828531244038)
(1.9455729771707229,1.2241177416035816)
(1.9526194884773658,1.2095147811430047)
(1.9595597393962942,1.1948745822359972)
(1.96639354115084,1.1801977564061286)
(1.9731207092368568,1.1654849161827168)
(1.9797410634271706,1.1507366750763675)
(1.9862544277758845,1.1359536475544294)
(1.9926606306225083,1.121136449016479)
(1.9989595045959128,1.1062856957697509)
(2.005150886618148,1.0914020050045639)
(2.0112346179080496,1.0764859947697336)
(2.0172105439847257,1.0615382839479321)
(2.0230785146708423,1.0465594922310901)
(2.0288383840957604,1.031550240095715)
(2.034490010698506,1.016511148778249)
(2.040033257230551,1.0014428402503832)
(2.0454679907584765,0.986345937194367)
(2.0507940826664037,0.9712210629783156)
(2.0560114086583194,0.9560688416314748)
(2.061119848760196,0.9408898978195043)
(2.066119287321958,0.9256848568197591)
(2.0710096130192843,0.910454344496517)
(2.0757907188552402,0.8951989872762485)
(2.0804625021617396,0.8799194121228455)
(2.085024864600844,0.8646162465128799)
(2.0894777121659,0.8492901184108039)
(2.0938209551825047,0.833941656244202)
(2.098054508309299,0.8185714888790006)
(2.1021782905385997,0.8031802455947111)
(2.106192225196879,0.7877685560596283)
(2.110096239945053,0.7723370503060605)
(2.113890266778616,0.7568863587055682)
(2.1175742420276142,0.7414171119441632)
(2.121148106356443,0.7259299409975527)
(2.1246118047634797,0.7104254771063646)
(2.1279652865805643,0.6949043517513814)
(2.1312085054722854,0.679367196628799)
(2.1343414194351373,0.6638146436254417)
(2.1373639907964797,0.6482473247940571)
(2.1402761862133484,0.6326658723285447)
(2.1430779766710946,0.6170709185392512)
(2.145769337481866,0.6014630958282465)
(2.148350248282916,0.5858430366646185)
(2.1508206930347464,0.570211373559792)
(2.153180660019088,0.5545687390428247)
(2.1554301418367228,0.5389157656357734)
(2.157569135405138,0.5232530858290134)
(2.159597641955999,0.5075813320566226)
(2.161515667032492,0.491901136671758)
(2.163323220486474,0.47621313192205467)
(2.1650203164754602,0.46051794992505707)
(2.166606973459476,0.4448162226436383)
(2.1680832141977096,0.42910858186146755)
(2.1694490657450216,0.4133956591585052)
(2.1707045594482905,0.39767808588648196)
(2.171849730942592,0.38195649314444174)
(2.1728846201472147,0.3662315117542847)
(2.173809271261511,0.35050377223636037)
(2.174623732760601,0.3347739047850455)
(2.1753280573908893,0.3190425392443888)
(2.1759223021654477,0.30331030508376894)
(2.1764065283592124,0.28757783137357074)
(2.176780801504039,0.27184574676092527)
(2.1770451913835838,0.25611467944542327)
(2.177199772028029,0.2403852571549278)
(2.1772446217086534,0.22465810712135983)
(2.1771798229322323,0.20893385605655662)
(2.177005462435284,0.19321313012815045)
(2.176721631178155,0.17749655493547406)
(2.176328424338955,0.16178475548553561)
(2.175825941307312,0.14607835616897183)
(2.175214285677994,0.13037798073611034)
(2.174493565244353,0.11468425227300437)
(2.1736638919916236,0.09899779317755575)
(2.1727253820900567,0.08331922513565572)
(2.1716781558878964,0.06764916909736757)
(2.170522337904212,0.0519882452531748)
(2.1692580568215503,0.03633707301022271)
(2.1678854454784537,0.020696270968672503)
(2.1664046408618147,0.005066456898030967)
(2.1648157840990736,-0.010551752286420786)
(2.1631190204502566,-0.026157740547177975)
(2.1613144992998703,-0.04175089274801174)
(2.1594023741486352,-0.057330594677399906)
(2.1573828026050696,-0.07289623307195267)
(2.1552559463769088,-0.08844719563974128)
(2.153021971262386,-0.10398287108360377)
(2.1506810471413527,-0.1195026491243732)
(2.1482333479662516,-0.13500592052409272)
(2.1456790517529227,-0.15049207710914306)
(2.143018340571278,-0.16596051179330826)
(2.1402514005358175,-0.1814106186008344)
(2.137378421795996,-0.19684179268937646)
(2.134399598526424,-0.21225343037292063)
(2.1313151289169467,-0.22764492914464238)
(2.1281252151625543,-0.24301568769968468)
(2.1248300634531487,-0.25836510595792544)
(2.1214298839631636,-0.27369258508661753)
(2.1179248908410306,-0.2889975275230341)
(2.1143153021985115,-0.3042793369970028)
(2.1106013400998633,-0.3195374185533976)
(2.106783230550877,-0.3347711785745683)
(2.1028612034877603,-0.3499800248026873)
(2.098835492765874,-0.36516336636205043)
(2.094706336148329,-0.3803206137813158)
(2.0904739752944295,-0.39545117901564764)
(2.086138655747987,-0.4105544754688151)
(2.0817006269254774,-0.4256299180152173)
(2.0771601421040615,-0.44067692302182104)
(2.072517458409466,-0.45569490837006743)
(2.067772836803707,-0.47068329347766613)
(2.062926542072696,-0.485641499320344)
(2.0579788428136974,-0.500568948453493)
(2.0529300114226197,-0.5154650650337873)
(2.0477803240812116,-0.5303292748406893)
(2.042530060744086,-0.5451610052978786)
(2.0371795051256196,-0.5599596854946429)
(2.0317289446867037,-0.5747247462071491)
(2.026178670621381,-0.5894556199196654)
(2.0205289778433064,-0.6041517408456873)
(2.014780164972116,-0.6188125449489844)
(2.0089325343196287,-0.6334374699645972)
(2.002986391875929,-0.6480259554197011)
(1.9969420472953017,-0.6625774426544425)
(1.9907998138820444,-0.6770913748426527)
(1.9845600085761517,-0.6915671970125009)
(1.9782229519388415,-0.7060043560670543)
(1.9717889681379863,-0.7204023008047459)
(1.9652583849333747,-0.7347604819397897)
(1.9586315336618738,-0.7490783521224559)
(1.951908749222439,-0.7633553659593217)
(1.945090370061011,-0.7775909800333829)
(1.938176738155269,-0.791784652924102)
(1.931168198999273,-0.8059358452273718)
(1.924065101587962,-0.8200440195753534)
(1.916867798401531,-0.8341086406562882)
(1.9095766453896896,-0.8481291752341593)
(1.9021920019557839,-0.8621050921682737)
(1.8947142309408005,-0.8760358624327873)
(1.8871436986072376,-0.8899209591360898)
(1.8794807746228697,-0.903759857540133)
(1.8717258320443713,-0.9175520350796192)
(1.863879247300829,-0.9312969713811606)
(1.8559414001771255,-0.9449941482822783)
(1.847912673797209,-0.9586430498503454)
(1.8397934546072419,-0.9722431624013981)
(1.8315841323586244,-0.9857939745188985)
(1.8232851000909056,-0.999294977072354)
(1.8148967541145717,-1.0127456632358398)
(1.8064194939937233,-1.0261455285064582)
(1.7978537225286286,-1.0394940707226625)
(1.789199845738167,-1.0527907900824887)
(1.7804582728421536,-1.0660351891616904)
(1.7716294162435557,-1.0792267729317526)
(1.7627136915105868,-1.09236504877785)
(1.753711517358692,-1.1054495265166249)
(1.7446233156324233,-1.1184797184139454)
(1.7354495112871982,-1.1314551392024876)
(1.7261905323709579,-1.1443753060992536)
(1.7168468100057008,-1.1572397388229732)
(1.7074187783689256,-1.1700479596113758)
(1.6979068746749448,-1.18279949323841)
(1.6883115391561072,-1.1954938670312778)
(1.6786332150439076,-1.2081306108874417)
(1.6688723485499872,-1.2207092572914542)
(1.6590293888470393,-1.2332293413317166)
(1.6491047880495933,-1.2456904007171206)
(1.6390990011947222,-1.2580919757935485)
(1.6290124862226116,-1.2704336095603248)
(1.6188457039570556,-1.2827148476864925)
(1.6085991180858443,-1.2949352385270003)
(1.5982731951410418,-1.3070943331387896)
(1.5878684044791695,-1.3191916852967485)
(1.577385218261298,-1.3312268515095629)
(1.5668241114330346,-1.3431993910354305)
(1.5561855617044076,-1.3551088658976969)
(1.545470049529665,-1.3669548409003425)
(1.5346780580869706,-1.3787368836433715)
(1.5238100732580155,-1.3904545645380564)
(1.5128665836075155,-1.4021074568221137)
(1.5018480803626346,-1.4136951365747117)
(1.4907550573923165,-1.4252171827313764)
(1.4795880111865056,-1.4366731770988017)
(1.4683474408352963,-1.4480627043694967)
(1.4570338480079843,-1.4593853521363491)
(1.445647736932026,-1.4706407109070452)
(1.4341896143719342,-1.4818283741183709)
(1.4226599896080385,-1.4929479381504185)
(1.411059374415212,-1.5039990023406153)
(1.3993882830414737,-1.5149811689976944)
(1.3876472321865245,-1.5258940434154913)
(1.375836740980204,-1.536737233886641)
(1.363957330960843,-1.5475103517161453)
(1.352009526053565,-1.558213011234805)
(1.3399938525484687,-1.5688448298125586)
(1.3279108390787766,-1.5794054278716536)
(1.3157610165988467,-1.589894428899717)
(1.3035449183621675,-1.6003114594627026)
(1.2912630798992242,-1.6106561492176903)
(1.2789160389953236,-1.6209281309255736)
(1.2665043356683183,-1.6311270404636218)
(1.2540285121462837,-1.6412525168378898)
(1.2414891128450727,-1.6513042021955502)
(1.2288866843458741,-1.6612817418370223)
(1.2162217753726021,-1.6711847842280445)
(1.2034949367693182,-1.6810129810115604)
(1.190706721477477,-1.6907659870195295)
(1.1778576845132023,-1.7004434602845335)
(1.1649483829444345,-1.7100450620513277)
(1.1519793758679906,-1.7195704567882253)
(1.1389512243866473,-1.7290193121983264)
(1.1258644915860594,-1.7383912992306756)
(1.1127197425116817,-1.7476860920912092)
(1.0995175441455696,-1.7569033682536646)
(1.0862584653831917,-1.7660428084702475)
(1.0729430770100943,-1.7751040967822658)
(1.059571951678575,-1.7840869205305598)
(1.0461456638842634,-1.7929909703658309)
(1.0326647899426284,-1.8018159402588367)
(1.01912990796548,-1.8105615275104134)
(1.005541597837335,-1.8192274327614413)
(0.9919004411918162,-1.827813360002569)
(0.9782070213879219,-1.836319016583899)
(0.9644619234862689,-1.8447441132244853)
(0.950665734225303,-1.853088364021681)
(0.9368190419974128,-1.8613514864604215)
(0.9229224368250416,-1.869533201422269)
(0.9089765103366685,-1.8776332331944148)
(0.8949818557428697,-1.8856513094784748)
(0.8809390678121883,-1.8935871613991822)
(0.8668487428470495,-1.9014405235129421)
(0.8527114786595982,-1.909211133816233)
(0.8385278745474936,-1.916898733753861)
(0.8242985312696618,-1.9245030682271116)
(0.8100240510219723,-1.9320238856017398)
(0.7957050374129485,-1.9394609377157996)
(0.7813420954393369,-1.9468139798873745)
(0.7669358314617335,-1.9540827709221413)
(0.7524868531800595,-1.961267073120809)
(0.7379957696091302,-1.9683666522863914)
(0.7234631910540503,-1.9753812777313864)
(0.7088897290856818,-1.982310722284753)
(0.6942759965160119,-1.989154762298798)
(0.6796226073734913,-1.9959131776559076)
(0.6649301768783813,-2.002585751775112)
(0.650199321417982,-2.009172271618556)
(0.6354306585219559,-2.0156725276977774)
(0.6206248068374635,-2.02208631407989)
(0.6057823861044185,-2.0284134283935686)
(0.5909040171306168,-2.0346536718349677)
(0.5759903217668423,-2.040806849173416)
(0.5610419228820206,-2.046872768757031)
(0.5460594443382278,-2.0528512425181638)
(0.5310435109658039,-2.0587420859786936)
(0.5159947485383136,-2.0645451182552)
(0.5009137837476071,-2.0702601620639816)
(0.4858012441787398,-2.0758870437259227)
(0.47065775828496703,-2.0814255931712364)
(0.4554839553626671,-2.086875643944043)
(0.4402804655262224,-2.092237033206835)
(0.42504791968297245,-2.0975096017447505)
(0.4097869495080419,-2.1026931939697544)
(0.3944981874192214,-2.107787657924641)
(0.37918226655179843,-2.112792845286908)
(0.36383982073342186,-2.117708611372474)
(0.348471484458845,-2.122534815139284)
(0.33307789286480405,-2.1272713191907155)
(0.31765968170476716,-2.131917989778886)
(0.30221748732370607,-2.13647469680781)
(0.2867519466328831,-2.140941313836401)
(0.271263697084598,-2.1453177180813157)
(0.2557533766469547,-2.1496037904196834)
(0.24022162377857126,-2.153799415391688)
(0.2246690774033562,-2.1579044812029657)
(0.20909637688521668,-2.1619188797269127)
(0.19350416200278975,-2.165842506506816)
(0.17789307292415996,-2.169675260757839)
(0.16226375018159445,-2.1734170453688857)
(0.146616834646272,-2.1770677669042833)
(0.13095296750295207,-2.1806273356053634)
(0.11527279022476818,-2.184095665391864)
(0.09957694454789075,-2.1874726738632018)
(0.0838660724462898,-2.1907582822996043)
(0.06814081610643768,-2.193952415663087)
(0.052401817902049105,-2.197055002598287)
(0.03664972036884353,-2.2000659754331586)
(0.020885166179239058,-2.202985270179531)
(0.005108798117160422,-2.2058128265334953)
(-0.010678740947240894,-2.208548587875676)
(-0.026476808082786102,-2.211192501271341)
(-0.04228476032252751,-2.213744517470383)
(-0.058101954688914374,-2.21620459090713)
(-0.07392774821900029,-2.218572679700038)
(-0.08976149798966271,-2.2208487456512445)
(-0.10560256114271303,-2.2230327542459314)
(-0.12145029491009562,-2.2251246746516125)
(-0.13730405663898776,-2.2271244797172147)
(-0.15316320381696988,-2.2290321459720603)
(-0.1690270940970662,-2.2308476536246804)
(-0.18489508532286034,-2.2325709865614902)
(-0.20076653555358168,-2.2342021323453376)
(-0.21664080308908795,-2.235741082213876)
(-0.23251724649493494,-2.237187831077834)
(-0.24839522462734165,-2.2385423775191033)
(-0.26427409665819535,-2.239804723788716)
(-0.2801532220999563,-2.2409748758046604)
(-0.2960319608306242,-2.2420528431495614)
(-0.31190967311860285,-2.2430386390682124)
(-0.3277857196475739,-2.243932280464979)
(-0.3436594615413533,-2.2447337879010427)
(-0.3595302603886637,-2.24544318559152)
(-0.3753974782679694,-2.2460605014024364)
(-0.39126047777215955,-2.2465857668475313)
(-0.40711862203331173,-2.2470190170849818)
(-0.42297127474735435,-2.247360290913915)
(-0.4388178001987058,-2.24760963077084)
(-0.4546575632849106,-2.2477670827259)
(-0.47048992954117436,-2.247832696478996)
(-0.4863142651649657,-2.2478065253557817)
(-0.5021299370404464,-2.2476886263035047)
(-0.5179363127629784,-2.2474790598867136)
(-0.533732760663534,-2.2471778902828174)
(-0.5495186498330779,-2.246785185277521)
(-0.565293350146889,-2.246301016260114)
(-0.5810562322888705,-2.2457254582186184)
(-0.5968066677758307,-2.2450585897347968)
(-0.6125440289816245,-2.244300492979037)
(-0.6282676891613774,-2.243451253705071)
(-0.6439770224755683,-2.2425109612445877)
(-0.659671404014119,-2.2414797085016946)
(-0.6753502098203779,-2.2403575919472227)
(-0.6910128169151505,-2.2391447116129397)
(-0.7066586033205619,-2.237841171085587)
(-0.7222869480839522,-2.2364470775007845)
(-0.7378972313017096,-2.234962541536841)
(-0.7534888341430125,-2.233387677408361)
(-0.7690611388735556,-2.2317226028597767)
(-0.7846135288791828,-2.229967439158714)
(-0.8001453886895447,-2.2281223110892348)
(-0.8156561040015751,-2.226187346944932)
(-0.8311450617030175,-2.2241626785219166)
(-0.8466116498958719,-2.2220484411116392)
(-0.8620552579197133,-2.219844773493598)
(-0.877475276375073,-2.217551817927927)
(-0.8928710971466103,-2.215169720147803)
(-0.9082421134263817,-2.2126986293517756)
(-0.9235877197368949,-2.2101386981959426)
(-0.9389073119542302,-2.2074900827859745)
(-0.9542002873310039,-2.2047529426690518)
(-0.9694660445193022,-2.201927440825628)
(-0.9847039835935917,-2.1990137436610837)
(-0.9999135060734585,-2.1960120209972582)
(-1.0150940149464016,-2.1929224460638324)
(-1.0302449146904378,-2.189745195489587)
(-1.045365611296757,-2.1864804492935597)
(-1.060455512292191,-2.1831283908760213)
(-1.0755140267617325,-2.179689207009377)
(-1.0905405653708558,-2.176163087828902)
(-1.105534540387845,-2.172550226823376)
(-1.1204953657060706,-2.1688508208255772)
(-1.1354224568660853,-2.1650650700026453)
(-1.1503152310777613,-2.161193177846334)
(-1.1651731072422722,-2.1572353511631417)
(-1.1799955059740546,-2.1531918000642767)
(-1.1947818496226297,-2.1490627379555596)
(-1.2095315622944032,-2.144848381527151)
(-1.2242440698743606,-2.140548950743179)
(-1.238918800047681,-2.136164668831245)
(-1.2535551823212843,-2.13169576227179)
(-1.268152648045254,-2.127142460787364)
(-1.2827106304342741,-2.122504997331745)
(-1.2972285645888357,-2.1177836080789665)
(-1.3117058875165204,-2.1129785324121997)
(-1.3261420381530615,-2.10809001291253)
(-1.3405364573834195,-2.1031182953476044)
(-1.3548885880627135,-2.0980636286601695)
(-1.3691978750370661,-2.0929262649564926)
(-1.38346376516442,-2.087706459494633)
(-1.3976857073351763,-2.08240447067266)
(-1.41186315249282,-2.077020560016675)
(-1.4259955536543978,-2.0715549921687866)
(-1.4400823659309812,-2.06600803487492)
(-1.4541230465479187,-2.060379958972541)
(-1.4681170548651088,-2.0546710383782543)
(-1.482063852397155,-2.04888155007528)
(-1.4959629028333477,-2.0430117741008385)
(-1.50981367205766,-2.0370619935333814)
(-1.5236156281685762,-2.031032494479773)
(-1.537368241498871,-2.024923566062282)
(-1.5510709846352306,-2.018735500405533)
(-1.5647233324378396,-2.0124685926233)
(-1.578324762059848,-2.0061231408052085)
(-1.5918747529667148,-1.9996994460033182)
(-1.605372786955485,-1.993197812218613)
(-1.6188183481739302,-1.9866185463873705)
(-1.6322109231396655,-1.9799619583674006)
(-1.6455500007590314,-1.9732283609242411)
(-1.6588350723460163,-1.966418069717162)
(-1.6720656316409779,-1.9595314032851412)
(-1.6852411748292881,-1.9525686830326732)
(-1.6983612005599111,-1.9455302332155158)
(-1.7114252099637977,-1.938416380926305)
(-1.7244327066722736,-1.9312274560800826)
(-1.7373831968351987,-1.9239637913997076)
(-1.7502761891391516,-1.916625722401177)
(-1.7631111948254046,-1.9092135873788274)
(-1.7758877277078364,-1.9017277273904627)
(-1.7886053041907193,-1.8941684862423511)
(-1.8012634432864068,-1.8865362104741374)
(-1.8138616666329297,-1.878831249343649)
(-1.8263994985114071,-1.8710539548116167)
(-1.838876465863448,-1.8632046815262826)
(-1.8512920983083567,-1.855283786807906)
(-1.863645928160275,-1.8472916306331941)
(-1.8759374904451767,-1.839228575619616)
(-1.888166322917769,-1.8310949870096382)
(-1.900331966078307,-1.8228912326548268)
(-1.9124339631891893,-1.814617682999926)
(-1.9244718602915822,-1.8062747110667567)
(-1.9364452062218078,-1.7978626924380992)
(-1.9483535526276698,-1.7893820052414255)
(-1.9601964539846521,-1.7808330301325905)
(-1.9719734676120142,-1.7722161502793667)
(-1.983684153688722,-1.7635317513449702)
(-1.9953280752693026,-1.7547802214714265)
(-2.006904798299582,-1.7459619512628834)
(-2.018413891632253,-1.7370773337688263)
(-2.0298549270423845,-1.728126764467205)
(-2.0412274792427447,-1.719110641247484)
(-2.0525311258990753,-1.7100293643935804)
(-2.0637654476451677,-1.7008833365667584)
(-2.0749300280978744,-1.6916729627883902)
(-2.0860244538719512,-1.6823986504226722)
(-2.097048314594821,-1.6730608091592347)
(-2.108001202921176,-1.66365985099568)
(-2.1188827145474565,-1.6541961902200477)
(-2.129692448226242,-1.64467024339315)
(-2.1404300057804475,-1.6350824293309134)
(-2.151094992117476,-1.625433169086543)
(-2.161687015243164,-1.6157228859326958)
(-2.1722056862756576,-1.6059520053435017)
(-2.1826506194591286,-1.5961209549765547)
(-2.193021432177367,-1.5862301646548242)
(-2.203317744967262,-1.576280066348448)
(-2.21353918153212,-1.5662710941565217)
(-2.2236853687548854,-1.5562036842887306)
(-2.2337559367112063,-1.5460782750469908)
(-2.2437505186823907,-1.5358953068069336)
(-2.253668751168205,-1.5256552219993997)
(-2.2635102738995436,-1.5153584650918022)
(-2.2732747298510345,-1.505005482569433)
(-2.2829617652533662,-1.4945967229167243)
(-2.292571029605647,-1.4841326365984084)
(-2.3021021756874904,-1.4736136760406344)
(-2.3115548595710838,-1.463040295611975)
(-2.320928740633022,-1.452412951604446)
(-2.3302234815660663,-1.4417321022143648)
(-2.3394387483907644,-1.4309982075232117)
(-2.3485742104668925,-1.4202117294784067)
(-2.35762954050482,-1.4093731318740006)
(-2.3666044145766842,-1.398482880331347)
(-2.3754985121274714,-1.3875414422796561)
(-2.3843115159859276,-1.3765492869365559)
(-2.393043112375337,-1.3655068852885217)
(-2.4016929909241984,-1.3544147100712947)
(-2.4102608446766975,-1.3432732357502324)
(-2.418746370103109,-1.3320829385005712)
(-2.4271492671100026,-1.3208442961876878)
(-2.4354692390503616,-1.3095577883472242)
(-2.443705992733501,-1.2982238961652555)
(-2.45185923843491,-1.286843102458309)
(-2.459928689905892,-1.2754158916534006)
(-2.467914064383136,-1.2639427497679518)
(-2.475815082598058,-1.252424164389731)
(-2.483631468786078,-1.2408606246566813)
(-2.49136295069573,-1.2292526212366974)
(-2.4990092595975915,-1.2176006463074167)
(-2.5065701302931456,-1.2059051935358769)
(-2.5140453011234265,-1.194166758058195)
(-2.521434513977582,-1.182385836459137)
(-2.528737514301237,-1.1705629267517133)
(-2.535954051104768,-1.1586985283566338)
(-2.5430838769713975,-1.1467931420818231)
(-2.5501267480651513,-1.134847270101815)
(-2.557082424138674,-1.122861415937112)
(-2.5639506685409157,-1.1108360844335539)
(-2.5707312482246496,-1.098771781741563)
(-2.5774239337538494,-1.08666901529544)
(-2.584028499310938,-1.0745282937925358)
(-2.590544722703876,-1.0623501271724323)
(-2.596972385373099,-1.050135026596088)
(-2.603311272398337,-1.0378835044248986)
(-2.609561172505244,-1.0255960741997885)
(-2.615721878071948,-1.013273250620193)
(-2.621793185135358,-1.00091554952308)
(-2.627774893397422,-0.9885234878618677)
(-2.6336668062311803,-0.9760975836853572)
(-2.639468730686692,-0.9636383561166111)
(-2.6451804774968077,-0.9511463253318099)
(-2.650801861082787,-0.938622012539072)
(-2.6563326995598056,-0.9260659399572195)
(-2.6617728147422532,-0.9134786307945816)
(-2.6671220321489555,-0.9008606092276883)
(-2.672380181008177,-0.8882124003799974)
(-2.6775470942625272,-0.8755345303005517)
(-2.6826226085737104,-0.8628275259426651)
(-2.687606564327104,-0.8500919151424989)
(-2.692498805636201,-0.8373282265977072)
(-2.697299180346918,-0.8245369898460001)
(-2.7020075400417385,-0.8117187352436886)
(-2.7066237400437103,-0.7988739939442302)
(-2.7111476394202905,-0.7860032978767352)
(-2.715579100987064,-0.7731071797244822)
(-2.7199179913112745,-0.7601861729033419)
(-2.7241641807152375,-0.7472408115402875)
(-2.728317543279605,-0.7342716304518072)
(-2.732377956846451,-0.7212791651223134)
(-2.7363453030222447,-0.7082639516825723)
(-2.740219467180644,-0.6952265268880709)
(-2.7440003384651668,-0.6821674280974288)
(-2.7476878097916924,-0.6690871932507055)
(-2.7512817778508083,-0.655986360847812)
(-2.7547821431100497,-0.6428654699268017)
(-2.758188809815931,-0.6297250600422349)
(-2.761501685995867,-0.6165656712434666)
(-2.764720683459946,-0.6033878440529732)
(-2.767845717802516,-0.5901921194446652)
(-2.770876708403678,-0.5769790388221389)
(-2.7738135784305755,-0.563749143997023)
(-2.7766562548385654,-0.5505029771672084)
(-2.7794046683722398,-0.5372410808951698)
(-2.782058753566279,-0.5239639980861869)
(-2.7846184487461794,-0.5106722719666741)
(-2.787083696028809,-0.4973664460624144)
(-2.7894544413228295,-0.4840470641768172)
(-2.791730634328976,-0.4707146703692243)
(-2.793912228540147,-0.4573698089331351)
(-2.7959991812414033,-0.4440130243745145)
(-2.7979914535097796,-0.4306448613900176)
(-2.799889010213949,-0.4172658648453099)
(-2.801691820013748,-0.4038765797533261)
(-2.8033998553595616,-0.3904775512525287)
(-2.8050130924915404,-0.37706932458524295)
(-2.8065315114386724,-0.3636524450759062)
(-2.807955096017726,-0.3502274581094113)
(-2.8092838338320156,-0.3367949091093635)
(-2.810517716270043,-0.32335534351645806)
(-2.8116567385039795,-0.30990930676676376)
(-2.8127008994879863,-0.2964573442700781)
(-2.8136502019564387,-0.2830000013882878)
(-2.814504652421915,-0.26953782341370625)
(-2.81526426117314,-0.2560713555474819)
(-2.8159290422726957,-0.24260114287794504)
(-2.8164990135546266,-0.2291277303590624)
(-2.8169741966218966,-0.2156516627888175)
(-2.8173546168436863,-0.2021734847876665)
(-2.817640303352553,-0.18869374077698509)
(-2.8178312890414343,-0.17521297495755034)
(-2.817927610560513,-0.16173173128803028)
(-2.817929308313947,-0.14825055346346847)
(-2.8178364264564166,-0.13476998489386405)
(-2.817649012889568,-0.12129056868268576)
(-2.817367119258284,-0.10781284760546356)
(-2.816990800946822,-0.09433736408838468)
(-2.8165201170747896,-0.0808646601869234)
(-2.8159551304930104,-0.06739527756448856)
(-2.8152959077792032,-0.05392975747107002)
(-2.8145425192335374,-0.04046864072198739)
(-2.8136950388740556,-0.027012467676577157)
(-2.8127535444319225,-0.0135617782169655)
(-2.8117181173465537,-0.00011711172684843544)
(-2.810588842760599,0.013320992929677786)
(-2.809365809514759,0.026751997429310795)
(-2.808049110142495,0.04017536401061809)
(-2.8066388408645606,0.0535905554951528)
(-2.805135101583428,0.06699703530852083)
(-2.8035379958775306,0.08039426750137366)
(-2.801847630995388,0.09378171677044343)
(-2.8000641178495966,0.10715884847944152)
(-2.798187571010661,0.12052512868003407)
(-2.7962181087006837,0.1338800241326676)
(-2.794155852786931,0.14722300232745628)
(-2.792000928775245,0.1605535315049563)
(-2.7897534658033183,0.1738710806769363)
(-2.787413596633827,0.18717511964712913)
(-2.784981457647436,0.20046511903186137)
(-2.782457188835642,0.21374055028075423)
(-2.779840933793501,0.2270008856972666)
(-2.7771328397122037,0.24024559845929236)
(-2.7743330573715146,0.2534741626396438)
(-2.771441741132085,0.2666860532265223)
(-2.768459048927602,0.27988074614396535)
(-2.7653851422568314,0.2930577182721702)
(-2.7622201861755045,0.3062164474678595)
(-2.7589643492880738,0.31935641258454245)
(-2.7556178037393315,0.3324770934927484)
(-2.752180725205888,0.345577971100186)
(-2.7486532928875334,0.3586585273719152)
(-2.745035689498446,0.37171824535037384)
(-2.7413281012582664,0.38475660917542576)
