0.04119856061607549
0.08986243933388918
0.1200318572918928
0.1068982110744697
0.05828958421353135
0.08986773975532021
0.19790129635361464
0.26683574314979386
0.2398417904612622
0.13197337073549678
0.12005124476243505
0.2668627998105687
0.36320511082139195
0.32952438069030043
0.18301529336938327
0.10692111753791625
0.23987884752125305
0.3295423512012906
0.3018230848238646
0.16924328732291471
0.05831777798358081
0.1320290886024035
0.18307408925132554
0.16928797608889934
0.09587194738505339