31.18922678613735
31.182708240396586
31.16316856380954
31.13065554927465
31.085590138610513
31.027399905875182
30.956567234535534
30.873262863586405
30.777686340348012
30.670064941388
30.55065245615366
30.41972784476763
30.27759378242759
30.12457510366011
29.961017160304856
29.787284107543318
29.603757132536174
29.41083264029929
29.208920411335978
28.998441745262156
28.779827604223545
28.55351676932379
28.319954022575363
28.079588366068258
27.832871289142762
27.580255093370656
27.322191284111373
27.059129036337623
26.79115118139274
26.519421545503977
26.24401287057629
25.965351362659245
25.68385453353826
25.399930213043262
25.11397565964434
24.826376768930604
24.537883446791948
24.24772866938575
23.957388655450575
23.66720355579765
23.37673228142152
23.08666102316669
22.797281783267167
22.508482271292518
22.221695122494634
21.935999426868033
21.65201932021991
21.369974876121653
21.090072147571192
20.812100850993748
20.537447397225524
20.265069687374893
19.99552296504998
19.728536318345963
19.46547115062362
19.20521052060239
18.948270627037648
18.694745707142076
18.444719582176283
18.19826610185879
17.95544959148578
17.716325299382767
17.480939842536003
17.24933164847088
17.021531391653717
16.79756242289441
16.577441190417304
16.36117765144674
16.148338788866457
15.93979565804887
15.735105277118532
15.534694530870883
15.337229780819891
15.14400700385725
14.954562318407328
14.76886719625966
14.58688978106376
14.408595173184597
14.23394570107121
14.062901179299544
13.895419153500615
13.731455132428193
13.570962807456787
13.413894259831578
13.260200156017401
13.109829931514346
12.96273196352374
12.818853732860283
12.678141975514617
12.540542824275878
12.4060019408262
12.274464638718925
12.14587599765004
12.020180969428075
11.897324476041632
11.777251500216506
11.659907168845768
11.545236829666516
11.4331861215467
11.323701038734379
11.216727989410169
11.1122138488717
11.010106007666785
10.910352414979515
10.812901617561176
10.717702794485378
10.62470578799451
10.533861130692404
10.445120069326064
10.358434585387501
10.27375741275536
10.19104205258454
10.11024278564135
10.031314682271056
9.954213610174504
9.878896240160678
9.805320050032522
9.733443326754314
9.663225167040185
9.59462547649491
9.527604967430216
9.462125155472286
9.398148355068676
9.335637673996247
9.274557006964907
9.21487102840584
9.156545184527051
9.099545684713286
9.043839492342329
8.98939431508445
8.936178594747243
8.884161496723518
8.833312899095755
8.783603381446728
8.735004213422085
8.687487343087257
8.641025385117794
8.595591608859037
8.551159926288355
8.50770487991022
8.465201630612063
8.423625945506405
8.382954185782523
8.343163294588901
8.304230784965755
8.266134727845126
8.228853740134346
8.192366972897206
8.156654099645534
8.121695304752773
8.087471271999686
8.053963173261295
8.021152657343011
7.98902183897299
7.957553287956739
7.926730018499194
7.8965354786987785
7.8669535402170565
7.83796848812711
7.8095650109430395
7.781728190832498
7.754443494013574
7.727696761336991
7.701474199053992
7.6757623697700845
7.6505481835842835
7.625818889413269
7.601562066499584
7.5664684819106975
7.542791602920325
7.519557547694513
7.496756639830324
7.474379603350379
7.452417559554967
7.430862024034667
7.42312855066784
7.402615567875621
7.382467277085435
7.362674381714485
7.3432278273375085
7.324118795415305
7.305338697176511
7.286879167649841
7.268732059843894
7.250889439071666
7.233343577416866
7.216086948339214
7.199112221415759
7.18241225721537
7.165980102303586
7.1498089843749
7.133892307509743
7.118223647553287
7.102796747613365
7.08760551367476
7.072644010327097
7.057906456603777
7.04338722192921
7.029080822171856
7.0149819158004485
7.001085300140919
6.9873859077315466
6.973878802773945
6.960559177677456
6.947422349694633
6.934463757645539
6.921678958728604
6.90906362541583
6.8966135424302175
6.8843246038032815
6.872192810010592
6.860214265183347
6.84838517439397
6.836701841013841
6.825160664141227
6.813758136097634
6.802490839990694
6.79135544734195
6.780348715777692
6.769467486781286
6.758708683505268
6.7480693086417265
6.737546442349252
6.727137240235145
6.716838931391205
6.7066488164818425
6.696564265882946
6.686582717870287
6.676701676856016
6.6669187116720074
6.657231453898802
6.64763759623888
6.638134890933101
6.628721148219077
6.619394234830476
6.610152072536007
6.600992636717074
6.591913954983086
6.582914105823334
6.573991217294504
6.565143465742797
6.556369074559811
6.547666312971158
6.539033494857008
6.530468977603689
6.521971160985445
6.513538486075641
6.50516943418645
6.496862525836461
6.488616319745262
6.480429411854398
6.47230043437393
6.464228054853894
6.456210975280035
6.448247931193148
6.440337690831324
6.432479054294595
6.424670852731284
6.416911947545508
6.409201229625269
6.401537618590582
6.393919870040928
6.386347350799214
6.378818862990111
6.371333434052943
6.3638901166826685
6.356487988187363
6.349126149862298
6.341803726380063
6.334519865196436
6.327273735971483
6.320064530005543
6.312891459689648
6.3057537579700575
6.298650677826474
6.291581491763616
6.284545491315752
6.277541986563944
6.27057030566552
6.263629794395587
6.256719815700215
6.249839749260939
6.242988991070377
6.236166953018593
6.229373062489938
6.22260676197014
6.215867508663314
6.209154774118654
6.202468043866603
6.1958068170641445
6.189170606149099
6.182558936503086
6.175971346123038
6.169407385300909
6.162866616311486
6.1563486131080305
6.149852961025559
6.143379256491565
6.136927106744009
6.1304961295563505
6.124085952969465
6.117696215030308
6.1113265635370375
6.104976655790581
6.098646158352345
6.092334746808007
6.086042105537168
6.079767927488774
6.073510740818401
6.517353627034273
6.470129958286641
6.420381250645039
6.368072120216569
6.313170541024421
6.255648034232715
6.03020348911052
6.024082932632871
6.01797819763407
6.011889058499648
6.005815295927183
5.999756696766399
5.993713053863282
5.9876841659082345
5.981669837287979
5.975669877941281
5.969685799887893
5.963714012366156
5.957756045820089
5.951811730034488
5.9458808996154175
5.939963393864119
5.9340590566539655
5.9281677363105185
5.9222892854945055
5.9164235610877
5.91057042408161
5.9047297394689275
5.898901376137622
5.893085206767719
5.887281107730521
5.881488958990434
5.875708644009115
5.869940049652037
5.864183066097364
5.858437586747064
5.8527035081401975
5.846980729868396
5.841269154493382
5.83556868746655
5.829879237050551
5.824200714242768
5.818533032700743
5.812876108669413
5.807229860910157
5.801594210631603
5.7959690814221485
5.790354399184153
5.784750092069768
5.7791560904183505
5.773572326695459
5.767998735433328
5.762435253172826
5.756881818406912
5.751338371525439
5.745804854761347
5.7402812121382265
5.734767389419176
5.729263334056913
5.723768995145171
5.718284323371301
5.712809270970053
5.707343791678509
5.701887840692187
5.696441374622209
5.691004351453563
5.685576730504406
5.680158472386424
5.674749538966165
5.6693498933273485
5.663959499734152
5.658578323595409
5.6532063314297405
5.647843490831532
5.642489770437818
5.637145139896002
5.631809569832392
5.6264830318215315
5.621165498356349
5.6158569428190575
5.6105573394527966
5.605266663333997
5.599984890345502
5.594711997150333
5.589447961166177
5.5841927605404935
5.578946374126323
5.573708781458675
5.568479962731577
5.563259898775686
5.558048571036515
5.552845961553234
5.54765205293801
5.5424668283558995
5.537290271505299
5.532122366598887
5.52696309834508
5.521812451929993
5.51667041299988
5.511536967644046
5.50641210237821
5.501295804128348
5.496188060214936
5.491088858337641
5.485998186560445
5.48091603329714
5.475842387297266
5.4707772376323875
5.4657205736827965
5.460672385124551
5.455632661916902
5.4506013942900395
5.445578572733217
5.440564187983189
5.435827689256287
5.430828830960887
5.425571565420434
5.420590839828882
5.415618508058475
5.410654562106104
5.405698994144004
5.400751796510602
5.3958129617016395
5.390882482361561
5.385960351275128
5.381046561359329
5.376141105655494
5.37124397732167
5.3663551696252
5.361474675935583
5.356602489717475
5.351738604523964
5.346883013990048
5.342035711826299
5.337196691812721
5.332365947792829
5.3275434736679
5.3227292633914125
5.31792331096364
5.313125610426485
5.308336155858423
5.303554941369613
5.2987819610972275
5.294017209200888
5.289260679858248
5.284512367260798
5.279772265609716
5.275040369111945
5.270316671976376
5.265601168410144
5.2608938526151094
5.256194718784434
5.251503761099248
5.246820973725538
5.242146350811056
5.237479886482388
5.232821574842136
5.228171409966187
5.223529385901143
5.218895496661781
5.214269736228653
5.209652098545811
5.205042577518572
5.200441167011412
5.195847860845949
5.191262652799011
5.186685536600766
5.182116505932996
5.177555554427369
5.173002675663887
5.1684578631693086
5.163921110415728
5.1593924108192075
5.154871757738433
5.150359144473509
5.145854564264773
5.141358010291701
5.136869475671845
5.132388953459874
5.127916436646639
5.12345191815832
5.118995390855624
5.114546847532995
5.110106280917987
5.105673683670535
5.101249048382429
5.096832367576726
5.092423633707266
5.088022839158202
5.083629976243617
5.0792450372071185
5.0748680142215585
5.0704988993887055
5.066137684739041
5.061784362231509
5.057438923753378
5.053101361120105
5.048771666075216
5.0444498302902465
5.040135845364721
5.035829702826143
5.0315313941300195
5.027240910659913
5.022958243727534
5.018683384572876
5.014416324364305
5.010157054198768
5.005905565101981
5.001661848028601
4.997425893862515
4.993197693417081
4.988977237435389
4.984764516590582
4.980559521486187
4.97636224265643
4.972172670566612
4.967990795613488
4.9638166081256525
4.959650098363928
4.955491256521856
4.95134007272608
4.947196537036805
4.943060639448301
4.938932369889366
4.9348117182238145
4.930698674250989
4.9265932277063165
4.922495368261767
4.91840508552646
4.9143223690471975
4.910247208309021
4.906179592735752
4.902119511690647
4.89806695447692
4.8940219103383615
4.8899843684599436
4.885954317968422
4.881931747932968
4.877916647365773
4.873909005222693
4.869908810403884
4.865916051754414
4.8619307180649605
4.857952798072401
4.853982280460516
4.850019153860616
4.846063406852206
4.842115027963667
4.838174005672903
4.834240328408028
4.830313984548018
4.826394962423407
4.8224832503169415
4.818578836464284
4.859484034786815
4.858243022172034
4.857065288246684
4.803033926694426
4.7991658260447725
4.795304952111888
4.7914512928207955
4.7876048360548875
4.783765569656582
4.779933481428012
4.77610855913172
4.7722907904913185
4.768480163192188
4.764676664882134
4.760880283172078
4.757091005636728
4.753308819815263
4.749533713211979
4.745765673296986
4.7420046875068635
4.73825074324531
4.7345038278838425
4.730763928762433
4.727031033190166
4.723305128445899
4.719586201778921
4.715874240409593
4.71216923153
4.708471162577781
4.704780020144023
4.701095791339824
4.697418463796955
4.693748024302529
4.690084460165586
4.686427757851716
4.682777904349692
4.679134887172122
4.675498692989999
4.671869308999367
4.668246721555825
4.664630917541244
4.6610218843643985
4.657419608868627
4.653824077332395
4.650235276836072
4.64665319389632
4.643077815832925
4.639509129403102
4.635947120802014
4.632391777029689
4.628843084525217
4.6253010305337385
4.621765601467264
4.618236783998349
4.614714564787396
4.611198930483141
4.607689867723231
4.604187363134728
4.600691403334641
4.597201974930436
4.593719064520577
4.590242658695012
4.586772744035699
4.583309307117091
4.5798523345066515
4.5764018127653285
4.572957728448062
4.5695200681042465
4.566088818278241
4.562663965509811
4.5592454963346185
4.555833397284698
4.552427654888879
4.54902825567328
4.545635186161743
4.5422484328762955
4.538867982337569
4.535493821338592
4.53212593585188
4.528764312669875
4.525408938312034
4.522059799298574
4.518716882150896
4.515380173391993
4.512049659546854
4.508725327142877
4.505407162710262
4.502095152782398
4.498789283896258
4.495489542592788
4.4921959154172795
4.488908388919754
4.485626949655324
4.482351584184577
4.47908227907391
4.475819020895931
4.472561796229773
4.469310591661463
4.4660653937842785
4.462826189199061
4.45959296451458
4.4563657063478574
4.453144401324491
4.449929036078995
4.446719597255108
4.443516071506108
4.4403184454951505
4.437126705895536
4.433940839391057
4.430760832676277
4.427586672456829
4.424418345449713
4.421255838383593
4.418099137999063
4.414948231048961
4.411803104298601
4.408663744526086
4.405530138522571
4.402402273092522
4.39928013505398
4.3961637112388185
4.393052988493017
4.3899479536768835
4.386848593665334
4.383754895348108
4.380666845630046
4.377584431431279
4.374507639687524
4.371436457350254
4.368370871386957
4.365310868781377
4.362256436533686
4.35920756166075
4.356164231196321
4.353126432191239
4.350094151713667
4.347067376849263
4.344046094701404
4.3410302923913795
4.338019957058576
4.335015075860688
4.332015635973889
4.32902162459302
4.3260330289317785
4.323049836222899
4.320072033718318
4.317099608689355
4.314132548426887
4.311170840241509
4.3082144714637
4.30526342944399
4.302317701553103
4.299377275182153
4.296442137742737
4.293512276667135
4.290587679408445
4.2876683334407195
4.284754226259102
4.281845345139761
4.278941678100954
4.276043212461591
4.273149935802595
4.270261835967747
4.267378900100093
4.2645011160869295
4.261628471597038
4.258760954321487
4.255898551973721
4.253041252289685
4.250189043027945
4.247341911969781
4.244499846919319
4.241662835703605
4.238830866172739
4.236003926199952
4.233182003681717
4.230365086537857
4.227553162711595
4.224746220169707
4.221944246902568
4.219147230924256
4.216355160272631
4.213568023009433
4.210785807220346
4.20800850101509
4.205236092527491
4.20246856991557
4.19970592136159
4.196948135072153
4.194195199278272
4.191447102235417
4.1887038322236
4.185965377547416
4.183231726536148
4.1805028675437805
4.177778788949093
4.175059479155699
4.1723449265921015
4.169635119711761
4.166930046993128
4.164229696939717
4.161534058080129
4.1588431189681145
4.1561568681826255
4.153475294327829
4.1507983860331885
4.148126131953474
4.145458520768828
4.14279554118477
4.140137181932264
4.1374834317677305
4.1348342794730994
4.132189713855822
4.12954972374892
4.12691429801099
4.124283425526269
4.121657095204615
4.119035295981557
4.116418016818333
4.113805246701879
4.111196974644871
4.108593189685736
4.105993880888679
4.103399037343682
4.10080864816654
4.098222702498877
4.0956411895081235
4.093064098387571
4.0904914183563745
4.087923138659527
4.085359248567929
4.082799737378326
4.080244594413376
4.077693809021615
4.0751473705774846
4.07260526848132
4.070067492159366
4.067534031063754
4.065004874672526
4.06248001248963
4.059959434044899
4.0574431288940715
4.054931086618778
4.05242329682653
4.049919749150729
4.047420433250633
4.044925338811372
4.042434455543942
4.039947773185177
4.037465281497749
4.034986970270161
4.354470838797544
4.151280101106648
3.9448492956529875
4.025115326631258
4.0226577654332685
4.02020432396768
4.017754992203358
4.015309760134908
4.01286861778259
4.010431555192343
4.00799856243574
4.005569629609994
4.003144746837917
4.000723904267893
3.998307092073863
3.9958943004553205
3.993485519637243
3.9910807398701134
3.988679951429861
3.9862831446178504
3.9838903097608553
3.981501437211024
3.9791165173458536
3.9767355405681606
3.9743584973060577
3.9719853780129273
3.9696161731673634
3.9672508732731675
3.964889468859324
3.9625319504799212
3.9601783087141915
0.3915318686847212
0.2995093692219186
3.9531405492669416
3.9508023202488762
3.948467921115906
3.9461373425971487
3.943810575446578
3.941487610443001
3.9391684383899968
3.9368530501159076
3.934541436473779
3.9322335883413353
3.929929496620926
3.9276291522394953
3.9253325461485584
3.923039669324124
3.9207505127666815
3.9184650675011667
3.91618332457689
3.9139052750675147
3.911630910071022
3.9093602207096563
3.9070931981298833
3.904829833502343
3.902570118021826
3.9003140429072127
3.8980615994014136
3.8958127787713734
3.8935675723079894
3.891325971326053
3.889087967164248
3.8868535511850792
3.8846227147748382
3.882395449343529
3.8801717463248453
3.87795159717614
3.875734993378342
3.8735219264359366
3.8713123878769
3.8691063692526666
3.8669038621380594
3.8647048581312684
3.8625093488537976
3.8603173259503842
3.858128781089005
3.8559437059607746
3.853762092279935
3.85158393178377
3.849409216232597
3.847237937409681
3.845070087121208
3.842905657196221
3.840744639486587
3.8385870258669135
3.836432808234544
3.8342819785094573
3.832134528634273
3.829990450574133
3.827849736316711
3.825712377872128
3.8235783672729156
3.8214476965739514
3.819320357852414
3.817196343207737
3.815075644761536
3.8129582546575995
3.810844165061776
3.8087333681619855
3.806625856168104
3.8045216213119644
3.8024206558472793
3.8003229520495942
3.798228502216208
3.796137273722192
3.7940493337401984
3.7919645998006173
3.7898830892313167
3.7878047944377067
3.78572970784665
3.783657821906412
3.78158912908661
3.779523621878175
3.7774612927932574
3.7754021343652195
3.7733461391485372
3.771293299718795
3.769243608672591
3.7671970586274974
3.7651536422220246
3.7631133521155355
3.7610761809882267
3.7590421215410146
3.757011166495573
3.75498330859419
3.752958540599771
3.750936855295766
3.7489182454861
3.746902703995149
3.7448902236676687
3.7428807973687377
3.74087441798372
3.738871078418182
3.7368707715978786
3.7348734904686482
3.732879227996424
3.7308879771671113
3.728899730986582
3.7269144824805953
3.724932224694754
3.7229529506944568
3.720976653564826
3.7190033264106783
3.717032962356437
3.715065554546116
3.7131010961432285
3.711139580330774
3.709181000311145
3.7072253493061025
3.7052726205566997
3.7033228073232554
3.7013759028852613
3.699431900541377
3.697490793609326
3.6955525754258844
3.6936172393468
3.691684778746766
3.689755187019319
3.6878284575768476
3.68590458385048
3.6839835592901
3.6820653773641983
3.680150031559921
3.678237515382949
3.676327822357463
3.674420946026106
3.6725168799498924
3.6706156177082128
3.6687171528987212
3.6668214791373295
3.6649285900581194
3.6630384793133226
3.6611511405732213
3.6592665675261626
3.6573847538784396
3.6555056933542858
3.6536293796957917
3.651755806662881
3.6498849680332373
3.64801685760226
3.6461514691830046
3.6442887966061503
3.6424288337199244
3.64057157439006
3.638717012499759
3.6368651419496207
3.635015956657595
3.6331694505589267
3.6313256176061386
3.6294844517689193
3.627645947034118
3.625810097405702
3.623976896904657
3.622146339568968
3.6203184194535707
3.618493130630304
3.6166704671878316
3.6148504232316268
3.613032992883901
3.6112181702835513
3.609405949586132
3.6075963249637715
3.605789290605157
3.603984840715461
3.6021829695162935
3.6003836712456736
3.598586940157958
3.5967927705237894
3.5950011566300626
3.5932120927798707
3.591425573292452
3.5896415925031304
3.587860144763305
3.586081224440355
3.5843048259176133
3.582530943594315
3.580759571885564
3.578990705222251
3.577224338051032
3.5754604648342814
3.5736990800500292
3.571940178191905
3.570183753769125
3.5684298013064084
3.566678315343957
3.564929290437385
3.5631827211576934
3.5614386020912012
3.559696927839507
3.5579576930194623
3.5562208922630827
3.5544865202175364
3.5527545715450777
3.5510250409230277
3.549297923043678
3.5475732126142936
3.5458509043570445
3.5441309930089604
3.5424134733218873
3.54069834006245
3.5389855880119776
3.5372752119664974
3.535567206736653
3.5338615671476865
3.5321582880393745
3.530457364266003
3.5287587906963003
3.527062562213403
3.525368673714798
3.52367712011231
3.52198789633203
3.520300997314267
3.518616418013524
3.5169341533984344
3.515254198451747
3.513576548170228
3.511901197564681
3.51028383500348
3.50855737549444
3.5068888941209697
3.5052226926058494
3.5035587660292364
3.5018971094850593
3.5002377180809208
3.4985805869381448
3.4969257111915955
3.4952730859897763
3.4936227064946728
3.4919745678818006
3.490328665340086
3.488684994071893
3.487043549292929
3.485404326232227
3.4837673201321038
3.4821325262481024
3.480499939848974
3.478869556216604
3.477241370646013
3.475615378445285
3.473991574935531
3.472369955450845
3.470750515338285
3.4691332499578054
3.467518154682232
3.4659052248971993
3.4642944560011637
3.462685843405284
3.461079382533461
3.4594750688222344
3.4578728977207827
3.4562728646908623
3.4546749652067708
3.453079194755333
3.451485548835811
3.449894022959917
3.448304612651739
3.4467173134477145
3.4451321208965835
3.443549030559363
3.441968038009324
3.440389138831874
3.4388123286246337
3.4372376029973086
3.4356649575716824
3.4340943879815886
3.4325258898728497
3.4309594589032613
3.4293950907425397
3.427832781072294
3.4262725255859787
3.4247143199888486
3.4231581599979535
3.421604041342066
3.4200519597616705
3.418501911008914
3.416953890847559
3.4154078950529687
3.4138639194120453
3.4123219597232213
3.4107820117964023
3.4092440714529397
3.4077081345255924
3.4061741968584873
3.404642254307089
3.4031123027381596
3.4015843380297164
3.400058356071024
3.398534352762513
3.39701232401581
3.395492265753608
3.3939741739097276
3.3924580444290333
3.390943873267387
3.3894316563916522
3.3879213897796228
3.3864130694200276
3.384906691312433
3.3834022514672832
3.3818997459058218
3.380399170660049
3.3789005217727173
3.377403795297294
3.375908987297909
3.3744160938493226
3.3729251110368996
3.3714360349566035
3.369948861714889
3.3684635874287525
3.3669802082256424
3.3654987202434516
3.364019119630466
3.3625414025453604
3.3610655651571366
3.3595916036450975
3.358119514198832
-4.2328612025938295
-4.244693181812015
-4.254255711193083
3.352249801220866
3.350787015304475
3.3493260788052757
3.34786698798385
3.3464097391108147
3.344954328466742
3.34350075234219
3.3420490070376077
3.3405990888633705
3.3391509941396693
3.337704719196549
3.3362602603738454
3.3348176140211643
3.333376776497848
3.3319377441729214
-4.058130955668927
-4.022560774236138
-3.984212701797567
3.326199594575935
3.324769534116099
3.323341257270985
3.3219147604766825
3.3204900401787993
3.319067092832322
3.3176459149016764
3.3162265028606375
3.314808853192332
3.313392962389202
3.3119788269529726
3.3105664433946194
3.3091558082343444
3.30774691800156
3.306339769234823
3.3049343584818454
3.303530682299451
3.3021287372535295
3.300728519919054
3.299330026879976
3.2979332547292795
3.2965382000689045
3.295144859509737
3.2937532296715686
3.292363307183064
3.290975088681762
3.2895885708140256
3.28820375023501
3.2868206236086537
3.2854391876076305
3.284059438913329
3.2826813742158394
3.281304990213906
3.279930283614922
3.2785572511348673
3.277185889498334
3.275816195438432
3.274448165696833
3.2730817970236954
3.271717086177653
3.2703540299257754
3.2689926250435892
3.2676328683149816
3.266274756532228
3.264918286495935
3.2635634550150323
3.262210258906757
3.2608586949965614
3.259508760118211
3.2581604511136217
3.256813764832939
3.255468698134435
3.254125247884549
3.2527834109578206
3.251443184236864
3.250104564612378
3.248767548983083
3.2474321342557175
3.246098317345002
3.244766095173619
3.243435464672187
3.2421064227792216
3.2407789664411752
3.239453092612303
3.2381287982547335
3.2368060803383947
3.235484935841021
3.234165361748095
3.232847355052845
3.2315309127562233
3.2302160318668727
3.228902709401103
3.2275909423828746
3.2262807278437644
3.2249720628229497
3.223664944367186
3.2223593695307757
3.221055335375563
3.2197528389708725
3.2184518773935453
3.217152447727832
3.2158545470654722
3.214558172505566
3.2132633211546655
3.2119699901266303
3.210678176542698
3.1965825434988453
3.208099090228633
3.206811811777482
3.2055260393283214
3.2042417700387897
3.2029590010736917
3.2016777296050454
3.2003979528120157
3.1991196678809106
3.1978428720051846
3.1965675623853635
3.195293736229067
3.194021390750961
3.1927505231727515
3.191481130723159
3.1902132106378684
3.188946760159585
3.187681776537913
3.186418257029421
3.185156198897552
3.18389559941265
3.182636455851929
3.1813787654994123
3.1801225256459866
3.178867733589326
3.177614386633866
3.1763624820908136
3.1751120172781206
3.1738629895204453
3.17261539614915
3.1713692345022833
3.170124501924517
3.168881195767193
3.1676393133882668
3.16639885215226
3.1651598094303046
3.163922182600064
3.1626859690457505
3.16145116615809
3.160217771334304
3.158985781978088
3.1577551954995853
3.1565260093154004
3.1552982208485396
3.1540718275283974
3.1528468267907614
3.15162321607778
3.150400992837934
3.149180154526018
3.1479606986031503
3.1467426225367117
3.1455259238003555
3.1443105998739656
3.143096648243677
3.1418840664018135
3.1406728518468863
3.1394630020835854
3.138254514622742
3.1370473869813287
3.135841616682421
3.134637201255197
3.133434138234908
3.1322324251628753
3.131032059586434
3.1298330390589677
3.128635361139862
3.127439023394461
3.126244023394116
3.1250503587160887
3.123858026943611
3.122667025665797
3.1214773524776813
3.120289004980155
3.119101980779981
3.1179162774897793
3.1167318927279815
3.11554882411882
3.1143670692923315
3.1131866258843233
3.1120074915363594
3.1108296638957427
3.1096531406155017
3.108477919354359
3.107303997776734
3.106131373552727
3.104960044358062
3.1037900078741374
3.10262126178794
3.1014538037920834
3.100287631584757
3.0991227428697203
3.0979591353562874
3.0967968067593157
0.655093369696205
3.094475977201754
3.0933174716984055
3.0921602360259732
3.0910042679267504
3.0898495651484583
3.0886961254442737
3.087543946572741
3.0863930262978228
3.0852433623888413
3.0840949526204944
3.082947794772808
3.081801886631133
3.0806572259861476
3.0795138106338147
3.0783716383753883
3.077230707017362
3.076091014371514
3.0749525582548287
3.0738153364895213
3.0726793469030067
3.0715445873278893
3.0704110556019435
3.069278749568097
3.068147667074426
3.0670178059741313
3.0658891641255246
3.064761739392018
3.063635529642104
3.0625105327493207
3.0613867465922993
3.060264169054685
3.0591427980251202
3.0580226313973196
3.0569036670699226
3.0557859029465844
3.0546693369359077
3.053553966951478
3.052439790911763
3.051326806740179
3.050215012365069
3.0491044057196226
3.0479949847419383
3.0468867473749612
3.0457796915665036
3.0446738152691952
3.043569116440491
3.04246559304265
3.0413632430427344
3.0402620644125866
3.039162055128788
3.0380632131727006
3.036965536530404
3.0358690231927112
3.0347736711551447
3.033679478417916
3.032586442985922
3.031494562868735
3.0304038360805765
3.029314260640299
3.0282258345714013
3.027138555902006
3.0260524226648027
3.024967432897079
3.0238835846407133
3.0228008759421563
3.0217193048523763
3.020638869426887
3.0195595677257376
3.0184813978134715
3.0174043577591343
3.0163284456362502
3.015253659522829
3.0141799975013166
3.0131074576586188
3.0120360380860696
3.010965736879419
3.0098965521388235
3.008828481968843
3.00776152447841
3.006695677780822
3.0056309399937473
3.004567309239185
3.003504783643464
3.0024433613372454
3.001383040455482
3.00032381913743
2.999265695526628
2.9982086677708817
2.997152734022249
2.996097892437038
2.995044141175802
2.9939914784032875
2.9929399022884797
2.9918894110045335
2.9908400027288167
2.989791675642844
2.988744427932317
2.987698257787056
2.9866531634010496
2.9856091429724083
2.9845661947033304
2.983524316800145
2.9824835074732503
2.9814437649371515
2.9804050874103916
2.979367473115588
2.978330920279399
2.9772954271325203
2.9762609919096596
2.975227612849534
2.9741952881948817
2.973164016192399
2.972133795092774
2.9711046231506697
2.970076498624682
2.969049419777368
2.9680233848751993
2.9669983921885903
2.9659744399918457
2.964951526563178
2.9639296501846855
2.9629088091423488
2.961889001726007
2.9608702262293494
2.959852480949936
2.9588357641891236
2.9578200742521163
2.9568054094479224
2.955791768089357
2.9547791484930217
2.9537675489792994
2.95275696787233
2.9517474035000393
2.9507388541940758
2.9497313182898433
2.9487247941264667
2.9477192800467775
2.946714774397341
2.9457112755283847
2.944708781793858
2.943707291551359
2.9427068031621526
2.9417073149911843
2.9407088254070075
2.939711332781847
2.938714835491532
2.937719331915514
2.9367248204368406
2.9357312994421565
2.9347387673217162
2.9337472224692998
2.932756663282305
2.9317670881616507
2.93077849551181
2.929790883740792
2.928804251260135
2.9278185964848955
2.9268339178336173
2.9258502137283724
2.9248674825946908
2.9238857228615918
4.702983220395577
2.9219251113305647
2.9209462564079676
2.919968366636619
2.9189914404627775
2.9180154763361235
2.9170404727097563
2.9160664280401694
2.915093340787244
2.9141212094142603
2.91315003238785
4.675449185731731
2.911210535258174
2.910242212104972
2.9092748371984785
2.9083084090220646
2.907342926062424
2.9063783868095556
2.9054147897567653
2.904452133400648
2.9034904162410693
2.902529636781181
2.901569793527411
2.9006108849894097
2.899652909680106
2.8986958661156406
2.897739752815405
2.896784568301993
2.8958303111012285
2.894876979742127
2.8939245727568914
2.8929730886809293
0.8735741987709077
2.891072883414261
2.890124159310199
2.889176352288666
2.8882294609008663
2.8872834837011183
2.886338419246874
2.8853942660987077
2.8844510228203024
2.8835086879784275
2.8825672601429564
2.881626737886845
2.880687119786116
2.8797484044198685
2.8788105903702657
2.877873676222497
2.8769376605648116
2.876002541988496
2.8750683190878425
2.874134990460192
2.873202554705871
2.872271010428205
2.871340356233532
2.8704105907311512
2.8694817125333647
2.86855372025543
2.8676266125155556
2.8667003879349298
2.8657750451376542
2.864850582750805
2.8639269994043515
2.863004293731206
2.8620824643671985
2.8611615099510534
2.8602414291243843
2.8593222205317255
2.8584038828204728
2.8574864146408916
2.856569814646132
2.8556540814922093
2.8547392138379575
2.8538252103451125
2.8529120696781436
2.851999790504486
2.851088371494304
2.850177811320602
2.8492681086591984
2.84835926218869
2.847451270590496
2.846544132548793
2.8456378467505608
2.8447324118855293
2.843827826646194
-11.644777631882045
2.842021199828395
2.8411191556486712
2.8402179558921317
2.8393175992649806
2.838418084476129
2.8375194102372285
2.836621575262616
2.835724578269327
2.8348284179770884
2.833933093108328
2.8330386023881227
2.8321449445442384
2.8312521183071038
2.830360122409784
2.8294689555880113
2.828578616580154
2.8276891041272214
2.826800416972839
2.8259125538632577
2.8250255135473457
2.824139294776582
2.8232538963050295
2.822369316889364
2.821485555288836
2.8206026102652784
2.819720480583105
2.818839165009286
2.8179586623133543
2.8170789712674007
2.8162000906460634
2.8153220192265094
2.8144447557884376
2.813568299114105
2.8126926479882517
2.8118178011981465
2.810943757533555
2.81007051578677
2.8091980747525582
2.808326433228168
2.8074555900133373
2.806585543910297
2.8057162937237066
2.8048478382607236
2.8039801763309344
2.8031133067463956
2.8022472283215967
2.8013819398734605
2.800517440221359
2.799653728187053
2.798790802594758
2.7979286622710706
2.797067306045013
2.7962067327480096
2.795346941213852
2.794487930278749
2.793629698781268
2.7927722455623534
2.7919155694653317
2.7910596693358802
2.790204544022029
2.7893501923741657
2.7884966132450324
2.78764380548968
2.7867917679655334
2.7859404995322867
2.7850899990520057
2.784240265389054
2.7833912974100885
2.7825430939840885
2.7816956539823208
2.7808489762783366
2.7800030597479903
2.7791579032694
2.7783135057229518
2.7774698659913226
2.7766269829594314
2.775784855514447
2.7749434825458295
2.774102862945201
2.773262995606517
2.77242387942591
2.7715855133017584
2.770747896134651
2.7699110268273905
2.7690749042850142
2.7682395274147336
2.767404895125977
2.7665710063303735
2.765737859941706
2.7649054548759873
2.7640737900513557
2.763242864388174
2.7624126768089265
2.7615832262382862
2.76075451160307
2.759926531832241
2.7590992858569163
2.758272772610337
2.7574469910278885
2.756621940047092
2.7557976186075734
2.7549740256510824
2.754151160121499
2.7533290209647707
2.7525076071289805
2.7516869175642835
2.7508669512229584
2.7500477070593337
2.749229184029837
2.7484113810929687
2.747594297209299
2.746777931341452
2.74596228245413
2.7451473495140717
2.7443331314900865
2.743519627352997
2.7427068360757043
2.7418947566331116
2.741083388002151
2.7402727291618034
2.7394627790930524
2.738653536778887
2.7378450012043216
2.7370371713563637
2.736230046224027
2.73542362479831
2.7346179060722084
2.733812889040688
2.7330085727007205
2.7322049560512234
2.731402038093104
2.7305998178292055
2.7297982942643655
2.7289974664053527
2.7281973332608973
2.7273978938416605
2.7265991471602558
2.7258010922312366
2.72500372807107
2.724207053698157
2.7234110681328234
2.7226157703973053
2.7218211595157458
2.7210272345142177
2.7202339944206617
2.7194414382649463
2.7186495650788043
2.7178583738958895
2.717067863751711
2.716278033683669
2.7154888827310346
2.714700409934947
2.713912614338414
2.713125494986303
2.7123390509253373
2.711553281204094
2.7107681848729848
2.709983760984278
2.709200008592069
2.7084169267522955
2.707634514522713
2.706852770962912
2.7060716951343
2.705291286100097
2.704511542925326
2.703732464676833
2.7029540504232505
2.7021762992350262
2.701399210184381
2.700622782345343
2.699847014793708
2.6990719066070663
2.6982974568647773
2.697523664647971
2.696750529039543
2.69597804912416
2.6952062239882397
2.6944350527199497
2.6936645344092183
2.692894668147726
2.6921254530288805
2.691356888147819
2.690588972601439
2.6898217054883755
2.6890550859088793
2.688289112965083
2.6875237857607486
2.686759103401359
2.685995064994096
2.685231669647868
2.6844689164732727
2.6837068045826085
2.682945333089849
2.6821845011106786
2.681424307762441
2.680664752164193
2.6799058334366292
2.679147550702147
2.6783899030847946
2.677632889710285
2.6768765097059903
2.6761207622009384
2.675365646325818
2.6746111612129653
2.6738573059963424
2.673104079811561
2.67235148179587
2.671599511088165
2.6708481668289377
2.6700974481603237
2.669347354226083
2.668597884171576
2.6678490371438013
2.6671008122913236
2.666353208764359
2.665606225714696
2.6648598622957285
2.664114117662451
2.6633689909714287
2.662624481380824
2.661880588050394
2.661137310141454
2.660394646816896
2.6596525972411986
2.6589111605803892
2.658170336002064
2.6574301226753914
2.6566905197710833
2.655951526461394
2.6552131419201483
2.654475365322716
2.6537381958459756
2.653001632668382
2.652265674969897
2.6515303219320323
2.6507955727378314
2.6500614265718117
2.6493278826200775
2.6485949400702142
2.647862598111293
2.647130855933963
2.646399712730312
2.6456691676939754
2.6449392200200545
2.64420986890518
2.6434811135474234
2.6427529531463967
2.642025386903152
2.641298414020263
2.640572033701754
2.639846245153137
2.6391210475813685
2.638396440194903
2.6376724222036443
2.6369489928189638
2.636226151253665
2.635503896722043
2.6347822284398106
2.6340611456241594
2.6333406474936805
2.6326207332684306
2.6319014021699165
2.6311826534210496
2.6304644862461837
2.629746899871094
2.6290298935229997
2.628313466430509
2.627597617823658
2.626882346933911
2.62616765299412
2.625453535238554
2.6247399929028914
2.6240270252241977
2.6233146314409423
2.622602810792984
2.6218915625215753
2.621180885869358
2.6204707800803497
2.6197612443999585
2.6190522780749705
2.618343880353532
2.617636050485167
2.616928787720784
2.616222091312629
2.6155159605143274
-2.014747353536262
2.6141053927685545
2.6134009543351104
2.6126970785395507
2.61199376464227
2.611291011904976
2.6105888195907507
2.609887186963984
2.6091861132904195
2.6084855978371184
2.607785639872475
2.6070862386662164
2.606387393489361
2.6056891036142753
2.6049913683146513
2.604294186865447
2.6035975585429827
2.6029014826248362
2.602205958389941
2.601510985118473
2.600816562091954
2.6001226885931703
2.599429363906218
2.5987365873164796
2.5980443581106005
2.5973526755765466
2.5966615390035397
2.595970947682072
2.595280900903934
2.5945913979621618
2.593902438151083
2.593214020766272
2.592526145104575
2.5918388104640933
2.591152016144196
2.590465761445489
2.589780045669837
2.5890948681203607
2.5884102281014023
2.5877261249185937
2.5870425578787417
2.586359526289947
2.5856770294615257
2.584995066704005
2.5843136373291657
2.5836327406499966
2.5829523759807302
2.582272542636804
2.581593239934876
2.5809144671928252
2.580236223729732
2.5795585088658917
2.5788813219228026
2.578204662223172
2.577528529090918
2.5768529218511254
2.57617783983012
2.5755032823553643
2.5748292487555684
2.574155738360596
2.5734827505014946
2.5728102845105236
2.5721383397210804
2.5714669154677794
2.570796011086374
2.57012562591383
2.5694557592882417
2.5687864105488885
2.568117579036206
2.567449264091815
2.566781465058482
2.5661141812800983
2.5654474121017636
2.5647811568696914
2.564115414931248
2.563450185634961
2.5627854683304845
2.562121262368628
2.561457567101318
2.5607943818816445
2.5601317060638205
2.559469539003172
2.5588078800561824
2.5581467285804336
2.5574860839346436
2.5568259454786624
2.556166312573438
2.5555071845810424
2.554848560864659
2.5541904407885863
2.553532823718237
2.5528757090201064
2.552219096061826
2.551562984212099
2.55090737284074
2.5502522613186587
2.549597649017863
2.5489435353114493
2.548289919573605
