   9.9999999999999994E-012  0.99102996600913085     
   1.0000000010000001E-002  0.98903781509156252     
   2.0000000010000001E-002  0.98210257863027528     
   3.0000000010000000E-002  0.97030258317921447     
   4.0000000010000002E-002  0.95376961709925523     
   5.0000000010000004E-002  0.93268442064890544     
   6.0000000010000006E-002  0.90727153915763881     
   7.0000000010000007E-002  0.87779320638096614     
   8.0000000010000002E-002  0.84454258198866428     
   9.0000000009999997E-002  0.80783666831902967     
  0.10000000000999999       0.76800921712209924     
  0.11000000000999999       0.72540389641074310     
  0.12000000000999998       0.68036793604789314     
  0.13000000000999998       0.63324640752811101     
  0.14000000000999999       0.58437724596196561     
  0.15000000001000000       0.53408711370418072     
  0.16000000001000000       0.48268799927407435     
  0.17000000001000001       0.43047464777639644     
  0.18000000001000002       0.37772270698233090     
  0.19000000001000003       0.32468752861859129     
  0.20000000001000004       0.27160354537894515     
  0.21000000001000005       0.21868413557136029     
  0.22000000001000006       0.16612189125735102     
  0.23000000001000007       0.11408920804738101     
  0.24000000001000008        6.2739122492090488E-002
  0.25000000001000006        1.2206330855234350E-002
  0.26000000001000007       -3.7391668189552550E-002
  0.27000000001000007       -8.5953355654970934E-002
  0.28000000001000008      -0.13339193927113036     
  0.29000000001000009      -0.17963409797187457     
  0.30000000001000010      -0.22461874924271444     
  0.31000000001000011      -0.26829585863843547     
  0.32000000001000012      -0.31062530552802797     
  0.33000000001000013      -0.35157581471534083     
  0.34000000001000014      -0.39112395995605970     
  0.35000000001000015      -0.42925324246788354     
  0.36000000001000015      -0.46595324522560555     
  0.37000000001000016      -0.50121886205689192     
  0.38000000001000017      -0.53504959923378204     
  0.39000000001000018      -0.56744894629763543     
  0.40000000001000019      -0.59842381223144137     
  0.41000000001000020      -0.62798402263255548     
  0.42000000001000021      -0.65614187393204371     
  0.43000000001000022      -0.68291175970256046     
  0.44000000001000023      -0.70830979957438711     
  0.45000000001000023      -0.73235348796696054     
  0.46000000001000024      -0.75506150411345563     
  0.47000000001000025      -0.77645346441386065     
  0.48000000001000026      -0.79654971699397203     
  0.49000000001000027      -0.81537117096268585     
  0.50000000001000022      -0.83293915034914434     
  0.51000000001000023      -0.84927526999557124     
  0.52000000001000024      -0.86440133070684644     
  0.53000000001000025      -0.87833923142267101     
  0.54000000001000026      -0.89111089618753014     
  0.55000000001000027      -0.90273821411523658     
  0.56000000001000028      -0.91324299057963909     
  0.57000000001000029      -0.92264690805637084     
  0.58000000001000029      -0.93097149567069726     
  0.59000000001000030      -0.93823810562519916     
  0.60000000001000031      -0.94446789598325709     
  0.61000000001000032      -0.94968181866273793     
  0.62000000001000033      -0.95390061186692987     
  0.63000000001000034      -0.95714479624133963     
  0.64000000001000035      -0.95943467415291173     
  0.65000000001000036      -0.96079033145454973     
  0.66000000001000036      -0.96123164143884110     
  0.67000000001000037      -0.96077827046048792     
  0.68000000001000038      -0.95944968479782078     
  0.69000000001000039      -0.95726515851920868     
  0.70000000001000040      -0.95424378253103137     
  0.71000000001000041      -0.95040447326480826     
  0.72000000001000042      -0.94576598260044720     
  0.73000000001000043      -0.94034690751492833     
  0.74000000001000044      -0.93416569985889131     
  0.75000000001000044      -0.92724067605626426     
  0.76000000001000045      -0.91959002662771283     
  0.77000000001000046      -0.91123182545952375     
  0.78000000001000047      -0.90218324051620002     
  0.79000000001000048      -0.89246170410276426     
  0.80000000001000049      -0.88208617293933356     
  0.81000000001000050      -0.87107450552194599     
  0.82000000001000051      -0.85944431797811238     
  0.83000000001000052      -0.84721315703566924     
  0.84000000001000052      -0.83439850627299383     
  0.85000000001000053      -0.82101779184483381     
  0.86000000001000054      -0.80708838769285385     
  0.87000000001000055      -0.79262762023733691     
  0.88000000001000056      -0.77765277255301835     
  0.89000000001000057      -0.76218108803455420     
  0.90000000001000058      -0.74622977355910902     
  0.91000000001000059      -0.72981600215518627     
  0.92000000001000060      -0.71295691518813453     
  0.93000000001000060      -0.69566962407385702     
  0.94000000001000061      -0.67797121153307893     
  0.95000000001000062      -0.65987873239914729     
  0.96000000001000063      -0.64140921399275641     
  0.97000000001000064      -0.62257965607727261     
  0.98000000001000065      -0.60340703040658561     
  0.99000000001000066      -0.58390827987961325     
   1.0000000000100007      -0.56410031734481947     
   1.0100000000100007      -0.54400002399185143     
   1.0200000000100007      -0.52362424743257729     
   1.0300000000100007      -0.50298979941963962     
   1.0400000000100007      -0.48211345327399424     
   1.0500000000100007      -0.46101194098192327     
   1.0600000000100007      -0.43970194996445044     
   1.0700000000100007      -0.41820011950730568     
   1.0800000000100007      -0.39652303755974860     
   1.0900000000100007      -0.37468723609724580     
   1.1000000000100008      -0.35270918709899213     
   1.1100000000100008      -0.33060529807970856     
   1.1200000000100008      -0.30839190739399946     
   1.1300000000100008      -0.28608527933271022     
   1.1400000000100008      -0.26370159902292067     
   1.1500000000100008      -0.24125696714302186     
   1.1600000000100008      -0.21876739446416096     
   1.1700000000100008      -0.19624879622917962     
   1.1800000000100008      -0.17371698638001948     
   1.1900000000100008      -0.15118767164443397     
   1.2000000000100008      -0.12867644549271898     
   1.2100000000100009      -0.10619878197505091     
   1.2200000000100009       -8.3770029449921915E-002
   1.2300000000100009       -6.1405404214051863E-002
   1.2400000000100009       -3.9119984044072707E-002
   1.2500000000100009       -1.6928701660191586E-002
   1.2600000000100009        5.1536618780368996E-003
   1.2700000000100009        2.7112483833771801E-002
   1.2800000000100009        4.8933306502790160E-002
   1.2900000000100009        7.0601843961307822E-002
   1.3000000000100009        9.2103988841849477E-002
   1.3100000000100009       0.11342581912735898     
   1.3200000000100010       0.13455360495379634     
   1.3300000000100010       0.15547381541152303     
   1.3400000000100010       0.17617312533583279     
   1.3500000000100010       0.19663842207704066     
   1.3600000000100010       0.21685681224060022     
   1.3700000000100010       0.23681562838778011     
   1.3800000000100010       0.25650243568749159     
   1.3900000000100010       0.27590503850992815     
   1.4000000000100010       0.29501148695274626     
   1.4100000000100010       0.31381007790230159     
   1.4200000000100010       0.33228931822900454     
   1.4300000000100010       0.35043808135074161     
   1.4400000000100011       0.36824547007826458     
   1.4500000000100011       0.38570085835055717     
   1.4600000000100011       0.40279390306257179     
   1.4700000000100011       0.41951454986678954     
   1.4800000000100011       0.43585303883642768     
   1.4900000000100011       0.45179990998195257     
   1.5000000000100011       0.46734600861270054     
   1.5100000000100011       0.48248249053556053     
   1.5200000000100011       0.49720082708283569     
   1.5300000000100011       0.51149280996157509     
   1.5400000000100011       0.52535055591684676     
   1.5500000000100012       0.53876651120161745     
   1.5600000000100012       0.55173345584610545     
   1.5700000000100012       0.56424450771968915     
   1.5800000000100012       0.57629312637867391     
   1.5900000000100012       0.58787311669345554     
   1.6000000000100012       0.59897863224885928     
   1.6100000000100012       0.60960417851169213     
   1.6200000000100012       0.61974461575980422     
   1.6300000000100012       0.62939516176723365     
   1.6400000000100012       0.63855139424028462     
   1.6500000000100012       0.64720925299969156     
   1.6600000000100013       0.65536504190431133     
   1.6700000000100013       0.66301543051210476     
   1.6800000000100013       0.67015745547448013     
   1.6900000000100013       0.67678852166040260     
   1.7000000000100013       0.68290640300700090     
   1.7100000000100013       0.68850924309374761     
   1.7200000000100013       0.69359555543763585     
   1.7300000000100013       0.69816422350712437     
   1.7400000000100013       0.70221450045298517     
   1.7500000000100013       0.70574600855454883     
   1.7600000000100013       0.70875873838021564     
   1.7700000000100014       0.71125304766146014     
   1.7800000000100014       0.71322965987994569     
   1.7900000000100014       0.71468966256773048     
   1.8000000000100014       0.71563450532093698     
   1.8100000000100014       0.71606599752761801     
   1.8200000000100014       0.71598630581095724     
   1.8300000000100014       0.71539795118930205     
   1.8400000000100014       0.71430380595491361     
   1.8500000000100014       0.71270709027369583     
   1.8600000000100014       0.71061136850853790     
   1.8700000000100014       0.70802054526927694     
   1.8800000000100014       0.70493886119265903     
   1.8900000000100015       0.70137088845603424     
   1.9000000000100015       0.69732152602887876     
   1.9100000000100015       0.69279599466659891     
   1.9200000000100015       0.68779983165140135     
   1.9300000000100015       0.68233888528536557     
   1.9400000000100015       0.67641930914117387     
   1.9500000000100015       0.67004755607628030     
   1.9600000000100015       0.66323037201660839     
   1.9700000000100015       0.65597478951616983     
   1.9800000000100015       0.64828812109928780     
   1.9900000000100015       0.64017795239238329     
   2.0000000000100013       0.63165213505255868     
   2.0100000000100011       0.62271877950045940     
   2.0200000000100009       0.61338624746513593     
   2.0300000000100007       0.60366314434889301     
   2.0400000000100005       0.59355821393384711     
   2.0500000000100003       0.58308048336059204     
   2.0600000000100001       0.57223939615020858     
   2.0700000000099998       0.56104444943990850     
   2.0800000000099996       0.54950534690580066     
   2.0900000000099994       0.53763198675888813     
   2.1000000000099992       0.52543445308884040     
   2.1100000000099990       0.51292300709791760     
   2.1200000000099988       0.50011134787689770     
   2.1300000000099986       0.48700781594190906     
   2.1400000000099983       0.47362183783242695     
   2.1500000000099981       0.45996429243336878     
   2.1600000000099979       0.44604619097006581     
   2.1700000000099977       0.43187866777663347     
   2.1800000000099975       0.41747297102084413     
   2.1900000000099973       0.40284045339507718     
   2.2000000000099971       0.38799256278289423     
   2.2100000000099969       0.37294083291073593     
   2.2200000000099966       0.35769687399417538     
   2.2300000000099964       0.34227236338808131     
   2.2400000000099962       0.32667903624995742     
   2.2500000000099960       0.31092867622560921     
   2.2600000000099958       0.29503310616617689     
   2.2700000000099956       0.27900417888543222     
   2.2800000000099954       0.26285376796609350     
   2.2900000000099952       0.24659375862375224     
   2.3000000000099949       0.23023603863683567     
   2.3100000000099947       0.21379248935083348     
   2.3200000000099945       0.19727497676484701     
   2.3300000000099943       0.18069534270829982     
   2.3400000000099941       0.16406539611542359     
   2.3500000000099939       0.14739690440493286     
   2.3600000000099937       0.13070158497205728     
   2.3700000000099934       0.11399109679986208     
   2.3800000000099932        9.7277032196542754E-002
   2.3900000000099930        8.0570908665123869E-002
   2.4000000000099928        6.3884160911734628E-002
   2.4100000000099926        4.7228132998368103E-002
   2.4200000000099924        3.0614070645761670E-002
   2.4300000000099922        1.4053113691763949E-002
   2.4400000000099920       -2.4437112897244925E-003
   2.4500000000099917       -1.8865498204427102E-002
   2.4600000000099915       -3.5201468483456441E-002
   2.4700000000099913       -5.1440977954922862E-002
   2.4800000000099911       -6.7573523537424837E-002
   2.4900000000099909       -8.3588749751741451E-002
   2.5000000000099907       -9.9476455047331380E-002
   2.5100000000099905      -0.11522659794052299     
   2.5200000000099902      -0.13082930296156112     
   2.5300000000099900      -0.14627486640795320     
   2.5400000000099898      -0.16155376190183185     
   2.5500000000099896      -0.17665664574932388     
   2.5600000000099894      -0.19157436210018089     
   2.5700000000099892      -0.20629794790619319     
   2.5800000000099890      -0.22081863767716378     
   2.5900000000099888      -0.23512786803347668     
   2.6000000000099885      -0.24921728205453691     
   2.6100000000099883      -0.26307873342260546     
   2.6200000000099881      -0.27670429036178734     
   2.6300000000099879      -0.29008623937215672     
   2.6400000000099877      -0.30321708875922931     
   2.6500000000099875      -0.31608957195920501     
   2.6600000000099873      -0.32869665066061071     
   2.6700000000099871      -0.34103151772317486     
   2.6800000000099868      -0.35308759988953747     
   2.6900000000099866      -0.36485856029002628     
   2.7000000000099864      -0.37633830082636466     
   2.7100000000099862      -0.38752096421614984     
   2.7200000000099860      -0.39840093594307213     
   2.7300000000099858      -0.40897284598680200     
   2.7400000000099856      -0.41923157036084124     
   2.7500000000099853      -0.42917223246047920     
   2.7600000000099851      -0.43879020422311338     
   2.7700000000099849      -0.44808110710332028     
   2.7800000000099847      -0.45704081286516329     
   2.7900000000099845      -0.46566544419433226     
   2.8000000000099843      -0.47395137513279895     
   2.8100000000099841      -0.48189523133876194     
   2.8200000000099839      -0.48949389017472489     
   2.8300000000099836      -0.49674448062663223     
   2.8400000000099834      -0.50364438305704218     
   2.8500000000099832      -0.51019122879537115     
   2.8600000000099830      -0.51638289956830263     
   2.8700000000099828      -0.52221752677348099     
   2.8800000000099826      -0.52769349059965742     
   2.8900000000099824      -0.53280941899648038     
   2.9000000000099821      -0.53756418649714255     
   2.9100000000099819      -0.54195691289712078     
   2.9200000000099817      -0.54598696179225104     
   2.9300000000099815      -0.54966241487556222     
   2.9400000000099813      -0.55298315012434807     
   2.9500000000099811      -0.55594072517676474     
   2.9600000000099809      -0.55853542981529736     
   2.9700000000099807      -0.56076919126817937     
   2.9800000000099804      -0.56265528614880878     
   2.9900000000099802      -0.56418207167612988     
   3.0000000000099800      -0.56534934559245997     
   3.0100000000099798      -0.56615852210137863     
   3.0200000000099796      -0.56661123911444400     
   3.0300000000099794      -0.56670935546760914     
   3.0400000000099792      -0.56645494803452756     
   3.0500000000099790      -0.56585030873975684     
   3.0600000000099787      -0.56489794147483940     
   3.0700000000099785      -0.56360055892020278     
   3.0800000000099783      -0.56196107927578387     
   3.0900000000099781      -0.55998262290324285     
   3.1000000000099779      -0.55766850888259545     
   3.1100000000099777      -0.55502225148605489     
   3.1200000000099775      -0.55204755657182791     
   3.1300000000099772      -0.54874831790058609     
   3.1400000000099770      -0.54512861337727336     
   3.1500000000099768      -0.54119270122089391     
   3.1600000000099766      -0.53694501606487099     
   3.1700000000099764      -0.53239016499054048     
   3.1800000000099762      -0.52753292349629965     
   3.1900000000099760      -0.52237823184915988     
   3.2000000000099758      -0.51693119395669718     
   3.2100000000099755      -0.51119706168922030     
   3.2200000000099753      -0.50518124225462846     
   3.2300000000099751      -0.49888929068903271     
   3.2400000000099749      -0.49232690504673748     
   3.2500000000099747      -0.48549992198690584     
   3.2600000000099745      -0.47841431231493470     
   3.2700000000099743      -0.47107617648080707     
   3.2800000000099740      -0.46349174003666044     
   3.2900000000099738      -0.45566734905579737     
   3.3000000000099736      -0.44760946551534364     
   3.3100000000099734      -0.43932466264474845     
   3.3200000000099732      -0.43081962024230319     
   3.3300000000099730      -0.42210111996184840     
   3.3400000000099728      -0.41317604057182755     
   3.3500000000099726      -0.40405135318883839     
   3.3600000000099723      -0.39473411648782758     
   3.3700000000099721      -0.38523147189107154     
   3.3800000000099719      -0.37555063873808298     
   3.3900000000099717      -0.36569890943858030     
   3.4000000000099715      -0.35568364461066337     
   3.4100000000099713      -0.34551226820633657     
   3.4200000000099711      -0.33519226262652557     
   3.4300000000099709      -0.32473215970098268     
   3.4400000000099706      -0.31413865974902921     
   3.4500000000099704      -0.30341918422687292     
   3.4600000000099702      -0.29258140048086367     
   3.4700000000099700      -0.28163300990479201     
   3.4800000000099698      -0.27058174303572669     
   3.4900000000099696      -0.25943535465454104     
   3.5000000000099694      -0.24820161889334877     
   3.5100000000099691      -0.23688832435207896     
   3.5200000000099689      -0.22550326922643441     
   3.5300000000099687      -0.21405425644948978     
   3.5400000000099685      -0.20254908884920106     
   3.5500000000099683      -0.19099556432410969     
   3.5600000000099681      -0.17940147103953860     
   3.5700000000099679      -0.16777458264659051     
   3.5800000000099677      -0.15612265352627180     
   3.5900000000099674      -0.14445341406107731     
   3.6000000000099672      -0.13277456593638209     
   3.6100000000099670      -0.12109377747399992     
   3.6200000000099668      -0.10941867900027498     
   3.6300000000099666       -9.7756858251084183E-002
   3.6400000000099664       -8.6115855816136455E-002
   3.6500000000099662       -7.4503160624959930E-002
   3.6600000000099659       -6.2926205476975167E-002
   3.6700000000099657       -5.1392362618056561E-002
   3.6800000000099655       -3.9908939365986155E-002
   3.6900000000099653       -2.8483173787205301E-002
   3.7000000000099651       -1.7122230427269368E-002
   3.7100000000099649       -5.8331960974072816E-003
   3.7200000000099647        5.3769242804158103E-003
   3.7300000000099645        1.6501211767541907E-002
   3.7400000000099642        2.7532837439386355E-002
   3.7500000000099640        3.8465066350554987E-002
   3.7600000000099638        4.9291261431953219E-002
   3.7700000000099636        6.0004887317543262E-002
   3.7800000000099634        7.0599514098423230E-002
   3.7900000000099632        8.1068821001922628E-002
   3.8000000000099630        9.1406599993430357E-002
   3.8100000000099628       0.10160675929869785     
   3.8200000000099625       0.11166332684438648     
   3.8300000000099623       0.12157037730711304     
   3.8400000000099621       0.13132185380944431     
   3.8500000000099619       0.14091252450158512     
   3.8600000000099617       0.15033679725654131     
   3.8700000000099615       0.15958933146810589     
   3.8800000000099613       0.16866507184493482     
   3.8900000000099610       0.17755897645023128     
   3.9000000000099608       0.18626614739399075     
   3.9100000000099606       0.19478196041550094     
   3.9200000000099604       0.20310234709863284     
   3.9300000000099602       0.21122224009540766     
   3.9400000000099600       0.21913734018261238     
   3.9500000000099598       0.22684350417653310     
   3.9600000000099596       0.23433674701602877     
   3.9700000000099593       0.24161324373559218     
   3.9800000000099591       0.24866933132698277     
   3.9900000000099589       0.25550151048809239     
   4.0000000000099591       0.26210644725777993     
   4.0100000000099589       0.26848097453548803     
   4.0200000000099587       0.27462209348453998     
   4.0300000000099585       0.28052697481809202     
   4.0400000000099583       0.28619327678286488     
   4.0500000000099581       0.29162140656939672     
   4.0600000000099579       0.29680623500944625     
   4.0700000000099577       0.30174529518063831     
   4.0800000000099574       0.30643661124518978     
   4.0900000000099572       0.31087838220682895     
   4.1000000000099570       0.31506898236252534     
   4.1100000000099568       0.31900696163180414     
   4.1200000000099566       0.32269104576344770     
   4.1300000000099564       0.32612013641949161     
   4.1400000000099562       0.32929331113651783     
   4.1500000000099559       0.33220982316435776     
   4.1600000000099557       0.33486910118241631     
   4.1700000000099555       0.33727074889393477     
   4.1800000000099553       0.33941454449861452     
   4.1900000000099551       0.34130044004412896     
   4.2000000000099549       0.34292856065715749     
   4.2100000000099547       0.34429920365467964     
   4.2200000000099545       0.34541283753637425     
   4.2300000000099542       0.34627010085907450     
   4.2400000000099540       0.34687180099433296     
   4.2500000000099538       0.34721891277025885     
   4.2600000000099536       0.34731257699888923     
   4.2700000000099534       0.34715409889046489     
   4.2800000000099532       0.34674494635607844     
   4.2900000000099530       0.34608674820026797     
   4.3000000000099527       0.34518129220522620     
   4.3100000000099525       0.34403052310839699     
   4.3200000000099523       0.34263654047532438     
   4.3300000000099521       0.34100159646971961     
   4.3400000000099519       0.33912809352279905     
   4.3500000000099517       0.33701858190404282     
   4.3600000000099515       0.33467575719561082     
   4.3700000000099513       0.33210245767273955     
   4.3800000000099510       0.32930166159252805     
   4.3900000000099508       0.32627648439360513     
   4.4000000000099506       0.32303017580924609     
   4.4100000000099504       0.31956611689658521     
   4.4200000000099502       0.31588781698464607     
   4.4300000000099500       0.31199891054397644     
   4.4400000000099498       0.30790315398074813     
   4.4500000000099496       0.30360442235824137     
   4.4600000000099493       0.29910670604869527     
   4.4700000000099491       0.29441410731856399     
   4.4800000000099489       0.28953083685026915     
   4.4900000000099487       0.28446121020359028     
   4.5000000000099485       0.27920964421988176     
   4.5100000000099483       0.27378065337234286     
   4.5200000000099481       0.26817884606560977     
   4.5300000000099478       0.26240892088797041     
   4.5400000000099476       0.25647566281953305     
   4.5500000000099474       0.25038393939970482     
   4.5600000000099472       0.24413869685736050     
   4.5700000000099470       0.23774495620709621     
   4.5800000000099468       0.23120780931497903     
   4.5900000000099466       0.22453241493720974     
   4.6000000000099464       0.21772399473512571     
   4.6100000000099461       0.21078782926996489     
   4.6200000000099459       0.20372925398081593     
   4.6300000000099457       0.19655365514916542     
   4.6400000000099455       0.18926646585344706     
   4.6500000000099453       0.18187316191697761     
   4.6600000000099451       0.17437925785264688     
   4.6700000000099449       0.16679030280770496     
   4.6800000000099446       0.15911187651196115     
   4.6900000000099444       0.15134958523267911     
   4.7000000000099442       0.14350905773941458     
   4.7100000000099440       0.13559594128200675     
   4.7200000000099438       0.12761589758488673     
   4.7300000000099436       0.11957459886082453     
   4.7400000000099434       0.11147772384718410     
   4.7500000000099432       0.10333095386770190     
   4.7600000000099429        9.5140155679753244E-002
   4.7700000000099427        8.6910954615859876E-002
   4.7800000000099425        7.8648813373175502E-002
   4.7900000000099423        7.0359385624542276E-002
   4.8000000000099421        6.2048308494702220E-002
   4.8100000000099419        5.3721198833114860E-002
   4.8200000000099417        4.5383649531625297E-002
   4.8300000000099415        3.7041225889472881E-002
   4.8400000000099412        2.8699462028053950E-002
   4.8500000000099410        2.0363857357772755E-002
   4.8600000000099408        1.2039873099233721E-002
   4.8700000000099406        3.7329288609458484E-003
   4.8800000000099404       -4.5516007243740298E-003
   4.8900000000099402       -1.2808389302897603E-002
   4.9000000000099400       -2.1032162040265888E-002
   4.9100000000099397       -2.9217698797826618E-002
   4.9200000000099395       -3.7359837242788484E-002
   4.9300000000099393       -4.5453475890640950E-002
   4.9400000000099391       -5.3493577078277912E-002
   4.9500000000099389       -6.1475169866352444E-002
   4.9600000000099387       -6.9393352869479799E-002
   4.9700000000099385       -7.7243297012994663E-002
   4.9800000000099383       -8.5020248215059338E-002
   4.9900000000099380       -9.2719529993006422E-002
