   9.9999999999999994E-012  0.99102996600913085     
   1.0000000010000001E-002  0.99063596293795619     
   2.0000000010000001E-002  0.98945490882905829     
   3.0000000010000000E-002  0.98748964773066239     
   4.0000000010000002E-002  0.98474484527937967     
   5.0000000010000004E-002  0.98122688098013477     
   6.0000000010000006E-002  0.97694371043113648     
   7.0000000010000007E-002  0.97190470673669549     
   8.0000000010000002E-002  0.96612049232933239     
   9.0000000009999997E-002  0.95960276779003895     
  0.10000000000999999       0.95236414823119198     
  0.11000000000999999       0.94441801413159809     
  0.12000000000999998       0.93577838097495969     
  0.13000000000999998       0.92645978466004519     
  0.14000000000999999       0.91647718795205257     
  0.15000000001000000       0.90584590442553270     
  0.16000000001000000       0.89458154088184849     
  0.17000000001000001       0.88269995284786662     
  0.18000000001000002       0.87021721318884038     
  0.19000000001000003       0.85714958806253372     
  0.20000000001000004       0.84351352254575285     
  0.21000000001000005       0.82932563043745322     
  0.22000000001000006       0.81460268912432954     
  0.23000000001000007       0.79936163642488656     
  0.24000000001000008       0.78361956886231243     
  0.25000000001000006       0.76739374052075826     
  0.26000000001000007       0.75070156184687886     
  0.27000000001000007       0.73356059793124850     
  0.28000000001000008       0.71598856594482552     
  0.29000000001000009       0.69800333151755956     
  0.30000000001000010       0.67962290393358316     
  0.31000000001000011       0.66086543008429621     
  0.32000000001000012       0.64174918717079366     
  0.33000000001000013       0.62229257418382289     
  0.34000000001000014       0.60251410221564594     
  0.35000000001000015       0.58243238367616346     
  0.36000000001000015       0.56206612049736082     
  0.37000000001000016       0.54143409141708942     
  0.38000000001000017       0.52055513843663426     
  0.39000000001000018       0.49944815254735453     
  0.40000000001000019       0.47813205882067455     
  0.41000000001000020       0.45662580095339128     
  0.42000000001000021       0.43494832569276970     
  0.43000000001000022       0.41311857901850918     
  0.44000000001000023       0.39115547100193143     
  0.45000000001000023       0.36907783614236711     
  0.46000000001000024       0.34690446231495475     
  0.47000000001000025       0.32465406058084656     
  0.48000000001000026       0.30234524415025898     
  0.49000000001000027       0.27999651142286658     
  0.50000000001000022       0.25762622913343108     
  0.51000000001000023       0.23525261565426905     
  0.52000000001000024       0.21289372450244431     
  0.53000000001000025       0.19056742809600377     
  0.54000000001000026       0.16829140180015792     
  0.55000000001000027       0.14608310830103324     
  0.56000000001000028       0.12395978234148916     
  0.57000000001000029       0.10193841585048866     
  0.58000000001000029        8.0035743494636311E-002
  0.59000000001000030        5.8268228677745212E-002
  0.60000000001000031        3.6652050011654412E-002
  0.61000000001000032        1.5203088278994737E-002
  0.62000000001000033       -6.0630860938175168E-003
  0.63000000001000034       -2.7131225037392997E-002
  0.64000000001000035       -4.7986414300233905E-002
  0.65000000001000036       -6.8614084358010169E-002
  0.66000000001000036       -8.9000020761666188E-002
  0.67000000001000037      -0.10913037391656603     
  0.68000000001000038      -0.12899166828677683     
  0.69000000001000039      -0.14857081102055386     
  0.70000000001000040      -0.16785509999439843     
  0.71000000001000041      -0.18683223127479692     
  0.72000000001000042      -0.20549030599819340     
  0.73000000001000043      -0.22381783667113436     
  0.74000000001000044      -0.24180375289382705     
  0.75000000001000044      -0.25943740651156927     
  0.76000000001000045      -0.27670857619964839     
  0.77000000001000046      -0.29360747148838218     
  0.78000000001000047      -0.31012443442961951     
  0.79000000001000048      -0.32625030423316176     
  0.80000000001000049      -0.34197700229799799     
  0.81000000001000050      -0.35729655613422129     
  0.82000000001000051      -0.37220137414780924     
  0.83000000001000052      -0.38668430854588004     
  0.84000000001000052      -0.40073865569754552     
  0.85000000001000053      -0.41435815601297865     
  0.86000000001000054      -0.42753699335909445     
  0.87000000001000055      -0.44026979402347938     
  0.88000000001000056      -0.45255162523998410     
  0.89000000001000057      -0.46437799328966545     
  0.90000000001000058      -0.47574484119096150     
  0.91000000001000059      -0.48664854599310781     
  0.92000000001000060      -0.49708591568689614     
  0.93000000001000060      -0.50705418574692263     
  0.94000000001000061      -0.51655101531947145     
  0.95000000001000062      -0.52557448307014809     
  0.96000000001000063      -0.53412308270530506     
  0.97000000001000064      -0.54219571818119960     
  0.98000000001000065      -0.54979169861468624     
  0.99000000001000066      -0.55691073290909177     
   1.0000000000100007      -0.56355292410873115     
   1.0100000000100007      -0.56971876349531436     
   1.0200000000100007      -0.57540912443926939     
   1.0300000000100007      -0.58062525601876103     
   1.0400000000100007      -0.58536877641892560     
   1.0500000000100007      -0.58964166612356794     
   1.0600000000100007      -0.59344626085298069     
   1.0700000000100007      -0.59678524419906276     
   1.0800000000100007      -0.59966164113087150     
   1.0900000000100007      -0.60207880951831849     
   1.1000000000100008      -0.60404043277230013     
   1.1100000000100008      -0.60555051204370747     
   1.1200000000100008      -0.60661335828077145     
   1.1300000000100008      -0.60723358416621909     
   1.1400000000100008      -0.60741609594379209     
   1.1500000000100008      -0.60716608514339032     
   1.1600000000100008      -0.60648902021380247     
   1.1700000000100008      -0.60539063807171023     
   1.1800000000100008      -0.60387693557536937     
   1.1900000000100008      -0.60195416093110032     
   1.2000000000100008      -0.59962880504046234     
   1.2100000000100009      -0.59690759279573458     
   1.2200000000100009      -0.59379747433107644     
   1.2300000000100009      -0.59030561623651923     
   1.2400000000100009      -0.58643939274170509     
   1.2500000000100009      -0.58220637687609145     
   1.2600000000100009      -0.57761433161212195     
   1.2700000000100009      -0.57267120099768853     
   1.2800000000100009      -0.56738510128401920     
   1.2900000000100009      -0.56176431205495825     
   1.3000000000100009      -0.55581726736344805     
   1.3100000000100009      -0.54955254688087030     
   1.3200000000100010      -0.54297886706476217     
   1.3300000000100010      -0.53610507235029536     
   1.3400000000100010      -0.52894012637078380     
   1.3500000000100010      -0.52149310321237041     
   1.3600000000100010      -0.51377317870793859     
   1.3700000000100010      -0.50578962177520082     
   1.3800000000100010      -0.49755178580381854     
   1.3900000000100010      -0.48906910009633231     
   1.4000000000100010      -0.48035106136759553     
   1.4100000000100010      -0.47140721726846485     
   1.4200000000100010      -0.46224709979607531     
   1.4300000000100010      -0.45288043488404339     
   1.4400000000100011      -0.44331691413079877     
   1.4500000000100011      -0.43356624627713014     
   1.4600000000100011      -0.42363815794832121     
   1.4700000000100011      -0.41354238568907870     
   1.4800000000100011      -0.40328866809226555     
   1.4900000000100011      -0.39288673802560437     
   1.5000000000100011      -0.38234631496047067     
   1.5100000000100011      -0.37167709740683669     
   1.5200000000100011      -0.36088875545838311     
   1.5300000000100011      -0.34999092345173766     
   1.5400000000100011      -0.33899319274374429     
   1.5500000000100012      -0.32790510461061190     
   1.5600000000100012      -0.31673614327272909     
   1.5700000000100012      -0.30549572904886901     
   1.5800000000100012      -0.29419321164344170     
   1.5900000000100012      -0.28283786357037927     
   1.6000000000100012      -0.27143887371716857     
   1.6100000000100012      -0.26000534105246159     
   1.6200000000100012      -0.24854626848061553     
   1.6300000000100012      -0.23707055684642370     
   1.6400000000100012      -0.22558699909320593     
   1.6500000000100012      -0.21410427457732925     
   1.6600000000100013      -0.20263094354212791     
   1.6700000000100013      -0.19117544175408127     
   1.6800000000100013      -0.17974607530399850     
   1.6900000000100013      -0.16835101557583559     
   1.7000000000100013      -0.15699829438565296     
   1.7100000000100013      -0.14569579929308857     
   1.7200000000100013      -0.13445126908759047     
   1.7300000000100013      -0.12327228945151450     
   1.7400000000100013      -0.11216628880204979     
   1.7500000000100013      -0.10114053431378792     
   1.7600000000100013       -9.0202128123599762E-002
   1.7700000000100014       -7.9358003719329578E-002
   1.7800000000100014       -6.8614922513655571E-002
   1.7900000000100014       -5.7979470604304605E-002
   1.8000000000100014       -4.7458055721642120E-002
   1.8100000000100014       -3.7056904364489829E-002
   1.8200000000100014       -2.6782059124852282E-002
   1.8300000000100014       -1.6639376202059363E-002
   1.8400000000100014       -6.6345231066568307E-003
   1.8500000000100014        3.2270234458017673E-003
   1.8600000000100014        1.2939979451085404E-002
   1.8700000000100014        2.2499255342942608E-002
   1.8800000000100014        3.1899957530469397E-002
   1.8900000000100015        4.1137389746752281E-002
   1.9000000000100015        5.0207054209531664E-002
   1.9100000000100015        5.9104652594809216E-002
   1.9200000000100015        6.7826086824503792E-002
   1.9300000000100015        7.6367459669435228E-002
   1.9400000000100015        8.4725075169094194E-002
   1.9500000000100015        9.2895438869828692E-002
   1.9600000000100015       0.10087525788324969     
   1.9700000000100015       0.10866144076682853     
   1.9800000000100015       0.11625109722882492     
   1.9900000000100015       0.12364153765984590     
   2.0000000000100013       0.13083027249349824     
   2.0100000000100011       0.13781501139875091     
   2.0200000000100009       0.14459366230677612     
   2.0300000000100007       0.15116433027518528     
   2.0400000000100005       0.15752529257726983     
   2.0500000000100003       0.16367502865160935     
   2.0600000000100001       0.16961226173822322     
   2.0700000000099998       0.17533587033083317     
   2.0800000000099996       0.18084492288202303     
   2.0900000000099994       0.18613867492329725     
   2.1000000000099992       0.19121656688372762     
   2.1100000000099990       0.19607822177403708     
   2.1200000000099988       0.20072469190589706     
   2.1300000000099986       0.20515526840147488     
   2.1400000000099983       0.20936962866063533     
   2.1500000000099981       0.21336809424451877     
   2.1600000000099979       0.21715115585992853     
   2.1700000000099977       0.22071947033073566     
   2.1800000000099975       0.22407385746437786     
   2.1900000000099973       0.22721529681797420     
   2.2000000000099971       0.23014492436862327     
   2.2100000000099969       0.23286402909249726     
   2.2200000000099966       0.23537404945737744     
   2.2300000000099964       0.23767656983330721     
   2.2400000000099962       0.23977331682606001     
   2.2500000000099960       0.24166615553813858     
   2.2600000000099958       0.24335708576202872     
   2.2700000000099956       0.24484823811043910     
   2.2800000000099954       0.24614187008825258     
   2.2900000000099952       0.24724036211091066     
   2.3000000000099949       0.24814621347393923     
   2.3100000000099947       0.24886203827829284     
   2.3200000000099945       0.24939056131619403     
   2.3300000000099943       0.24973461392209870     
   2.3400000000099941       0.24989712979337447     
   2.3500000000099939       0.24988114078525756     
   2.3600000000099937       0.24968977268459872     
   2.3700000000099934       0.24932624096686001     
   2.3800000000099932       0.24879384654076966     
   2.3900000000099930       0.24809597148498325     
   2.4000000000099928       0.24723607478103662     
   2.4100000000099926       0.24621768804680802     
   2.4200000000099924       0.24504441127463653     
   2.4300000000099922       0.24371990857816733     
   2.4400000000099920       0.24224790395191803     
   2.4500000000099917       0.24063217704747775     
   2.4600000000099915       0.23887655897016385     
   2.4700000000099913       0.23698492809987687     
   2.4800000000099911       0.23496120593980066     
   2.4900000000099909       0.23280935299650327     
   2.5000000000099907       0.23053336469489688     
   2.5100000000099905       0.22813726733141890     
   2.5200000000099902       0.22562511406869595     
   2.5300000000099900       0.22300098097485002     
   2.5400000000099898       0.22026896311050356     
   2.5500000000099896       0.21743317066643514     
   2.5600000000099894       0.21449772515473059     
   2.5700000000099892       0.21146675565616896     
   2.5800000000099890       0.20834439512646993     
   2.5900000000099888       0.20513477676392733     
   2.6000000000099885       0.20184203044083535     
   2.6100000000099883       0.19847027920100954     
   2.6200000000099881       0.19502363582559229     
   2.6300000000099879       0.19150619946921960     
   2.6400000000099877       0.18792205236851803     
   2.6500000000099875       0.18427525662478753     
   2.6600000000099873       0.18056985106261572     
   2.6700000000099871       0.17680984816605866     
   2.6800000000099868       0.17299923109127424     
   2.6900000000099866       0.16914195075744864     
   2.7000000000099864       0.16524192305552701     
   2.7100000000099862       0.16130302607168318     
   2.7200000000099860       0.15732909744552942     
   2.7300000000099858       0.15332393179992290     
   2.7400000000099856       0.14929127825674562     
   2.7500000000099853       0.14523483803943546     
   2.7600000000099851       0.14115826216294375     
   2.7700000000099849       0.13706514921169380     
   2.7800000000099847       0.13295904320601543     
   2.7900000000099845       0.12884343155743311     
   2.8000000000099843       0.12472174311308806     
   2.8100000000099841       0.12059734628948124     
   2.8200000000099839       0.11647354729563056     
   2.8300000000099836       0.11235358844564539     
   2.8400000000099834       0.10824064656063163     
   2.8500000000099832       0.10413783145975430     
   2.8600000000099830       0.10004818454019873     
   2.8700000000099828        9.5974677445688980E-002
   2.8800000000099826        9.1920210823140960E-002
   2.8900000000099824        8.7887613166948403E-002
   2.9000000000099821        8.3879639750323656E-002
   2.9100000000099819        7.9898971643040842E-002
   2.9200000000099817        7.5948214814855780E-002
   2.9300000000099815        7.2030890298299455E-002
   2.9400000000099813        6.8149259527722578E-002
   2.9500000000099811        6.4304645314903028E-002
   2.9600000000099809        6.0499349588045995E-002
   2.9700000000099807        5.6735714031506609E-002
   2.9800000000099804        5.3016817577254960E-002
   2.9900000000099802        4.9343555513899559E-002
   3.0000000000099800        4.5717803414563843E-002
   3.0100000000099798        4.2141474323002026E-002
   3.0200000000099796        3.8616402210259818E-002
   3.0300000000099794        3.5144341928675979E-002
   3.0400000000099792        3.1726969238030388E-002
   3.0500000000099790        2.8365880902416568E-002
   3.0600000000099787        2.5062594856376224E-002
   3.0700000000099785        2.1818550438795162E-002
   3.0800000000099783        1.8635108693023712E-002
   3.0900000000099781        1.5513552731651573E-002
   3.1000000000099779        1.2455088164334990E-002
   3.1100000000099777        9.4608435870455459E-003
   3.1200000000099775        6.5318711310825258E-003
   3.1300000000099772        3.6691470701658733E-003
   3.1400000000099770        8.7357248390465135E-004
   3.1500000000099768       -1.8540260240851310E-003
   3.1600000000099766       -4.5128955551573431E-003
   3.1700000000099764       -7.1023560934678487E-003
   3.1800000000099762       -9.6217996344363874E-003
   3.1900000000099760       -1.2070689293069996E-002
   3.2000000000099758       -1.4448558558457900E-002
   3.2100000000099755       -1.6755009542403731E-002
   3.2200000000099753       -1.8989712615437970E-002
   3.2300000000099751       -2.1152405151394341E-002
   3.2400000000099749       -2.3242890370019909E-002
   3.2500000000099747       -2.5261036170312508E-002
   3.2600000000099745       -2.7206773928958049E-002
   3.2700000000099743       -2.9080097265682586E-002
   3.2800000000099740       -3.0881060777328946E-002
   3.2900000000099738       -3.2609778742461723E-002
   3.3000000000099736       -3.4266423798295705E-002
   3.3100000000099734       -3.5851225591734509E-002
   3.3200000000099732       -3.7364469406293614E-002
   3.3300000000099730       -3.8806494766670668E-002
   3.3400000000099728       -4.0177694022710632E-002
   3.3500000000099726       -4.1478510914498987E-002
   3.3600000000099723       -4.2709439120298190E-002
   3.3700000000099721       -4.3871020789025356E-002
   3.3800000000099719       -4.4963845058948647E-002
   3.3900000000099717       -4.5988546564260185E-002
   3.4000000000099715       -4.6945803931159796E-002
   3.4100000000099713       -4.7836338265063054E-002
   3.4200000000099711       -4.8660911630520116E-002
   3.4300000000099709       -4.9420582734749377E-002
   3.4400000000099706       -5.0115990689092650E-002
   3.4500000000099704       -5.0747959483797914E-002
   3.4600000000099702       -5.1317398858930462E-002
   3.4700000000099700       -5.1825251874586489E-002
   3.4800000000099698       -5.2272493379687160E-002
   3.4900000000099696       -5.2660128483797787E-002
   3.5000000000099694       -5.2989191033332605E-002
   3.5100000000099691       -5.3260742093472868E-002
   3.5200000000099689       -5.3475868437094523E-002
   3.5300000000099687       -5.3635681041967490E-002
   3.5400000000099685       -5.3741313597455632E-002
   3.5500000000099683       -5.3793921021911342E-002
   3.5600000000099681       -5.3794677991924611E-002
   3.5700000000099679       -5.3744777484551268E-002
   3.5800000000099677       -5.3645429333608753E-002
   3.5900000000099674       -5.3497858801093215E-002
   3.6000000000099672       -5.3303305164734027E-002
   3.6100000000099670       -5.3063020322667277E-002
   3.6200000000099668       -5.2778267416170886E-002
   3.6300000000099666       -5.2450319471369744E-002
   3.6400000000099664       -5.2080458060780044E-002
   3.6500000000099662       -5.1669971985526850E-002
   3.6600000000099659       -5.1220155979030603E-002
   3.6700000000099657       -5.0732309432921972E-002
   3.6800000000099655       -5.0207735145907241E-002
   3.6900000000099653       -4.9647738096269184E-002
   3.7000000000099651       -4.9053624238652123E-002
   3.7100000000099649       -4.8426699325742409E-002
   3.7200000000099647       -4.7768267755419799E-002
   3.7300000000099645       -4.7079631443917816E-002
   3.7400000000099642       -4.6362088725496499E-002
   3.7500000000099640       -4.5616933279093372E-002
   3.7600000000099638       -4.4845453082384371E-002
   3.7700000000099636       -4.4048929393650113E-002
   3.7800000000099634       -4.3228635761808937E-002
   3.7900000000099632       -4.2385837064942693E-002
   3.8000000000099630       -4.1521788577607688E-002
   3.8100000000099628       -4.0637735067189582E-002
   3.8200000000099625       -3.9734909919527120E-002
   3.8300000000099623       -3.8814499970111493E-002
   3.8400000000099621       -3.7877580810069471E-002
   3.8500000000099619       -3.6925521547918359E-002
   3.8600000000099617       -3.5959453610403716E-002
   3.8700000000099615       -3.4980544515271342E-002
   3.8800000000099613       -3.3989992442964287E-002
   3.8900000000099610       -3.2988929306359209E-002
   3.9000000000099608       -3.1978469686328802E-002
   3.9100000000099606       -3.0959744091522572E-002
   3.9200000000099604       -2.9933960003669335E-002
   3.9300000000099602       -2.8902003189500692E-002
   3.9400000000099600       -2.7864913056382896E-002
   3.9500000000099598       -2.6823708967467469E-002
   3.9600000000099596       -2.5779389783514704E-002
   3.9700000000099593       -2.4732933433749941E-002
   3.9800000000099591       -2.3685296515523469E-002
   3.9900000000099589       -2.2637413922522064E-002
   4.0000000000099591       -2.1590198501258311E-002
   4.0100000000099589       -2.0544540735542426E-002
   4.0200000000099587       -1.9501308458620838E-002
   4.0300000000099585       -1.8461346592646012E-002
   4.0400000000099583       -1.7425520755682260E-002
   4.0500000000099581       -1.6395004671305852E-002
   4.0600000000099579       -1.5370159542674889E-002
   4.0700000000099577       -1.4351692985188087E-002
   4.0800000000099574       -1.3340332689826442E-002
   4.0900000000099572       -1.2336782475924816E-002
   4.1000000000099570       -1.1341722209158694E-002
   4.1100000000099568       -1.0355807743551547E-002
   4.1200000000099566       -9.3796708870251422E-003
   4.1300000000099564       -8.4139193900027182E-003
   4.1400000000099562       -7.4591369565634932E-003
   4.1500000000099559       -6.5158832776360514E-003
   4.1600000000099557       -5.5846940857083392E-003
   4.1700000000099555       -4.6660812305224881E-003
   4.1800000000099553       -3.7605327752141620E-003
   4.1900000000099551       -2.8685131123483100E-003
   4.2000000000099549       -1.9904630992959539E-003
   4.2100000000099547       -1.1268002123902201E-003
   4.2200000000099545       -2.7791871929411097E-004
   4.2300000000099542        5.5581013099267255E-004
   4.2400000000099540        1.3740379010648914E-003
   4.2500000000099538        2.1764387415616772E-003
   4.2600000000099536        2.9627091517190353E-003
   4.2700000000099534        3.7325677246113922E-003
   4.2800000000099532        4.4857548776701343E-003
   4.2900000000099530        5.2220325690686079E-003
   4.3000000000099527        5.9411840005634499E-003
   4.3100000000099525        6.6430133073821620E-003
   4.3200000000099523        7.3273452357462271E-003
   4.3300000000099521        7.9940248086179545E-003
   4.3400000000099519        8.6429169802574955E-003
   4.3500000000099517        9.2739062801742000E-003
   4.3600000000099515        9.8868964470537283E-003
   4.3700000000099513        1.0481810053239032E-002
   4.3800000000099510        1.1058588120339476E-002
   4.3900000000099508        1.1617189726538205E-002
   4.4000000000099506        1.2157591606162912E-002
   4.4100000000099504        1.2679787742080201E-002
   4.4200000000099502        1.3183788951467868E-002
   4.4300000000099500        1.3669622465513509E-002
   4.4400000000099498        1.4137331503581324E-002
   4.4500000000099496        1.4586974842382056E-002
   4.4600000000099493        1.5018626380673897E-002
   4.4700000000099491        1.5432374700014458E-002
   4.4800000000099489        1.5828322622075938E-002
   4.4900000000099487        1.6206586763027459E-002
   4.5000000000099485        1.6567297085479774E-002
   4.5100000000099483        1.6910596448478744E-002
   4.5200000000099481        1.7236640156024757E-002
   4.5300000000099478        1.7545595504585804E-002
   4.5400000000099476        1.7837641330062236E-002
   4.5500000000099474        1.8112967554651260E-002
   4.5600000000099472        1.8371774734048951E-002
   4.5700000000099470        1.8614273605417519E-002
   4.5800000000099468        1.8840684636534467E-002
   4.5900000000099466        1.9051237576530017E-002
   4.6000000000099464        1.9246171008608086E-002
   4.6100000000099461        1.9425731905134837E-002
   4.6200000000099459        1.9590175185468038E-002
   4.6300000000099457        1.9739763276888832E-002
   4.6400000000099455        1.9874765678986144E-002
   4.6500000000099453        1.9995458531832752E-002
   4.6600000000099451        2.0102124188279943E-002
   4.6700000000099449        2.0195050790686522E-002
   4.6800000000099446        2.0274531852386028E-002
   4.6900000000099444        2.0340865844184160E-002
   4.7000000000099442        2.0394355786167023E-002
   4.7100000000099440        2.0435308845088630E-002
   4.7200000000099438        2.0464035937594639E-002
   4.7300000000099436        2.0480851339527421E-002
   4.7400000000099434        2.0486072301545828E-002
   4.7500000000099432        2.0480018671281339E-002
   4.7600000000099429        2.0463049507660088E-002
   4.7700000000099427        2.0435489970134491E-002
   4.7800000000099425        2.0397628926902028E-002
   4.7900000000099423        2.0349792694778362E-002
   4.8000000000099421        2.0292308411106203E-002
   4.8100000000099419        2.0225503699251350E-002
   4.8200000000099417        2.0149706341853250E-002
   4.8300000000099415        2.0065243961961188E-002
   4.8400000000099412        1.9972443712176137E-002
   4.8500000000099410        1.9871631971907545E-002
   4.8600000000099408        1.9763134052843873E-002
   4.8700000000099406        1.9647273912725052E-002
   4.8800000000099404        1.9524373877494873E-002
   4.8900000000099402        1.9394754371901090E-002
   4.9000000000099400        1.9258733658601198E-002
   4.9100000000099397        1.9116627585821701E-002
   4.9200000000099395        1.8968749343609748E-002
   4.9300000000099393        1.8815409228705747E-002
   4.9400000000099391        1.8656914418057117E-002
   4.9500000000099389        1.8493568750983860E-002
   4.9600000000099387        1.8325672519997886E-002
   4.9700000000099385        1.8153522270269694E-002
   4.9800000000099383        1.7977410607727114E-002
   4.9900000000099380        1.7797626015763245E-002
