   9.9999999999999994E-012 -0.11379941686993691     
   1.0000000010000001E-002 -0.11366078349287154     
   2.0000000010000001E-002 -0.11317063508717215     
   3.0000000010000000E-002 -0.11233219172343141     
   4.0000000010000002E-002 -0.11115091154996733     
   5.0000000010000004E-002 -0.10963437291428813     
   6.0000000010000006E-002 -0.10779213671260091     
   7.0000000010000007E-002 -0.10563557868327762     
   8.0000000010000002E-002 -0.10317769815887035     
   9.0000000009999997E-002 -0.10043291021665834     
  0.10000000000999999       -9.7416828174642797E-002
  0.11000000000999999       -9.4146043001865104E-002
  0.12000000000999998       -9.0637905552240716E-002
  0.13000000000999998       -8.6910316682449459E-002
  0.14000000000999999       -8.2981529272714974E-002
  0.15000000001000000       -7.8869965504631837E-002
  0.16000000001000000       -7.4594051228082797E-002
  0.17000000001000001       -7.0172068750551070E-002
  0.18000000001000002       -6.5622028611536681E-002
  0.19000000001000003       -6.0961560157343178E-002
  0.20000000001000004       -5.6207820265637309E-002
  0.21000000001000005       -5.1377419182848862E-002
  0.22000000001000006       -4.6486362175782517E-002
  0.23000000001000007       -4.1550005533610948E-002
  0.24000000001000008       -3.6583025376495645E-002
  0.25000000001000006       -3.1599397711059088E-002
  0.26000000001000007       -2.6612388209252064E-002
  0.27000000001000007       -2.1634550260983772E-002
  0.28000000001000008       -1.6677729950419135E-002
  0.29000000001000009       -1.1753076721285054E-002
  0.30000000001000010       -6.8710586199425203E-003
  0.31000000001000011       -2.0414811304428392E-003
  0.32000000001000012        2.7264912613525105E-003
  0.33000000001000013        7.4243115204021826E-003
  0.34000000001000014        1.2044025168476701E-002
  0.35000000001000015        1.6578244580100491E-002
  0.36000000001000015        2.1020122914807850E-002
  0.37000000001000016        2.5363328051763379E-002
  0.38000000001000017        2.9602016822161688E-002
  0.39000000001000018        3.3730809773389228E-002
  0.40000000001000019        3.7744766645940293E-002
  0.41000000001000020        4.1639362699126117E-002
  0.42000000001000021        4.5410465983461351E-002
  0.43000000001000022        4.9054315671116101E-002
  0.44000000001000023        5.2567501474736864E-002
  0.45000000001000023        5.5946943846358441E-002
  0.46000000001000024        5.9189875418101646E-002
  0.47000000001000025        6.2293823660116335E-002
  0.48000000001000026        6.5256594462356488E-002
  0.49000000001000027        6.8076256713661493E-002
  0.50000000001000022        7.0751127846846951E-002
  0.51000000001000023        7.3279760307770406E-002
  0.52000000001000024        7.5660928903485594E-002
  0.53000000001000025        7.7893618982764229E-002
  0.54000000001000026        7.9977015401849358E-002
  0.55000000001000027        8.1910492227985909E-002
  0.56000000001000028        8.3693603134089772E-002
  0.57000000001000029        8.5326072439917133E-002
  0.58000000001000029        8.6807786754371674E-002
  0.59000000001000030        8.8138787177448261E-002
  0.60000000001000031        8.9319262021424511E-002
  0.61000000001000032        9.0349540012584800E-002
  0.62000000001000033        9.1230083937168124E-002
  0.63000000001000034        9.1961484697214643E-002
  0.64000000001000035        9.2544455744046794E-002
  0.65000000001000036        9.2979827859046252E-002
  0.66000000001000036        9.3268544253940350E-002
  0.67000000001000037        9.3411655963272250E-002
  0.68000000001000038        9.3410317505461554E-002
  0.69000000001000039        9.3265782789159396E-002
  0.70000000001000040        9.2979401243959370E-002
  0.71000000001000041        9.2552614155712004E-002
  0.72000000001000042        9.1986951188386318E-002
  0.73000000001000043        9.1284027075864332E-002
  0.74000000001000044        9.0445538468136855E-002
  0.75000000001000044        8.9473260917722230E-002
  0.76000000001000045        8.8369045993234446E-002
  0.77000000001000046        8.7134818508079387E-002
  0.78000000001000047        8.5772574231760282E-002
  0.79000000001000048        8.4284378531048643E-002
  0.80000000001000049        8.2672361803108219E-002
  0.81000000001000050        8.0938716575741393E-002
  0.82000000001000051        7.9085696060696320E-002
  0.83000000001000052        7.7115611912846341E-002
  0.84000000001000052        7.5030832004138515E-002
  0.85000000001000053        7.2833778246439523E-002
  0.86000000001000054        7.0526924457924037E-002
  0.87000000001000055        6.8112794268138932E-002
  0.88000000001000056        6.5593959057332257E-002
  0.89000000001000057        6.2973035926054133E-002
  0.90000000001000058        6.0252685691423245E-002
  0.91000000001000059        5.7435610906808113E-002
  0.92000000001000060        5.4524553902002039E-002
  0.93000000001000060        5.1522294841274040E-002
  0.94000000001000061        4.8431649796957799E-002
  0.95000000001000062        4.5255468836501049E-002
  0.96000000001000063        4.1996634121135260E-002
  0.97000000001000064        3.8658058014547622E-002
  0.98000000001000065        3.5242681200140277E-002
  0.99000000001000066        3.1753470805631186E-002
   1.0000000000100007        2.8193418534018310E-002
   1.0100000000100007        2.4565538799931792E-002
   1.0200000000100007        2.0872866870692699E-002
   1.0300000000100007        1.7118457011385601E-002
   1.0400000000100007        1.3305380633592448E-002
   1.0500000000100007        9.4367244474011513E-003
   1.0600000000100007        5.5155886164175889E-003
   1.0700000000100007        1.5450849171622545E-003
   1.0800000000100007       -2.4716651022420395E-003
   1.0900000000100007       -6.5315319588595891E-003
   1.1000000000100008       -1.0631380067344754E-002
   1.1100000000100008       -1.4768069570068931E-002
   1.1200000000100008       -1.8938458163736720E-002
   1.1300000000100008       -2.3139402922143969E-002
   1.1400000000100008       -2.7367762114665146E-002
   1.1500000000100008       -3.1620397019999982E-002
   1.1600000000100008       -3.5894173734655060E-002
   1.1700000000100008       -4.0185964975583285E-002
   1.1800000000100008       -4.4492651876358008E-002
   1.1900000000100008       -4.8811125776213909E-002
   1.2000000000100008       -5.3138290001244357E-002
   1.2100000000100009       -5.7471061637007659E-002
   1.2200000000100009       -6.1806373291758532E-002
   1.2300000000100009       -6.6141174849487866E-002
   1.2400000000100009       -7.0472435211923215E-002
   1.2500000000100009       -7.4797144028614121E-002
   1.2600000000100009       -7.9112313414201219E-002
   1.2700000000100009       -8.3414979651943444E-002
   1.2800000000100009       -8.7702204882556367E-002
   1.2900000000100009       -9.1971078777395965E-002
   1.3000000000100009       -9.6218720195003438E-002
   1.3100000000100009      -0.10044227882001282     
   1.3200000000100010      -0.10463893678340822     
   1.3300000000100010      -0.10880591026310715     
   1.3400000000100010      -0.11294045106383617     
   1.3500000000100010      -0.11703984817525762     
   1.3600000000100010      -0.12110142930729992     
   1.3700000000100010      -0.12512256240164055     
   1.3800000000100010      -0.12910065711828733     
   1.3900000000100010      -0.13303316629620521     
   1.4000000000100010      -0.13691758738693371     
   1.4100000000100010      -0.14075146386014786     
   1.4200000000100010      -0.14453238624733977     
   1.4300000000100010      -0.14825799383183796     
   1.4400000000100011      -0.15192597630702417     
   1.4500000000100011      -0.15553407470565880     
   1.4600000000100011      -0.15908008264959345     
   1.4700000000100011      -0.16256184756528952     
   1.4800000000100011      -0.16597727186416089     
   1.4900000000100011      -0.16932431408678023     
   1.5000000000100011      -0.17260099001000195     
   1.5100000000100011      -0.17580537371607793     
   1.5200000000100011      -0.17893559862286207     
   1.5300000000100011      -0.18198985847422364     
   1.5400000000100011      -0.18496640828981509     
   1.5500000000100012      -0.18786356527336232     
   1.5600000000100012      -0.19067970967867928     
   1.5700000000100012      -0.19341328563263221     
   1.5800000000100012      -0.19606280191431322     
   1.5900000000100012      -0.19862683268971296     
   1.6000000000100012      -0.20110401820121676     
   1.6100000000100012      -0.20349306541128293     
   1.6200000000100012      -0.20579274859969748     
   1.6300000000100012      -0.20800190991383749     
   1.6400000000100012      -0.21011945987141320     
   1.6500000000100012      -0.21214437781519954     
   1.6600000000100013      -0.21407571231930636     
   1.6700000000100013      -0.21591258154658172     
   1.6800000000100013      -0.21765417355677999     
   1.6900000000100013      -0.21929974656517728     
   1.7000000000100013      -0.22084862915135370     
   1.7100000000100013      -0.22230022041791209     
   1.7200000000100013      -0.22365399009894751     
   1.7300000000100013      -0.22490947861812707     
   1.7400000000100013      -0.22606629709628834     
   1.7500000000100013      -0.22712412730851214     
   1.7600000000100013      -0.22808272159067183     
   1.7700000000100014      -0.22894190269551232     
   1.7800000000100014      -0.22970156359835853     
   1.7900000000100014      -0.23036166725260271     
   1.8000000000100014      -0.23092224629517011     
   1.8100000000100014      -0.23138340270220867     
   1.8200000000100014      -0.23174530739530153     
   1.8300000000100014      -0.23200819979854698     
   1.8400000000100014      -0.23217238734689943     
   1.8500000000100014      -0.23223824494621587     
   1.8600000000100014      -0.23220621438549727     
   1.8700000000100014      -0.23207680370186487     
   1.8800000000100014      -0.23185058649885612     
   1.8900000000100015      -0.23152820121867412     
   1.9000000000100015      -0.23111035036906688     
   1.9100000000100015      -0.23059779970556238     
   1.9200000000100015      -0.22999137736982583     
   1.9300000000100015      -0.22929197298495158     
   1.9400000000100015      -0.22850053670854226     
   1.9500000000100015      -0.22761807824447242     
   1.9600000000100015      -0.22664566581427112     
   1.9700000000100015      -0.22558442508909976     
   1.9800000000100015      -0.22443553808333611     
   1.9900000000100015      -0.22320024201081640     
   2.0000000000100013      -0.22187982810482007     
   2.0100000000100011      -0.22047564040291429     
   2.0200000000100009      -0.21898907449781113     
   2.0300000000100007      -0.21742157625542058     
   2.0400000000100005      -0.21577464058240201     
   2.0500000000100003      -0.21404981044628726     
   2.0600000000100001      -0.21224867471679701     
   2.0700000000099998      -0.21037286696436155     
   2.0800000000099996      -0.20842406417141937     
   2.0900000000099994      -0.20640398527999615     
   2.1000000000099992      -0.20431438971548421     
   2.1100000000099990      -0.20215707588799403     
   2.1200000000099988      -0.19993387381799704     
   2.1300000000099986      -0.19764664081813657     
   2.1400000000099983      -0.19529728112448322     
   2.1500000000099981      -0.19288773301651166     
   2.1600000000099979      -0.19041996603952716     
   2.1700000000099977      -0.18789597940042155     
   2.1800000000099975      -0.18531780035087497     
   2.1900000000099973      -0.18268748255944400     
   2.2000000000099971      -0.18000710447398111     
   2.2100000000099969      -0.17727876767582657     
   2.2200000000099966      -0.17450459522721426     
   2.2300000000099964      -0.17168673001332455     
   2.2400000000099962      -0.16882733308041323     
   2.2500000000099960      -0.16592858197143856     
   2.2600000000099958      -0.16299266906059434     
   2.2700000000099956      -0.16002179988815055     
   2.2800000000099954      -0.15701819149698654     
   2.2900000000099952      -0.15398407077218826     
   2.3000000000099949      -0.15092167278506502     
   2.3100000000099947      -0.14783323914292287     
   2.3200000000099945      -0.14472101634591353     
   2.3300000000099943      -0.14158725415225665     
   2.3400000000099941      -0.13843420395311079     
   2.3500000000099939      -0.13526411715834646     
   2.3600000000099937      -0.13207924359445078     
   2.3700000000099934      -0.12888182991576402     
   2.3800000000099932      -0.12567411803022804     
   2.3900000000099930      -0.12245834354079310     
   2.4000000000099928      -0.11923673420360262     
   2.4100000000099926      -0.11601150840404943     
   2.4200000000099924      -0.11278487365176104     
   2.4300000000099922      -0.10955902509554356     
   2.4400000000099920      -0.10633614405928289     
   2.4500000000099917      -0.10311839659976621     
   2.4600000000099915       -9.9907932087356072E-002
   2.4700000000099913       -9.6706881810414730E-002
   2.4800000000099911       -9.3517357604343071E-002
   2.4900000000099909       -9.0341450506062640E-002
   2.5000000000099907       -8.7181229434735774E-002
   2.5100000000099905       -8.4038739899483156E-002
   2.5200000000099902       -8.0916002734822884E-002
   2.5300000000099900       -7.7815012864519542E-002
   2.5400000000099898       -7.4737738094497005E-002
   2.5500000000099896       -7.1686117935431809E-002
   2.5600000000099894       -6.8662062455609643E-002
   2.5700000000099892       -6.5667451164591883E-002
   2.5800000000099890       -6.2704131928202678E-002
   2.5900000000099888       -5.9773919915314555E-002
   2.6000000000099885       -5.6878596576871679E-002
   2.6100000000099883       -5.4019908657559887E-002
   2.6200000000099881       -5.1199567240494903E-002
   2.6300000000099879       -4.8419246825267805E-002
   2.6400000000099877       -4.5680584439653435E-002
   2.6500000000099875       -4.2985178785253805E-002
   2.6600000000099873       -4.0334589417316789E-002
   2.6700000000099871       -3.7730335958937808E-002
   2.6800000000099868       -3.5173897349821605E-002
   2.6900000000099866       -3.2666711129901126E-002
   2.7000000000099864       -3.0210172757389075E-002
   2.7100000000099862       -2.7805634961979818E-002
   2.7200000000099860       -2.5454407133089229E-002
   2.7300000000099858       -2.3157754743008983E-002
   2.7400000000099856       -2.0916898805056820E-002
   2.7500000000099853       -1.8733015366696831E-002
   2.7600000000099851       -1.6607235037579382E-002
   2.7700000000099849       -1.4540642552423724E-002
   2.7800000000099847       -1.2534276368642766E-002
   2.7900000000099845       -1.0589128298585189E-002
   2.8000000000099843       -8.7061431762474797E-003
   2.8100000000099841       -6.8862185582856481E-003
   2.8200000000099839       -5.1302044591358814E-003
   2.8300000000099836       -3.4389031200319194E-003
   2.8400000000099834       -1.8130688116866855E-003
   2.8500000000099832       -2.5340767038876564E-004
   2.8600000000099830        1.2394224327575993E-003
   2.8700000000099828        2.6648119897344940E-003
   2.8800000000099826        4.0221999209595618E-003
   2.8900000000099824        5.3110736084011753E-003
   2.9000000000099821        6.5309688967964546E-003
   2.9100000000099819        7.6814700633218227E-003
   2.9200000000099817        8.7622097560804829E-003
   2.9300000000099815        9.7728740428015565E-003
   2.9400000000099813        1.0713210677206238E-002
   2.9500000000099811        1.1582997466740481E-002
   2.9600000000099809        1.2382054739005449E-002
   2.9700000000099807        1.3110250496667159E-002
   2.9800000000099804        1.3767509955640845E-002
   2.9900000000099802        1.4353802532208245E-002
   3.0000000000099800        1.4869133361133066E-002
   3.0100000000099798        1.5313554214579228E-002
   3.0200000000099796        1.5687163157419019E-002
   3.0300000000099794        1.5990104176263155E-002
   3.0400000000099792        1.6222566782324609E-002
   3.0500000000099790        1.6384785588608411E-002
   3.0600000000099787        1.6477039861925679E-002
   3.0700000000099785        1.6499653050235933E-002
   3.0800000000099783        1.6452992285827424E-002
   3.0900000000099781        1.6337467864850609E-002
   3.1000000000099779        1.6153532703724511E-002
   3.1100000000099777        1.5901681772940601E-002
   3.1200000000099775        1.5582451508792223E-002
   3.1300000000099772        1.5196419203562909E-002
   3.1400000000099770        1.4744202374709367E-002
   3.1500000000099768        1.4226458113578703E-002
   3.1600000000099766        1.3643882414203543E-002
   3.1700000000099764        1.2997209482719724E-002
   3.1800000000099762        1.2287211027956112E-002
   3.1900000000099760        1.1514695533747375E-002
   3.2000000000099758        1.0680507509308627E-002
   3.2100000000099755        9.7855267301049705E-003
   3.2200000000099753        8.8306674632943234E-003
   3.2300000000099751        7.8168776686710576E-003
   3.2400000000099749        6.7451381879398767E-003
   3.2500000000099747        5.6164619190648916E-003
   3.2600000000099745        4.4318929762586310E-003
   3.2700000000099743        3.1925058361770607E-003
   3.2800000000099740        1.8994044708890516E-003
   3.2900000000099738        5.5372146818812983E-004
   3.3000000000099736       -8.4338286018232375E-004
   3.3100000000099734       -2.2907213818195707E-003
   3.3200000000099732       -3.7870810578954917E-003
   3.3300000000099730       -5.3312238677610622E-003
   3.3400000000099728       -6.9218877433466792E-003
   3.3500000000099726       -8.5577875127839046E-003
   3.3600000000099723       -1.0237615852673012E-002
   3.3700000000099721       -1.1960044248420393E-002
   3.3800000000099719       -1.3723723962068326E-002
   3.3900000000099717       -1.5527287007040938E-002
   3.4000000000099715       -1.7369347129227691E-002
   3.4100000000099713       -1.9248500793827575E-002
   3.4200000000099711       -2.1163328177374607E-002
   3.4300000000099709       -2.3112396651073647E-002
   3.4400000000099706       -2.5094261873583733E-002
   3.4500000000099704       -2.7107461315279392E-002
   3.4600000000099702       -2.9150520147236719E-002
   3.4700000000099700       -3.1221952250803587E-002
   3.4800000000099698       -3.3320261228790019E-002
   3.4900000000099696       -3.5443941417806435E-002
   3.5000000000099694       -3.7591478901172953E-002
   3.5100000000099691       -3.9761352521824396E-002
   3.5200000000099689       -4.1952034894637183E-002
   3.5300000000099687       -4.4161993417603546E-002
   3.5400000000099685       -4.6389691281281953E-002
   3.5500000000099683       -4.8633588475952262E-002
   3.5600000000099681       -5.0892142795907189E-002
   3.5700000000099679       -5.3163810840312707E-002
   3.5800000000099677       -5.5447049010071713E-002
   3.5900000000099674       -5.7740314500128710E-002
   3.6000000000099672       -6.0042066286654851E-002
   3.6100000000099670       -6.2350766108555021E-002
   3.6200000000099668       -6.4664879442742948E-002
   3.6300000000099666       -6.6982876472631875E-002
   3.6400000000099664       -6.9303233049293311E-002
   3.6500000000099662       -7.1624431644738584E-002
   3.6600000000099659       -7.3944962296782824E-002
   3.6700000000099657       -7.6263323544955519E-002
   3.6800000000099655       -7.8578023356925000E-002
   3.6900000000099653       -8.0887580044910340E-002
   3.7000000000099651       -8.3190523171558894E-002
   3.7100000000099649       -8.5485394444772184E-002
   3.7200000000099647       -8.7770748600970616E-002
   3.7300000000099645       -9.0045154276291478E-002
   3.7400000000099642       -9.2307194865221764E-002
   3.7500000000099640       -9.4555469366175302E-002
   3.7600000000099638       -9.6788593213528312E-002
   3.7700000000099636       -9.9005199095637125E-002
   3.7800000000099634      -0.10120393775836856     
   3.7900000000099632      -0.10338347879368048     
   3.8000000000099630      -0.10554251141280127     
   3.8100000000099628      -0.10767974520356260     
   3.8200000000099625      -0.10979391087145089     
   3.8300000000099623      -0.11188376096395163     
   3.8400000000099621      -0.11394806689100863     
   3.8500000000099619      -0.11598562530122750     
   3.8600000000099617      -0.11799525820581083     
   3.8700000000099615      -0.11997581090230677     
   3.8800000000099613      -0.12192615527962032     
   3.8900000000099610      -0.12384518949736907     
   3.9000000000099608      -0.12573183813415900     
   3.9100000000099606      -0.12758505276361676     
   3.9200000000099604      -0.12940381613154495     
   3.9300000000099602      -0.13118713704713209     
   3.9400000000099600      -0.13293405104449574     
   3.9500000000099598      -0.13464362274865421     
   3.9600000000099596      -0.13631494634874414     
   3.9700000000099593      -0.13794714604975894     
   3.9800000000099591      -0.13953937650256049     
   3.9900000000099589      -0.14109082321193908     
   4.0000000000099591      -0.14260070292250490     
   4.0100000000099589      -0.14406826398221409     
   4.0200000000099587      -0.14549278668334592     
   4.0300000000099585      -0.14687358358076225     
   4.0400000000099583      -0.14820999978729962     
   4.0500000000099581      -0.14950141981269513     
   4.0600000000099579      -0.15074726047964232     
   4.0700000000099577      -0.15194696496486956     
   4.0800000000099574      -0.15310000995269094     
   4.0900000000099572      -0.15420590581584875     
   4.1000000000099570      -0.15526419677292902     
   4.1100000000099568      -0.15627446102227996     
   4.1200000000099566      -0.15723631085241713     
   4.1300000000099564      -0.15814939272890899     
   4.1400000000099562      -0.15901338735775963     
   4.1500000000099559      -0.15982800972531841     
   4.1600000000099557      -0.16059300911476740     
   4.1700000000099555      -0.16130816909925066     
   4.1800000000099553      -0.16197330751173186     
   4.1900000000099551      -0.16258827639167756     
   4.2000000000099549      -0.16315296190868928     
   4.2100000000099547      -0.16366728426321478     
   4.2200000000099545      -0.16413119756449585     
   4.2300000000099542      -0.16454468968591929     
   4.2400000000099540      -0.16490778209795939     
   4.2500000000099538      -0.16522052967891548     
   4.2600000000099536      -0.16548302050366409     
   4.2700000000099534      -0.16569537561066375     
   4.2800000000099532      -0.16585774874746390     
   4.2900000000099530      -0.16597032609498930     
   4.3000000000099527      -0.16603332597088274     
   4.3100000000099525      -0.16604699851220861     
   4.3200000000099523      -0.16601162533783267     
   4.3300000000099521      -0.16592751919080900     
   4.3400000000099519      -0.16579502356112036     
   4.3500000000099517      -0.16561451228913329     
   4.3600000000099515      -0.16538638915013998     
   4.3700000000099513      -0.16511108742037811     
   4.3800000000099510      -0.16478906942492874     
   4.3900000000099508      -0.16442082606790726     
   4.4000000000099506      -0.16400687634537434     
   4.4100000000099504      -0.16354776684140751     
   4.4200000000099502      -0.16304407120778364     
   4.4300000000099500      -0.16249638962773497     
   4.4400000000099498      -0.16190534826425260     
   4.4500000000099496      -0.16127159869342111     
   4.4600000000099493      -0.16059581732327760     
   4.4700000000099491      -0.15987870479869917     
   4.4800000000099489      -0.15912098539282979     
   4.4900000000099487      -0.15832340638556741     
   4.5000000000099485      -0.15748673742964053     
   4.5100000000099483      -0.15661176990480824     
   4.5200000000099481      -0.15569931626072683     
   4.5300000000099478      -0.15475020934903189     
   4.5400000000099476      -0.15376530174518993     
   4.5500000000099474      -0.15274546506067871     
   4.5600000000099472      -0.15169158924606074     
   4.5700000000099470      -0.15060458188551729     
   4.5800000000099468      -0.14948536748341515     
   4.5900000000099466      -0.14833488674347972     
   4.6000000000099464      -0.14715409584115138     
   4.6100000000099461      -0.14594396568970264     
   4.6200000000099459      -0.14470548120069721     
   4.6300000000099457      -0.14343964053936820     
   4.6400000000099455      -0.14214745437549886     
   4.6500000000099453      -0.14082994513038172     
   4.6600000000099451      -0.13948814622043715     
   4.6700000000099449      -0.13812310129806676     
   4.6800000000099446      -0.13673586349031594     
   4.6900000000099444      -0.13532749463591787     
   4.7000000000099442      -0.13389906452128669     
   4.7100000000099440      -0.13245165011602514     
   4.7200000000099438      -0.13098633480850586     
   4.7300000000099436      -0.12950420764208267     
   4.7400000000099434      -0.12800636255248202     
   4.7500000000099432      -0.12649389760691782     
   4.7600000000099429      -0.12496791323520826     
   4.7700000000099427      -0.12342950944299551     
   4.7800000000099425      -0.12187979113618244     
   4.7900000000099423      -0.12031986536187153     
   4.8000000000099421      -0.11875083955086423     
   4.8100000000099419      -0.11717382077791805     
   4.8200000000099417      -0.11558991502732822     
   4.8300000000099415      -0.11400022646431725     
   4.8400000000099412      -0.11240585671270316     
   4.8500000000099410      -0.11080790413931282     
   4.8600000000099408      -0.10920746314559024     
   4.8700000000099406      -0.10760562346684524     
   4.8800000000099404      -0.10600346947957243     
   4.8900000000099402      -0.10440207951726239     
   4.9000000000099400      -0.10280252519511464     
   4.9100000000099397      -0.10120587074404992     
   4.9200000000099395       -9.9613172354409668E-002
   4.9300000000099393       -9.8025477529715702E-002
   4.9400000000099391       -9.6443824450854129E-002
   4.9500000000099389       -9.4869241351032932E-002
   4.9600000000099387       -9.3302745901852252E-002
   4.9700000000099385       -9.1745344610812171E-002
   4.9800000000099383       -9.0198032230571781E-002
   4.9900000000099380       -8.8661791180259797E-002
