   9.9999999999999994E-012 -0.11379941686993691     
   1.0000000010000001E-002 -0.11373606051873737     
   2.0000000010000001E-002 -0.11354605759381124     
   3.0000000010000000E-002 -0.11322960617811169     
   4.0000000010000002E-002 -0.11278703542022170     
   5.0000000010000004E-002 -0.11221880409143889     
   6.0000000010000006E-002 -0.11152549864522662     
   7.0000000010000007E-002 -0.11070783084886018     
   8.0000000010000002E-002 -0.10976663506468462     
   9.0000000009999997E-002 -0.10870286526027825     
  0.10000000000999999      -0.10751759182555924     
  0.11000000000999999      -0.10621199826365105     
  0.12000000000999998      -0.10478737781120215     
  0.13000000000999998      -0.10324513003539507     
  0.14000000000999999      -0.10158675744212520     
  0.15000000001000000       -9.9813862120473051E-002
  0.16000000001000000       -9.7928142436924270E-002
  0.17000000001000001       -9.5931389785584353E-002
  0.18000000001000002       -9.3825485396819494E-002
  0.19000000001000003       -9.1612397201946152E-002
  0.20000000001000004       -8.9294176750206553E-002
  0.21000000001000005       -8.6872956169522300E-002
  0.22000000001000006       -8.4350945163025187E-002
  0.23000000001000007       -8.1730428032828595E-002
  0.24000000001000008       -7.9013760723804366E-002
  0.25000000001000006       -7.6203367880257750E-002
  0.26000000001000007       -7.3301739909206201E-002
  0.27000000001000007       -7.0311430044880774E-002
  0.28000000001000008       -6.7235051410016747E-002
  0.29000000001000009       -6.4075274070436949E-002
  0.30000000001000010       -6.0834822080326770E-002
  0.31000000001000011       -5.7516470516435401E-002
  0.32000000001000012       -5.4123042500203764E-002
  0.33000000001000013       -5.0657406207509859E-002
  0.34000000001000014       -4.7122471866338063E-002
  0.35000000001000015       -4.3521188743222763E-002
  0.36000000001000015       -3.9856542119788813E-002
  0.37000000001000016       -3.6131550261122122E-002
  0.38000000001000017       -3.2349261378053926E-002
  0.39000000001000018       -2.8512750585737556E-002
  0.40000000001000019       -2.4625116861145040E-002
  0.41000000001000020       -2.0689480002312566E-002
  0.42000000001000021       -1.6708977592328273E-002
  0.43000000001000022       -1.2686761920688263E-002
  0.44000000001000023       -8.6259968594482074E-003
  0.45000000001000023       -4.5298550797206807E-003
  0.46000000001000024       -4.0151513673807591E-004
  0.47000000001000025        3.7558416180294221E-003
  0.48000000001000026        7.9390339837721157E-003
  0.49000000001000027        1.2144883822347744E-002
  0.50000000001000022        1.6370218939353288E-002
  0.51000000001000023        2.0611875931040496E-002
  0.52000000001000024        2.4866702993923705E-002
  0.53000000001000025        2.9131562694004808E-002
  0.54000000001000026        3.3403334692630897E-002
  0.55000000001000027        3.7678918426098204E-002
  0.56000000001000028        4.1955235736221272E-002
  0.57000000001000029        4.6229233449201525E-002
  0.58000000001000029        5.0497885900246217E-002
  0.59000000001000030        5.4758197401516218E-002
  0.60000000001000031        5.9007204651106371E-002
  0.61000000001000032        6.3241979080897542E-002
  0.62000000001000033        6.7459629141251781E-002
  0.63000000001000034        7.1657302520660618E-002
  0.64000000001000035        7.5832188298593589E-002
  0.65000000001000036        7.9981519029934181E-002
  0.66000000001000036        8.4102572759529426E-002
  0.67000000001000037        8.8192674965518386E-002
  0.68000000001000038        9.2249200430238418E-002
  0.69000000001000039        9.6269575037653196E-002
  0.70000000001000040       0.10025127749637841     
  0.71000000001000041       0.10419184098751202     
  0.72000000001000042       0.10808885473660904     
  0.73000000001000043       0.11193996550926770     
  0.74000000001000044       0.11574287902992024     
  0.75000000001000044       0.11949536132354173     
  0.76000000001000045       0.12319523998011039     
  0.77000000001000046       0.12684040534176663     
  0.78000000001000047       0.13042881053928621     
  0.79000000001000048       0.13395846970817335     
  0.80000000001000049       0.13742746522553645     
  0.81000000001000050       0.14083394898148302     
  0.82000000001000051       0.14417614051932778     
  0.83000000001000052       0.14745232765729974     
  0.84000000001000052       0.15066086714119170     
  0.85000000001000053       0.15380018522291211     
  0.86000000001000054       0.15686877816573294     
  0.87000000001000055       0.15986521267710291     
  0.88000000001000056       0.16278812626995975     
  0.89000000001000057       0.16563622755353605     
  0.90000000001000058       0.16840829645471320     
  0.91000000001000059       0.17110318437103214     
  0.92000000001000060       0.17371981425652108     
  0.93000000001000060       0.17625718064154577     
  0.94000000001000061       0.17871434958793142     
  0.95000000001000062       0.18109045858064474     
  0.96000000001000063       0.18338471635735842     
  0.97000000001000064       0.18559640267725383     
  0.98000000001000065       0.18772486803044530     
  0.99000000001000066       0.18976953328943472     
   1.0000000000100007       0.19172988930402635     
   1.0100000000100007       0.19360549644115402     
   1.0200000000100007       0.19539598407108411     
   1.0300000000100007       0.19710105000147693     
   1.0400000000100007       0.19872045986079578     
   1.0500000000100007       0.20025404643256506     
   1.0600000000100007       0.20170170894198286     
   1.0700000000100007       0.20306341229585168     
   1.0800000000100007       0.20433918627926806     
   1.0900000000100007       0.20552912470847046     
   1.1000000000100008       0.20663338454162256     
   1.1100000000100008       0.20765218494989254     
   1.1200000000100008       0.20858580634995944     
   1.1300000000100008       0.20943458939944745     
   1.1400000000100008       0.21019893395678474     
   1.1500000000100008       0.21087929800697491     
   1.1600000000100008       0.21147619655476166     
   1.1700000000100008       0.21199020048665637     
   1.1800000000100008       0.21242193540329138     
   1.1900000000100008       0.21277208042354673     
   1.2000000000100008       0.21304136696189158     
   1.2100000000100009       0.21323057748036550     
   1.2200000000100009       0.21334054421661536     
   1.2300000000100009       0.21337214788938902     
   1.2400000000100009       0.21332631638287572     
   1.2500000000100009       0.21320402341126798     
   1.2600000000100009       0.21300628716490619     
   1.2700000000100009       0.21273416893935657     
   1.2800000000100009       0.21238877174875287     
   1.2900000000100009       0.21197123892472552     
   1.3000000000100009       0.21148275270222072     
   1.3100000000100009       0.21092453279350293     
   1.3200000000100010       0.21029783495161603     
   1.3300000000100010       0.20960394952456674     
   1.3400000000100010       0.20884420000147680     
   1.3500000000100010       0.20801994155193687     
   1.3600000000100010       0.20713255955978199     
   1.3700000000100010       0.20618346815248914     
   1.3800000000100010       0.20517410872738834     
   1.3900000000100010       0.20410594847585811     
   1.4000000000100010       0.20298047890666576     
   1.4100000000100010       0.20179921436959472     
   1.4200000000100010       0.20056369070144237     
   1.4300000000100010       0.19927546364973528     
   1.4400000000100011       0.19793610726825145     
   1.4500000000100011       0.19654721257055427     
   1.4600000000100011       0.19511038607165510     
   1.4700000000100011       0.19362724833649364     
   1.4800000000100011       0.19209943253627160     
   1.4900000000100011       0.19052858301365466     
   1.5000000000100011       0.18891635385784186     
   1.5100000000100011       0.18726440749048356     
   1.5200000000100011       0.18557441326341181     
   1.5300000000100011       0.18384804606912908     
   1.5400000000100011       0.18208698496498243     
   1.5500000000100012       0.18029291181193283     
   1.5600000000100012       0.17846750992880800     
   1.5700000000100012       0.17661246276291112     
   1.5800000000100012       0.17472945257783359     
   1.5900000000100012       0.17282015915930352     
   1.6000000000100012       0.17088625853987877     
   1.6100000000100012       0.16892942174327275     
   1.6200000000100012       0.16695131354907927     
   1.6300000000100012       0.16495359127864165     
   1.6400000000100012       0.16293790360278698     
   1.6500000000100012       0.16090588937212527     
   1.6600000000100013       0.15885917647058839     
   1.6700000000100013       0.15679938069286101     
   1.6800000000100013       0.15472810464632969     
   1.6900000000100013       0.15264693667815382     
   1.7000000000100013       0.15055744982803512     
   1.7100000000100013       0.14846120080723715     
   1.7200000000100013       0.14635972900438096     
   1.7300000000100013       0.14425455551851632     
   1.7400000000100013       0.14214718221994044     
   1.7500000000100013       0.14003909083921090     
   1.7600000000100013       0.13793174208476996     
   1.7700000000100014       0.13582657478957169     
   1.7800000000100014       0.13372500508707358     
   1.7900000000100014       0.13162842561692828     
   1.8000000000100014       0.12953820476068048     
   1.8100000000100014       0.12745568590774742     
   1.8200000000100014       0.12538218675193086     
   1.8300000000100014       0.12331899861868159     
   1.8400000000100014       0.12126738582330665     
   1.8500000000100014       0.11922858506028169     
   1.8600000000100014       0.11720380482380204     
   1.8700000000100014       0.11519422485967543     
   1.8800000000100014       0.11320099564863298     
   1.8900000000100015       0.11122523792110328     
   1.9000000000100015       0.10926804220346834     
   1.9100000000100015       0.10733046839578982     
   1.9200000000100015       0.10541354538096566     
   1.9300000000100015       0.10351827066525061     
   1.9400000000100015       0.10164561005004388     
   1.9500000000100015        9.9796497334821363E-002
   1.9600000000100015        9.7971834051062218E-002
   1.9700000000100015        9.6172489226991190E-002
   1.9800000000100015        9.4399299182934160E-002
   1.9900000000100015        9.2653067357055613E-002
   2.0000000000100013        9.0934564161222614E-002
   2.0100000000100011        8.9244526866714552E-002
   2.0200000000100009        8.7583659519472223E-002
   2.0300000000100007        8.5952632884557761E-002
   2.0400000000100005        8.4352084492500895E-002
   2.0500000000100003        8.2782618940813096E-002
   2.0600000000100001        8.1244807206871633E-002
   2.0700000000099998        7.9739186920946031E-002
   2.0800000000099996        7.8266262579114329E-002
   2.0900000000099994        7.6826505654835064E-002
   2.1000000000099992        7.5420354736796272E-002
   2.1100000000099990        7.4048215692542163E-002
   2.1200000000099988        7.2710458458970242E-002
   2.1300000000099986        7.1407416196348980E-002
   2.1400000000099983        7.0139397797221489E-002
   2.1500000000099981        6.8906681045007162E-002
   2.1600000000099979        6.7709512194485788E-002
   2.1700000000099977        6.6548106277484587E-002
   2.1800000000099975        6.5422647430392708E-002
   2.1900000000099973        6.4333289242881578E-002
   2.2000000000099971        6.3280155127197799E-002
   2.2100000000099969        6.2263338707384361E-002
   2.2200000000099966        6.1282904227775582E-002
   2.2300000000099964        6.0338886980102702E-002
   2.2400000000099962        5.9431293748538061E-002
   2.2500000000099960        5.8560103271998711E-002
   2.2600000000099958        5.7725266723023971E-002
   2.2700000000099956        5.6926708202534225E-002
   2.2800000000099954        5.6164325249775271E-002
   2.2900000000099952        5.5437989366746765E-002
   2.3000000000099949        5.4747546556410766E-002
   2.3100000000099947        5.4092817873973575E-002
   2.3200000000099945        5.3473599990532472E-002
   2.3300000000099943        5.2889665768377683E-002
   2.3400000000099941        5.2340764847240408E-002
   2.3500000000099939        5.1826624240777219E-002
   2.3600000000099937        5.1346948942583882E-002
   2.3700000000099934        5.0901422541032540E-002
   2.3800000000099932        5.0489707842229524E-002
   2.3900000000099930        5.0111447500394299E-002
   2.4000000000099928        4.9766264654964858E-002
   2.4100000000099926        4.9453763573738881E-002
   2.4200000000099924        4.9173530301366050E-002
   2.4300000000099922        4.8925133312512532E-002
   2.4400000000099920        4.8708124169026590E-002
   2.4500000000099917        4.8522038180439611E-002
   2.4600000000099915        4.8366395067146919E-002
   2.4700000000099913        4.8240699625620075E-002
   2.4800000000099911        4.8144442395010791E-002
   2.4900000000099909        4.8077100324518049E-002
   2.5000000000099907        4.8038137440898007E-002
   2.5100000000099905        4.8027005515508266E-002
   2.5200000000099902        4.8043144730287687E-002
   2.5300000000099900        4.8085984342085955E-002
   2.5400000000099898        4.8154943344767172E-002
   2.5500000000099896        4.8249431128525241E-002
   2.5600000000099894        4.8368848135860842E-002
   2.5700000000099892        4.8512586513682149E-002
   2.5800000000099890        4.8680030761006216E-002
   2.5900000000099888        4.8870558371749223E-002
   2.6000000000099885        4.9083540472110027E-002
   2.6100000000099883        4.9318342452063027E-002
   2.6200000000099881        4.9574324590493123E-002
   2.6300000000099879        4.9850842673517817E-002
   2.6400000000099877        5.0147248605557762E-002
   2.6500000000099875        5.0462891012731236E-002
   2.6600000000099873        5.0797115838163043E-002
   2.6700000000099871        5.1149266928813719E-002
   2.6800000000099868        5.1518686613450562E-002
   2.6900000000099866        5.1904716271370367E-002
   2.7000000000099864        5.2306696891614060E-002
   2.7100000000099862        5.2723969622243974E-002
   2.7200000000099860        5.3155876309388186E-002
   2.7300000000099858        5.3601760025775103E-002
   2.7400000000099856        5.4060965588461171E-002
   2.7500000000099853        5.4532840065481605E-002
   2.7600000000099851        5.5016733271168752E-002
   2.7700000000099849        5.5511998249899677E-002
   2.7800000000099847        5.6017991748048244E-002
   2.7900000000099845        5.6534074673934488E-002
   2.8000000000099843        5.7059612545577273E-002
   2.8100000000099841        5.7593975926072703E-002
   2.8200000000099839        5.8136540846435367E-002
   2.8300000000099836        5.8686689215754359E-002
   2.8400000000099834        5.9243809218531840E-002
   2.8500000000099832        5.9807295699083975E-002
   2.8600000000099830        6.0376550532901807E-002
   2.8700000000099828        6.0950982984881961E-002
   2.8800000000099826        6.1530010054350950E-002
   2.8900000000099824        6.2113056806822178E-002
   2.9000000000099821        6.2699556692436917E-002
   2.9100000000099819        6.3288951851055611E-002
   2.9200000000099817        6.3880693403976910E-002
   2.9300000000099815        6.4474245096559066E-002
   2.9400000000099813        6.5069090350028155E-002
   2.9500000000099811        6.5664712294752778E-002
   2.9600000000099809        6.6260600659354935E-002
   2.9700000000099807        6.6856255362119366E-002
   2.9800000000099804        6.7451196561433904E-002
   2.9900000000099802        6.8044954954700615E-002
   3.0000000000099800        6.8637062167520219E-002
   3.0100000000099798        6.9227060744304444E-002
   3.0200000000099796        6.9814504310805450E-002
   3.0300000000099794        7.0398957723759772E-002
   3.0400000000099792        7.0979997207890347E-002
   3.0500000000099790        7.1557210480388517E-002
   3.0600000000099787        7.2130196863005674E-002
   3.0700000000099785        7.2698567381895923E-002
   3.0800000000099783        7.3261944855357003E-002
   3.0900000000099781        7.3819963969627894E-002
   3.1000000000099779        7.4372271342907165E-002
   3.1100000000099777        7.4918525577765224E-002
   3.1200000000099775        7.5458397302131289E-002
   3.1300000000099772        7.5991569199041889E-002
   3.1400000000099770        7.6517736025345701E-002
   3.1500000000099768        7.7036604619564852E-002
   3.1600000000099766        7.7547893899120243E-002
   3.1700000000099764        7.8051334847133363E-002
   3.1800000000099762        7.8546670489022474E-002
   3.1900000000099760        7.9033655859117535E-002
   3.2000000000099758        7.9512057960334906E-002
   3.2100000000099755        7.9981655708570021E-002
   3.2200000000099753        8.0442239868002002E-002
   3.2300000000099751        8.0893612982987334E-002
   3.2400000000099749        8.1335589298277472E-002
   3.2500000000099747        8.1767994670686267E-002
   3.2600000000099745        8.2190666472458790E-002
   3.2700000000099743        8.2603453486595327E-002
   3.2800000000099740        8.3006215794386273E-002
   3.2900000000099738        8.3398824655416676E-002
   3.3000000000099736        8.3781162380300214E-002
   3.3100000000099734        8.4153122196404223E-002
   3.3200000000099732        8.4514608106829092E-002
   3.3300000000099730        8.4865534742905438E-002
   3.3400000000099728        8.5205827210473650E-002
   3.3500000000099726        8.5535420930211534E-002
   3.3600000000099723        8.5854261472274609E-002
   3.3700000000099721        8.6162304385514213E-002
   3.3800000000099719        8.6459515021538980E-002
   3.3900000000099717        8.6745868353882954E-002
   3.4000000000099715        8.7021348792544834E-002
   3.4100000000099713        8.7285949994159978E-002
   3.4200000000099711        8.7539674668066364E-002
   3.4300000000099709        8.7782534755442704E-002
   3.4400000000099706        8.8014551172724373E-002
   3.4500000000099704        8.8235752486389013E-002
   3.4600000000099702        8.8446175504495489E-002
   3.4700000000099700        8.8645865066225543E-002
   3.4800000000099698        8.8834873828842531E-002
   3.4900000000099696        8.9013262052314426E-002
   3.5000000000099694        8.9181097381843211E-002
   3.5100000000099691        8.9338454628542008E-002
   3.5200000000099689        8.9485415548496067E-002
   3.5300000000099687        8.9622068620441905E-002
   3.5400000000099685        8.9748508822294501E-002
   3.5500000000099683        8.9864837406749193E-002
   3.5600000000099681        8.9971161676180342E-002
   3.5700000000099679        9.0067594757056307E-002
   3.5800000000099677        9.0154255374084571E-002
   3.5900000000099674        9.0231267624297812E-002
   3.6000000000099672        9.0298760751286622E-002
   3.6100000000099670        9.0356868919781189E-002
   3.6200000000099668        9.0405730990777894E-002
   3.6300000000099666        9.0445490297404632E-002
   3.6400000000099664        9.0476294421711609E-002
   3.6500000000099662        9.0498294972570906E-002
   3.6600000000099659        9.0511647364863099E-002
   3.6700000000099657        9.0516510600124056E-002
   3.6800000000099655        9.0513047048819656E-002
   3.6900000000099653        9.0501422234412002E-002
   3.7000000000099651        9.0481804619375078E-002
   3.7100000000099649        9.0454365393312572E-002
   3.7200000000099647        9.0419278263325284E-002
   3.7300000000099645        9.0376719246771153E-002
   3.7400000000099642        9.0326866466554662E-002
   3.7500000000099640        9.0269899949077539E-002
   3.7600000000099638        9.0206001424977589E-002
   3.7700000000099636        9.0135354132776888E-002
   3.7800000000099634        9.0058142625555185E-002
   3.7900000000099632        8.9974552580759773E-002
   3.8000000000099630        8.9884770613256587E-002
   3.8100000000099628        8.9788984091723117E-002
   3.8200000000099625        8.9687380958478127E-002
   3.8300000000099623        8.9580149552837357E-002
   3.8400000000099621        8.9467478705624340E-002
   3.8500000000099619        8.9349557200728819E-002
   3.8600000000099617        8.9226573621565497E-002
   3.8700000000099615        8.9098716394685890E-002
   3.8800000000099613        8.8966173413415020E-002
   3.8900000000099610        8.8829131947570944E-002
   3.9000000000099608        8.8687778529367683E-002
   3.9100000000099606        8.8542298807607736E-002
   3.9200000000099604        8.8392876991021774E-002
   3.9300000000099602        8.8239696305639465E-002
   3.9400000000099600        8.8082938883172535E-002
   3.9500000000099598        8.7922785432607328E-002
   3.9600000000099596        8.7759415115247999E-002
   3.9700000000099593        8.7593005424012021E-002
   3.9800000000099591        8.7423732066994983E-002
   3.9900000000099589        8.7251768855315520E-002
   4.0000000000099591        8.7077287595248937E-002
   4.0100000000099589        8.6900457984652568E-002
   4.0200000000099587        8.6721447513681854E-002
   4.0300000000099585        8.6540421369792536E-002
   4.0400000000099583        8.6357542347021005E-002
   4.0500000000099581        8.6172969317228620E-002
   4.0600000000099579        8.5986858550624976E-002
   4.0700000000099577        8.5799365105882958E-002
   4.0800000000099574        8.5610641335992249E-002
   4.0900000000099572        8.5420836818454804E-002
   4.1000000000099570        8.5230098289656372E-002
   4.1100000000099568        8.5038569583348003E-002
   4.1200000000099566        8.4846391573200189E-002
   4.1300000000099564        8.4653702119391216E-002
   4.1400000000099562        8.4460636019186436E-002
   4.1500000000099559        8.4267324961464343E-002
   4.1600000000099557        8.4073897485141061E-002
   4.1700000000099555        8.3880478941442654E-002
   4.1800000000099553        8.3687191459972748E-002
   4.1900000000099551        8.3494153918519498E-002
   4.2000000000099549        8.3301481916544906E-002
   4.2100000000099547        8.3109287752295535E-002
   4.2200000000099545        8.2917680403474275E-002
   4.2300000000099542        8.2726765511407035E-002
   4.2400000000099540        8.2536645368640610E-002
   4.2500000000099538        8.2347418909902811E-002
   4.2600000000099536        8.2159181706355805E-002
   4.2700000000099534        8.1972025963072431E-002
   4.2800000000099532        8.1786040519662026E-002
   4.2900000000099530        8.1601310853973430E-002
   4.3000000000099527        8.1417919088799168E-002
   4.3100000000099525        8.1235944001505314E-002
   4.3200000000099523        8.1055461036509777E-002
   4.3300000000099521        8.0876542320530806E-002
   4.3400000000099519        8.0699256680526660E-002
   4.3500000000099517        8.0523669664247663E-002
   4.3600000000099515        8.0349843563318160E-002
   4.3700000000099513        8.0177837438770258E-002
   4.3800000000099510        8.0007707148945284E-002
   4.3900000000099508        7.9839505379682790E-002
   4.4000000000099506        7.9673281676714253E-002
   4.4100000000099504        7.9509082480179058E-002
   4.4200000000099502        7.9346951161181026E-002
   4.4300000000099500        7.9186928060301698E-002
   4.4400000000099498        7.9029050527988684E-002
   4.4500000000099496        7.8873352966737087E-002
   4.4600000000099493        7.8719866874980088E-002
   4.4700000000099491        7.8568620892608895E-002
   4.4800000000099489        7.8419640848038888E-002
   4.4900000000099487        7.8272949806740794E-002
   4.5000000000099485        7.8128568121157621E-002
   4.5100000000099483        7.7986513481925215E-002
   4.5200000000099481        7.7846800970317917E-002
   4.5300000000099478        7.7709443111841053E-002
   4.5400000000099476        7.7574449930890049E-002
   4.5500000000099474        7.7441829006401258E-002
   4.5600000000099472        7.7311585528416188E-002
   4.5700000000099470        7.7183722355484430E-002
   4.5800000000099468        7.7058240072830131E-002
   4.5900000000099466        7.6935137051208996E-002
   4.6000000000099464        7.6814409506382936E-002
   4.6100000000099461        7.6696051559140541E-002
   4.6200000000099459        7.6580055295793967E-002
   4.6300000000099457        7.6466410829082176E-002
   4.6400000000099455        7.6355106359413769E-002
   4.6500000000099453        7.6246128236381439E-002
   4.6600000000099451        7.6139461020484328E-002
   4.6700000000099449        7.6035087544992969E-002
   4.6800000000099446        7.5932988977895521E-002
   4.6900000000099444        7.5833144883862696E-002
   4.7000000000099442        7.5735533286173329E-002
   4.7100000000099440        7.5640130728540811E-002
   4.7200000000099438        7.5546912336784788E-002
   4.7300000000099436        7.5455851880292232E-002
   4.7400000000099434        7.5366921833213946E-002
   4.7500000000099432        7.5280093435344891E-002
   4.7600000000099429        7.5195336679044572E-002
   4.7700000000099427        7.5112620234540670E-002
   4.7800000000099425        7.5031911957237560E-002
   4.7900000000099423        7.4953178782872970E-002
   4.8000000000099421        7.4876386710343787E-002
   4.8100000000099419        7.4801500859640366E-002
   4.8200000000099417        7.4728485529144975E-002
   4.8300000000099415        7.4657304252254628E-002
   4.8400000000099412        7.4587919853290871E-002
   4.8500000000099410        7.4520294502658943E-002
   4.8600000000099408        7.4454389771223678E-002
   4.8700000000099406        7.4390166683866846E-002
   4.8800000000099404        7.4327585772195934E-002
   4.8900000000099402        7.4266607126374076E-002
   4.9000000000099400        7.4207190446042223E-002
   4.9100000000099397        7.4149295090307848E-002
   4.9200000000099395        7.4092880126773647E-002
   4.9300000000099393        7.4037904379584143E-002
   4.9400000000099391        7.3984326476466494E-002
   4.9500000000099389        7.3932104894746109E-002
   4.9600000000099387        7.3881198006317345E-002
   4.9700000000099385        7.3831564121551771E-002
   4.9800000000099383        7.3783161532128022E-002
   4.9900000000099380        7.3735948552768132E-002
