(-8.770922392202486e-13,-10.261189331904488)
(-0.21922645546163383,-10.258728668141003)
(-0.4381734748284137,-10.251351957168916)
(-0.656562570484238,-10.239075013693663)
(-0.8741171453319507,-10.221924108295676)
(-1.0905634220422278,-10.199935837361755)
(-1.3056313532919204,-10.173156942625608)
(-1.519055506993406,-10.141644081926138)
(-1.7305759207972031,-10.10546355321253)
(-1.9399389204929665,-10.06469097421705)
(-2.146897897332299,-10.01941092057509)
(-2.351214039744086,-9.969716525492714)
(-2.552657015401901,-9.915709044340998)
(-2.7510056001256857,-9.857497387791234)
(-2.946048250648159,-9.795197627293225)
(-3.137583618842017,-9.728932476839363)
(-3.325421005578467,-9.658830755049685)
(-3.5093807529629952,-9.585026831657855)
(-3.6892945742624716,-9.507660062476544)
(-3.86500582139151,-9.426874216874575)
(-4.036369690358533,-9.342816901710496)
(-4.2032533655771385,-9.255638985540495)
(-4.365536104420765,-9.165494026757068)
(-4.523109263833838,-9.072537709121713)
(-4.675876271206747,-8.976927287935382)
(-4.82375254207248,-8.87882104984793)
(-4.9666653474875755,-8.778377789047406)
(-5.104553634218004,-8.675756302296127)
(-5.237367801061637,-8.571114904997255)
(-5.365069434803303,-8.464610970187321)
(-5.487631009417347,-8.356400492060864)
(-5.6050355522077195,-8.246637675346813)
(-5.717276280609416,-8.135474551575342)
(-5.8243562133698,-8.02306062300241)
(-5.926287759787651,-7.9095425346989)
(-6.023092290614254,-7.795063775065026)
(-6.114799694118687,-7.679764404799873)
(-6.201447920691603,-7.5637808141423015)
(-6.283082519212487,-7.447245508003934)
(-6.359756168237537,-7.330286918438149)
(-6.4315282048831515,-7.213029243731601)
(-6.498464154086243,-7.09559231326658)
(-6.560635260720917,-6.978091477183319)
(-6.618118026844144,-6.860637519771108)
(-6.670993756133741,-6.743336595434463)
(-6.719348107372885,-6.626290186015595)
(-6.763270658628474,-6.50959507820533)
(-6.8028544835682005,-6.393343359741014)
(-6.838195741164581,-6.277622433070198)
(-6.869393279845291,-6.1625150451520865)
(-6.896548256968545,-6.048099332073523)
(-6.919763778964187,-5.93444888488215)
(-6.939144536111818,-5.821632788917958)
(-6.954796495694159,-5.70971575171313)
(-6.966826573494932,-5.598758163092995)
(-6.975342340870237,-5.488816202544427)
(-6.9804517458090345,-5.379941946359026)
(-6.982262851290634,-5.272183481185829)
(-6.980883590756831,-5.165585022985052)
(-6.976421540433283,-5.060187040432235)
(-6.968983708161819,-4.956026381881446)
(-6.958676338342243,-4.853136405055924)
(-6.94560473252846,-4.751547108694298)
(-6.929873085178351,-4.651285265439678)
(-6.911584334019971,-4.5523745553170265)
(-6.890840024466736,-4.454835699200959)
(-6.8677401874921875,-4.358686591731198)
(-6.842383230357268,-4.263942433185712)
(-6.814865839574266,-4.17061585987266)
(-6.785282895484306,-4.078717072650408)
(-6.75372739782534,-3.9882539632309917)
(-6.720290401670588,-3.8992322379656605)
(-6.685060963124021,-3.811655538851927)
(-6.648126094169545,-3.7255255615396266)
(-6.609570726082931,-3.640842170148942)
(-6.5694776808306505,-3.5576035087463116)
(-6.52792764989621,-3.475806109354379)
(-6.484999179993156,-3.3954449964001547)
(-6.4407686651433,-3.3165137875309973)
(-6.395310344619252,-3.2390047907512183)
(-6.348696306271568,-3.1629090978532153)
(-6.300996494782404,-3.088216674135973)
(-6.2522787244095515,-3.0149164444206806)
(-6.2026086958180695,-2.9429963753996167)
(-6.152050016540772,-2.872443554290063)
(-6.100664224858285,-2.803244264008652)
(-6.048510816540891,-2.735384054707655)
(-5.995647274275584,-2.6688478119052332)
(-5.942129099411575,-2.6036198212217836)
(-5.888009845745729,-2.5396838298162)
(-5.8333411550790135,-2.477023104610345)
(-5.778172794293558,-2.4156204873943867)
(-5.722552693717652,-2.355458446908964)
(-5.666526986534592,-2.296519128004124)
(-5.610140049207418,-2.2387843979708975)
(-5.553434542306829,-2.182235890148336)
(-5.496451452144157,-2.126855044918087)
(-5.439230132647735,-2.072623148150413)
(-5.381808347382371,-2.019521367338507)
(-5.324222311886277,-1.9675307852213726)
(-5.266506735751993,-1.9166324313711978)
(-5.208694864694698,-1.8668073115757942)
(-5.150818522368565,-1.8180364352132228)
(-5.092908151868663,-1.7703008406966085)
(-5.034992856840768,-1.7235816190809035)
(-4.977100442129853,-1.677859935920919)
(-4.919257453905869,-1.633117051467467)
(-4.8614892192127535,-1.5893343392858308)
(-4.803819884893371,-1.5464933033780943)
(-4.746272455849336,-1.5045755938881487)
(-4.688868832600431,-1.4635630214653625)
(-4.631629848113728,-1.4234375703602067)
(-4.574575303877354,-1.3841814103222545)
(-4.517724005198384,-1.3457769073682548)
(-4.461093795708432,-1.3082066334852147)
(-4.404701591064343,-1.2714533753306967)
(-4.348563411834732,-1.235500141989892)
(-4.2926944155663165,-1.2003301718463981)
(-4.237108928026772,-1.1659269386210498)
(-4.181820473623425,-1.1322741566306873)
(-4.126841804999393,-1.0993557853162619)
(-4.072184931810881,-1.0671560330873622)
(-4.017861148691122,-1.0356593605279034)
(-3.96388106240822,-1.0048504830055422)
(-3.9102546182255096,-0.9747143727251939)
(-3.856991125474424,-0.9452362602649963)
(-3.804099282350935,-0.916401635631044)
(-3.7515871999476422,-0.8881962488653089)
(-3.699462425534476,-0.8606061102393197)
(-3.647731965101654,-0.8336174900644046)
(-3.5964023051791547,-0.8072169181476075)
(-3.5454794339475724,-0.7813911829207649)
(-3.494968861655477,-0.7561273302686771)
(-3.4448756403588887,-0.7314126620808248)
(-3.395204382998675,-0.707234734549681)
(-3.345959281831794,-0.6835813562372925)
(-3.2971441262325634,-0.6604405859305383)
(-3.2487623198800684,-0.6378007303042452)
(-3.2008168973479094,-0.6156503414101787)
(-3.153310540112428,-0.5939782140088035)
(-3.1062455919954393,-0.5727733827596831)
(-3.0596240740574596,-0.5520251192853728)
(-3.013447698957179,-0.5317229291227116)
(-2.967717884792826,-0.5118565485745461)
(-2.922435768440825,-0.49241594147403145)
(-2.877602218406922,-0.47339129587289724)
(-2.833217847204762,-0.45477302066425546)
(-2.789283023276569,-0.4365517421498551)
(-2.745797882470355,-0.418718300560972)
(-2.7027623390877844,-0.4012637465415056)
(-2.660176096516531,-0.3841793376012273)
(-2.6180386574606396,-0.36745653454657046)
(-2.576349333782118,-0.3510869978957968)
(-2.5351072559666634,-0.3350625842848845)
(-2.4943113822260727,-0.3193753428699798)
(-2.453960507249658,-0.3040175117318263)
(-2.4140532706165234,-0.28898151428715146)
(-2.3745881648803917,-0.27425995571158907)
(-2.335563543338221,-0.2598456193783535)
(-2.296977627493626,-0.2457314633165209)
(-2.258828514225757,-0.23191061669244756)
(-2.2211141826739853,-0.21837637631754972)
(-2.1838325008484483,-0.2051222031853715)
(-2.1469812319762314,-0.19214171904061128)
(-2.110558040592597,-0.17942870298250196)
(-2.0745604983864654,-0.16697708810472583)
(-2.0389860792186973,-0.1547809562734587)
(-2.003832217453932,-0.142834544347685)
(-1.969096207217879,-0.13113222193613058)
(-1.9347753132487961,-0.11966850720416199)
(-1.9008667226902793,-0.10843805421986266)
(-1.867367560227773,-0.09743565174735926)
(-1.8342748924526757,-0.08665622018674907)
(-1.8015857320301467,-0.07609480855960057)
(-1.7692970417048963,-0.06574659154345697)
(-1.7374057381314774,-0.055606866553770395)
(-1.7059086955431717,-0.045671050874488375)
(-1.6748027492643207,-0.03593467883746143)
(-1.6440846990720068,-0.02639339905087966)
(-1.6137513124127478,-0.017042971676857862)
(-1.583799327479736,-0.00787926575822112)
(-1.5542254561558992,0.0011017434055490658)
(-1.5250263868279146,0.009903976833297882)
(-1.496198787076069,0.018531254388188433)
(-1.4677393062442705,0.02698729725537045)
(-1.4396445778976954,0.03527573037060274)
(-1.41191122216645,0.04340008480132822)
(-1.3845358479890244,0.0513638000802914)
(-1.3575150552369009,0.05917022648946263)
(-1.3308454367717786,0.06682262730153925)
(-1.3045235803798592,0.07432418097086324)
(-1.2785460706289906,0.08167798328035394)
(-1.2529094906362321,0.08888704944267639)
(-1.2276104237517655,0.09595431615654247)
(-1.2026454551623706,0.10288264361871773)
(-1.178011173417649,0.10967481749230294)
(-1.1537041718819732,0.1163335508318934)
(-1.1297210501151447,0.1228614859662192)
(-1.106058415184512,0.12926119633889155)
(-1.0827128829113277,0.13553518830788702)
(-1.059681079053913,0.1416859029044114)
(-1.0369596404302037,0.1477157175517961)
(-1.0145452160097563,0.15362694775390456)
(-0.992434467805411,0.15942184870174209)
(-0.9706240720110136,0.16510261692423167)
(-0.9491107197775387,0.17067139182710006)
(-0.9278911181024279,0.17613025722547315)
(-0.9069619906341985,0.1814812428379719)
(-0.8863200784332581,0.18672632574442266)
(-0.8659621406889286,0.19186743180885169)
(-0.8458849553945742,0.19690643706849678)
(-0.8260853199824685,0.20184516908942257)
(-0.8065600519200141,0.20668540828940177)
(-0.7873059892689989,0.21142888922875286)
(-0.7683199912092576,0.21607730186968324)
(-0.7495989385283164,0.22063229280484342)
(-0.7311397340783545,0.22509546645567724)
(-0.7129393032018828,0.22946838624120053)
(-0.6949945941273613,0.23375257571782668)
(-0.6773025783361009,0.2379495196907971)
(-0.6598602509015573,0.24206066529788203)
(-0.6426646308022247,0.24608742306588627)
(-0.6257127612092237,0.2500311679405547)
(-0.6090017097496373,0.25389324029045546)
(-0.592528568746643,0.25767494688539755)
(-0.5762904554374131,0.2613775618499377)
(-0.5602845121697175,0.2650023275925259)
(-0.5445079065781813,0.26855045571081987)
(-0.5289578317410236,0.27202312787371224)
(-0.5136315063181641,0.27542149668056654)
(-0.49852617467146937,0.2787466864982001)
(-0.4836391069679529,0.28199979427609223)
(-0.4689675992666485,0.28518189034032915)
(-0.4545089735898915,0.28829401916675773)
(-0.44026057797970974,0.291337200133832)
(-0.4262197865399516,0.29431242825561743)
(-0.41238399946484877,0.2972206748954071)
(-0.39875064305456537,0.30006288846040796)
(-0.38531716971838625,0.30283999507792886)
(-0.37208105796604957,0.30555289925351053)
(-0.3590398123878327,0.30820248451142124)
(-0.34619096362386426,0.3107896140179272)
(-0.33353206832320675,0.3133151311877521)
(-0.32106070909316015,0.3157798602741257)
(-0.30877449443928257,0.3181846069428052)
(-0.2966710586965615,0.3205301588304653)
(-0.2847480619521609,0.32281728608781574)
(-0.2730031899601771,0.32504674190783084)
(-0.261434154048781,0.3272192630394401)
(-0.2500386910201439,0.3293355702870348)
(-0.23881456304350643,0.3313963689961404)
(-0.2277595575417411,0.33340234952558084)
(-0.2168714870717678,0.33535418770648195)
(-0.20614818919911132,0.3372525452884191)
(-0.19558752636696167,0.3390980703730384)
(-0.18518738575998714,0.34089139783545513)
(-0.174945679163238,0.3426331497337338)
(-0.164860342816382,0.3443239357067427)
(-0.15492933726356095,0.3459643533606802)
(-0.1451506471991096,0.34755498864453915)
(-0.13552228130939967,0.3490964162148141)
(-0.12604227211103033,0.35058919978968595)
(-0.1167086757855942,0.3520338924929971)
(-0.10751957201127867,0.35343103718817115)
(-0.09847306379140652,0.35478116680253713)
(-0.08956727728025894,0.35608480464204245)
(-0.08080036160625635,0.35734246469679337)
(-0.07217048869274657,0.3585546519375774)
(-0.06367585307655765,0.3597218626036097)
(-0.05531467172448755,0.3608445844817353)
(-0.047085183847895125,0.3619232971773034)
(-0.03898565071555752,0.36295847237691986)
(-0.03101435546492986,0.36395057410330733)
(-0.023169602911967877,0.3649000589624584)
(-0.015449719359639392,0.36580737638329397)
(-0.007853052405274393,0.3666729688500097)
(-0.0003779707468555503,0.36749727212732514)
(0.006977136011595415,0.36828071547879043)
(0.014213857555444295,0.3690237218783578)
(0.021333763055563462,0.369726708215384)
(0.02833840136501925,0.37039008549323066)
(0.035229301216258224,0.371014259021657)
(0.04200797141865241,0.3715996286031353)
(0.048675901056342764,0.37214658871327777)
(0.05523455968626083,0.3726555286755257)
(0.061685397536272106,0.3731268328302437)
(0.06802984570332359,0.37356088069838095)
(0.07426931635154226,0.37395804713984965)
(0.08040520291019337,0.37431870250674304)
(0.08643888027143112,0.3746432127915609)
(0.09237170498776467,0.37493193977055234)
(0.09820501546919147,0.37518524114234536)
(0.10394013217990246,0.37540347066192226)
(0.10957835783452989,0.375586978270167)
(0.11512097759386239,0.375736110219024)
(0.1205692592599738,0.37585120919243087)
(0.12592445347072034,0.3759326144231275)
(0.13118779389354465,0.37598066180546547)
(0.13636049741855408,0.375995684004323)
(0.1414437643508085,0.3759780105602303)
(0.14643877860179474,0.3759279679908254)
(0.15134670788002985,0.3758458798887279)
(0.156168703880766,0.37573206701594253)
(0.16090590247474695,0.37558684739488396)
(0.16555942389599473,0.3754105363961233)
(0.17013037292858077,0.3752034468229447)
(0.17461983909235304,0.37496588899280703)
(0.17902889682759107,0.37469817081579954)
(0.18335860567855192,0.3744005978701781)
(0.18761001047589074,0.37407347347505776)
(0.19178414151791345,0.37371709876036996)
(0.19588201475065498,0.3733317727341223)
(0.19990463194674346,0.3729177923470924)
(0.20385298088303574,0.3724754525549912)
(0.20772803551700586,0.37200504637818205)
(0.2115307561618602,0.3715068649590523)
(0.21526208966036975,0.37098119761706516)
(0.2189229695573939,0.37042833190160956)
(0.22251431627109255,0.3698485536426736)
(0.22603703726279806,0.36924214699944624)
(0.22949202720555303,0.36860939450687125)
(0.2328801681512879,0.3679505771202574)
(0.23620232969662672,0.36726597425797103)
(0.2394593691473348,0.3665558638422863)
(0.24265213168136465,0.36582052233844947)
(0.24578145051052988,0.3650602247920118)
(0.2488481470407683,0.3642752448644738)
(0.2518530310310031,0.3634658548673124)
(0.2547969007506023,0.3626323257944196)
(0.25768054313541244,0.3617749273530178)
(0.2605047339423723,0.3608939279930957)
(0.2632702379027035,0.3599895949354052)
(0.2659778088736655,0.3590621941980672)
(0.2686281899888705,0.3581119906218422)
(0.271222113807158,0.3571392478940894)
(0.27376030246003064,0.35614422857147804)
(0.27624346779762354,0.3551271941014804)
(0.27867231153323446,0.3540884048426903)
(0.28104752538639954,0.35302812008401907)
(0.28336979122450623,0.3519465980627905)
(0.285639781202952,0.3508440959817978)
(0.2878581579038612,0.3497208700253382)
(0.29002557447333577,0.34857717537428634)
(0.2921426747572678,0.34741326622022306)
(0.29421009343570875,0.3462293957786696)
(0.2962284561558031,0.34502581630145035)
(0.29819837966329255,0.34380277908822976)
(0.3001204719325985,0.3425605344972378)
(0.3019953322954944,0.34129933195522866)
(0.3038235515683723,0.3400194199666845)
(0.30560571217810983,0.33872104612231424)
(0.30734238828655114,0.33740445710683)
(0.30903414591360506,0.3360698987060736)
(0.31068154305896195,0.33471761581347764)
(0.31228512982244566,0.33334785243589465)
(0.31384544852299145,0.3319608516988159)
(0.31536303381625885,0.330556855851)
(0.31683841281087577,0.32913610626852335)
(0.3182721051833337,0.32769884345828604)
(0.3196646232914911,0.3262453070609792)
(0.32101647228674485,0.32477573585354735)
(0.32232815022480915,0.3232903677511723)
(0.32360014817515476,0.3217894398087809)
(0.324832950329074,0.3202731882221299)
(0.32602703410639916,0.3187418483284718)
(0.3271828702608698,0.31719565460684596)
(0.3283009229841633,0.31563484067799447)
(0.3293816500085983,0.3140596393039633)
(0.3304255027085268,0.31247028238738356)
(0.33143292620042814,0.31086700097046494)
(0.3324043594417349,0.30925002523373046)
(0.33334023532862844,0.30761958449453375)
(0.334240980791442,0.30597590720510354)
(0.33510701689114075,0.3043192209509402)
(0.3359387589123635,0.30264975244833503)
(0.33673661645636965,0.3009677275420477)
(0.33750099353263524,0.2992733712026971)
(0.3382322886492807,0.2975669075239404)
(0.3389308949023668,0.29584855971944823)
(0.3395972000640487,0.2941185501196593)
(0.34023158666959447,0.2923771001683316)
(0.34083443210326114,0.29062443041887065)
(0.34140610868302396,0.28886076053045256)
(0.3419469837441427,0.2870863092639413)
(0.3424574197215608,0.28530129447760005)
(0.342937774231134,0.283505933122631)
(0.3433884001496575,0.28170044123854326)
(0.3438096456937149,0.2798850339483755)
(0.34420185449732493,0.2780599254538057)
(0.34456536568841145,0.276225329030166)
(0.34490051396408816,0.27438145702140554)
(0.34520762966479496,0.2725285208350174)
(0.34548703884730386,0.270666730936973)
(0.3457390633566205,0.26879629684668166)
(0.34596402089683576,0.26691742713199407)
(0.34616222510094685,0.26503032940428206)
(0.3463339855997081,0.26313521031358117)
(0.34647960808954503,0.2612322755438211)
(0.3465993943995675,0.25932172980811424)
(0.3466936425577247,0.25740377684410876)
(0.3467626468561188,0.2554786194093735)
(0.34680669791549723,0.25354645927679487)
(0.3468260827489316,0.2516074972299499)
(0.3468210844931104,0.24966193256227096)
(0.3467919836800324,0.24770996510972068)
(0.34673905668209276,0.24575179214401233)
(0.3466625767099779,0.24378761044017802)
(0.3465628136705886,0.24181761575725447)
(0.3464400342247949,0.23984200283327342)
(0.3462945018442746,0.23786096538029558)
(0.346126476867475,0.23587469607946787)
(0.3459362165547015,0.23388338657613017)
(0.3457239751423342,0.23188722747495974)
(0.34549000389619094,0.2298864083351656)
(0.34523455116404506,0.227881117665727)
(0.3449578624273061,0.22587154292069306)
(0.3446601803518645,0.22385787049452843)
(0.34434174483813434,0.2218402857175233)
(0.34400279307026127,0.2198189728512605)
(0.343643559564561,0.21779411508414986)
(0.34326427621713684,0.21576589452701894)
(0.34286517235074326,0.21373449220878435)
(0.342446474760853,0.2117000880721809)
(0.34200840776097596,0.20966286096957049)
(0.34155119322721816,0.2076229886588159)
(0.3410750506420948,0.20558064779924218)
(0.34058019713760823,0.20353601394765986)
(0.3400668475375993,0.2014892615544818)
(0.3395352143993746,0.1994405639599047)
(0.3389855080546295,0.19739009339018612)
(0.33841793664966824,0.1953380209539936)
(0.3378327061849252,0.19328451663884166)
(0.33723002055381435,0.19122974930761585)
(0.3366100815808869,0.189173886695174)
(0.33597308905934004,0.18711709540504806)
(0.33531924078784614,0.18505954090621662)
(0.3346487326067511,0.18300138752998393)
(0.33396175843361636,0.18094279846693112)
(0.33325851029813514,0.17888393576396927)
(0.3325391783764131,0.1768249603214749)
(0.3318039510246557,0.1747660318905284)
(0.33105301481220106,0.17270730907022136)
(0.3302865545540022,0.17064894930508284)
(0.32950475334247314,0.1685911088825755)
(0.32870779257878285,0.1665339429306986)
(0.3278958520035396,0.16447760541567377)
(0.3270691097269358,0.16242224913973316)
(0.3262277422583005,0.1603680257389879)
(0.3253719245351209,0.1583150856814029)
(0.32450182995149957,0.15626357826485496)
(0.32361763038608043,0.1542136516152897)
(0.32271949622943763,0.15216545268496381)
(0.3218075964109461,0.15011912725079957)
(0.32088209842512094,0.14807481991280064)
(0.31994316835745507,0.146032674092587)
(0.31899097090975226,0.14399283203201269)
(0.3180256694249611,0.1419554347918731)
(0.3170474259115232,0.1399206222507136)
(0.31605640106722815,0.13788853310371335)
(0.31505275430261326,0.13585930486168166)
(0.3140366437638535,0.13383307385011942)
(0.3130082263552523,0.13180997520840163)
(0.31196765776121493,0.12979014288902277)
(0.31091509246780813,0.12777370965694423)
(0.30985068378386316,0.1257608070890317)
(0.3087745838616527,0.12375156557357715)
(0.30768694371712585,0.12174611430991111)
(0.30658791324973167,0.11974458130809977)
(0.3054776412618202,0.11774709338873544)
(0.30435627547762983,0.1157537761828041)
(0.30322396256187967,0.11376475413164784)
(0.30208084813795044,0.11178015048700617)
(0.30092707680568714,0.10980008731114495)
(0.29976279215880175,0.10782468547706944)
(0.29858813680191787,0.1058540646688246)
(0.29740325236718923,0.10388834338184887)
(0.2962082795306292,0.10192763892347159)
(0.2950033580280069,0.0999720674134299)
(0.2937886266704201,0.09802174378449353)
(0.29256422335949617,0.09607678178316768)
(0.29133028510230324,0.09413729397048709)
(0.29008694802581586,0.09220339172284914)
(0.2888343473911423,0.09027518523296713)
(0.2875726176073848,0.08835278351088253)
(0.28630189224516656,0.08643629438505032)
(0.28502230404985834,0.08452582450350646)
(0.2837339849544809,0.0826214793351069)
(0.2824370660922938,0.08072336317083854)
(0.28113167780909526,0.07883157912520758)
(0.27981794967520623,0.07694622913769454)
(0.27849601049717687,0.07506741397428811)
(0.27716598832918893,0.07319523322908068)
(0.27582801048418554,0.0713297853259404)
(0.2744822035447166,0.06947116752024964)
(0.2731286933735061,0.06761947590071124)
(0.27176760512374826,0.065774805391215)
(0.27039906324918683,0.06393724975281123)
(0.2690231915138222,0.06210690158566733)
(0.26764011300147617,0.060283852331173296)
(0.266249950125047,0.05846819227406726)
(0.2648528246355505,0.056660010544643306)
(0.26344885763082077,0.05485939512098042)
(0.2620381695641625,0.053066432831314486)
(0.26062088025257707,0.051281209356387684)
(0.25919710888485925,0.04950380923190276)
(0.25776697402944454,0.04773431585102541)
(0.25633059364203087,0.04597281146694486)
(0.25488808507298855,0.04421937719549402)
(0.25343956507455706,0.04247409301782556)
(0.2519851498078224,0.04073703778314387)
(0.2505249548495007,0.03900828921149247)
(0.24905909519850744,0.03728792389659561)
(0.24758768528234082,0.03557601730875498)
(0.24611083896325595,0.03387264379779627)
(0.2446286695442599,0.0321778765960712)
(0.24314128977491525,0.030491787821510234)
(0.2416488118569814,0.02881444848073036)
(0.24015134744975666,0.02714592847216031)
(0.23864900767548136,0.02548629658928405)
(0.23714190312433917,0.02383562052386272)
(0.23563014385935532,0.022193966869232376)
(0.2341138394212932,0.020561401123674973)
(0.23259309883303322,0.01893798769376757)
(0.23106803060413963,0.017323789897845922)
(0.22953874273509448,0.015718869969476693)
(0.22800534272141967,0.014123289060982865)
(0.22646793755764022,0.012537107247009602)
(0.22492663374110913,0.010960383528135349)
(0.22338153727567756,0.009393175834521842)
(0.2218327536752309,0.007835541029607325)
(0.22028038796708654,0.006287534913839399)
(0.21872454469525063,0.004749212228446609)
(0.21716532792354837,0.003220626659250802)
(0.21560284123861842,0.001701830840515803)
(0.21403718775278968,0.00019287635883576612)
(0.2124684701068192,-0.0013061862429425025)
(0.21089679047252827,-0.0027953074617565734)
(0.20932225055524414,-0.004274438830330809)
(0.20774495159640824,-0.005743532913158547)
(0.20616499437560462,-0.007202543302422835)
(0.20458247921268002,-0.008651424613887519)
(0.2029975059701172,-0.010090132482794013)
(0.20141017405474176,-0.011518623559676904)
(0.19982058241964454,-0.01293685550617229)
(0.19822882956590604,-0.01434478699079016)
(0.19663501354426582,-0.015742377684656285)
(0.19503923195666076,-0.01712958825722459)
(0.19344158195769198,-0.018506380371959185)
(0.19184216025598158,-0.019872716681987375)
(0.19024106311546207,-0.02122856082572757)
(0.18863838635655314,-0.022573877422483554)
(0.18703422535727784,-0.02390863206801873)
(0.18542867505427213,-0.02523279133009692)
(0.18382182994374147,-0.026546322744004404)
(0.1822137840823055,-0.027849194808038606)
(0.18060463108779895,-0.029141376978979092)
(0.17899446413997122,-0.03042283966752974)
(0.17738337598113377,-0.03169355423373891)
(0.17577145891672064,-0.03295349298239569)
(0.1741588048157902,-0.0342026291584038)
(0.17254550511145852,-0.03544093694213362)
(0.17093165080126219,-0.036668391444749385)
(0.16931733244746677,-0.03788496870352139)
(0.16770264017730677,-0.03909064567711096)
(0.16608766368316877,-0.040285400240839396)
(0.1644724922227149,-0.04146921118193425)
(0.16285721461895494,-0.04264205819475883)
(0.16124191926026,-0.04380392187602197)
(0.15962669410031916,-0.04495478371996789)
(0.1580116266580567,-0.046094626113550134)
(0.15639680401749098,-0.04722343233158833)
(0.15478231282754706,-0.048341186531906284)
(0.1531682393018211,-0.04944787375045388)
(0.1515546692183067,-0.05054347989641351)
(0.14994168791907087,-0.05162799174729139)
(0.148329380309891,-0.05270139694399143)
(0.14671783085985046,-0.053763683985876644)
(0.1451071236009,-0.054814842225815626)
(0.14349734212737322,-0.05585486186521356)
(0.1418885695954713,-0.05688373394903072)
(0.14028088872271263,-0.057901450360787386)
(0.13867438178734923,-0.058908003817559056)
(0.13706913062774834,-0.059903387864951765)
(0.1354652166417458,-0.06088759687207504)
(0.13386272078596803,-0.061860626026493365)
(0.13226172357512805,-0.06282247132917639)
(0.1306623050812948,-0.06377312958942886)
(0.12906454493312775,-0.06471259841981666)
(0.12746852231510286,-0.06564087623108081)
(0.12587431596669946,-0.06655796222703922)
(0.12428200418157338,-0.06746385639948288)
(0.1226916648067066,-0.06835855952305885)
(0.12110337524153726,-0.0692420731501505)
(0.11951721243706985,-0.07011439960574177)
(0.1179332528949659,-0.07097554198227958)
(0.11635157266662156,-0.07182550413452446)
(0.11477224735222606,-0.07266429067439747)
(0.1131953520998082,-0.073491906965816)
(0.11162096160426177,-0.07430835911952632)
(0.11004915010636578,-0.07511365398792541)
(0.10847999139179408,-0.07590779915988495)
(0.10691355879010048,-0.07669080295555634)
(0.10534992517371217,-0.07746267442118498)
(0.10378916295689751,-0.07822342332390703)
(0.10223134409473672,-0.0789730601465491)
(0.10067654008207476,-0.0797115960824185)
(0.09912482195248211,-0.08043904303009343)
(0.09757626027719314,-0.08115541358820544)
(0.09603092516404999,-0.08186072105021819)
(0.09448888625643855,-0.08255497939920699)
(0.09295021273221996,-0.08323820330262927)
(0.09141497330266952,-0.08391040810709846)
(0.08988323621139242,-0.08457160983314674)
(0.08835506923325724,-0.0852218251699938)
(0.08683053967332434,-0.08586107147031036)
(0.0853097143657701,-0.08648936674497561)
(0.08379265967281267,-0.08710672965784245)
(0.08227944148364774,-0.0877131795204891)
(0.0807701252133697,-0.08830873628698002)
(0.07926477580191632,-0.08889342054862333)
(0.07776345771299926,-0.08946725352872094)
(0.07626623493304803,-0.0900302570773284)
(0.07477317097015886,-0.09058245366600826)
(0.073284328853043,-0.09112386638258348)
(0.07179977112998394,-0.09165451892589502)
(0.07031955986780725,-0.09217443560055488)
(0.06884375665084737,-0.09268364131170485)
(0.06737242257992468,-0.0931821615597719)
(0.06590561827133702,-0.09367002243522858)
(0.06444340385585298,-0.09414725061335248)
(0.06298583897771752,-0.09461387334898605)
(0.061532982793663774,-0.09506991847130238)
(0.060084893971942145,-0.09551541437857007)
(0.058641630691348874,-0.09595039003291869)
(0.05720325064028133,-0.09637487495511618)
(0.055769811015784626,-0.09678889921932811)
(0.05434136852263308,-0.09719249344791005)
(0.05291797937240157,-0.09758568880617428)
(0.05149969928256809,-0.09796851699717596)
(0.05008658347561886,-0.09834101025650102)
(0.0486786866781726,-0.0987032013470498)
(0.04727606312010897,-0.09905512355383736)
(0.04587876653372937,-0.09939681067878403)
(0.04448685015291345,-0.09972829703552154)
(0.04310036671230668,-0.10004961744419572)
(0.041719368446508004,-0.10036080722628023)
(0.040343907089290705,-0.10066190219938864)
(0.0389740338728192,-0.1009529386720959)
(0.037609799526906317,-0.1012339534387669)
(0.03625125427826412,-0.10150498377438201)
(0.034898447849784985,-0.10176606742937395)
(0.03355142945984086,-0.10201724262447653)
(0.03221024782159223,-0.1022585480455635)
(0.0308749511423237,-0.10249002283850984)
(0.02954558712279115,-0.10271170660404517)
(0.028222202956590208,-0.1029236393926268)
(0.026904845329545776,-0.10312586169930942)
(0.025593560419118106,-0.10331841445862157)
(0.02428839389382208,-0.10350133903945949)
(0.02298939091268781,-0.10367467723997659)
(0.021696596124706518,-0.10383847128248405)
(0.02041005366832912,-0.1039927638083593)
(0.01912980717096616,-0.10413759787296176)
(0.017855899748519522,-0.10427301694055904)
(0.01658837400491756,-0.10439906487925316)
(0.01532727203169774,-0.10451578595592394)
(0.014072635407578542,-0.10462322483117285)
(0.012824505198082353,-0.10472142655428243)
(0.011582921955159637,-0.10481043655817661)
(0.010347925716845409,-0.10489030065439628)
(0.009119556006926465,-0.1049610650280803)
(0.007897851834647992,-0.10502277623295292)
(0.006682851694421974,-0.1050754811863245)
(0.005474593565575231,-0.10511922716410342)
(0.004273114912105886,-0.10515406179581167)
(0.003078452682474096,-0.10518003305960506)
(0.0018906433094047945,-0.10519718927732372)
(0.00070972270972217,-0.10520557910952721)
(-0.00046427371580294065,-0.10520525155055804)
(-0.0016313110825670898,-0.10519625592360209)
(-0.0027913550222439408,-0.1051786418757727)
(-0.003944371682860864,-0.1051524593731899)
(-0.005090327728844596,-0.10511775869608316)
(-0.006229190341068131,-0.10507459043389755)
(-0.00736092721684444,-0.10502300548041366)
(-0.008485506569914798,-0.1049630550288723)
(-0.009602897130414977,-0.10489479056712668)
(-0.010713068144803313,-0.10481826387277701)
(-0.011815989375785043,-0.10473352700834966)
(-0.012911631102191599,-0.10464063231645936)
(-0.013999964118848606,-0.10453963241500362)
(-0.015080959736426657,-0.10443058019235676)
(-0.016154589781249513,-0.10431352880257179)
(-0.017220826595090732,-0.10418853166062127)
(-0.018279643034949854,-0.10405564243760101)
(-0.0193310124727895,-0.10391491505600638)
(-0.02037490879526285,-0.10376640368496612)
(-0.02141130640341409,-0.10361016273552422)
(-0.022440180212344625,-0.10344624685591759)
(-0.02346150565087256,-0.10327471092687152)
(-0.02447525866115196,-0.10309561005691324)
(-0.025481415698276434,-0.10290899957768034)
(-0.026479953729856544,-0.10271493503926647)
(-0.027470850235576497,-0.10251347220555873)
(-0.028454083206713908,-0.10230466704960536)
(-0.02942963114566002,-0.10208857574898338)
(-0.03039747306538683,-0.10186525468118691)
(-0.031357588488910425,-0.10163476041902818)
(-0.03230995744872637,-0.10139714972605351)
(-0.033254560486209894,-0.10115247955196263)
(-0.03419137865101138,-0.10090080702806035)
(-0.03512039350040769,-0.10064218946270799)
(-0.03604158709864521,-0.10037668433679427)
(-0.0369549420162484,-0.10010434929921655)
(-0.03786044132931104,-0.09982524216238263)
(-0.03875806861876127,-0.09953942089772569)
(-0.03964780796959891,-0.09924694363122633)
(-0.040529643970120134,-0.09894786863895637)
(-0.041403561711101204,-0.09864225434264269)
(-0.04226954678497805,-0.0983301593052262)
(-0.04312758528498259,-0.09801164222646631)
(-0.04397766380427427,-0.0976867619385276)
(-0.0448197694350294,-0.0973555774016082)
(-0.04565388976752806,-0.09701814769956639)
(-0.046480012889193456,-0.09667453203556897)
(-0.04729812738363118,-0.09632478972776326)
(-0.048108222329625056,-0.09596898020494575)
(-0.04891028730012874,-0.09560716300226614)
(-0.04970431236121437,-0.09523939775693277)
(-0.05049028807101678,-0.09486574420395046)
(-0.05126820547864367,-0.09448626217184676)
(-0.05203805612305876,-0.09410101157844872)
(-0.052799832031956186,-0.09371005242664857)
(-0.0535535257206091,-0.09331344480020372)
(-0.05429913019067369,-0.09291124885953356)
(-0.05503663892900376,-0.09250352483755887)
(-0.055766045906424457,-0.0920903330355366)
(-0.056487345576476965,-0.09167173381892332)
(-0.05720053287416272,-0.0912477876132437)
(-0.05790560321464206,-0.09081855489999317)
(-0.0586025524919235,-0.09038409621253721)
(-0.05929137707753677,-0.08994447213205406)
(-0.05997207381916524,-0.08949974328345735)
(-0.060644640039273515,-0.08904997033138275)
(-0.06130907353370397,-0.08859521397614926)
(-0.061965372570257006,-0.08813553494976104)
(-0.06261353588724322,-0.0876709940119293)
(-0.06325356269202602,-0.0872016519460937)
(-0.06388545265952608,-0.08672756955548011)
(-0.06450920593072197,-0.08624880765916937)
(-0.06512482311111435,-0.08576542708817575)
(-0.0657323052691808,-0.08527748868156013)
(-0.06633165393480839,-0.08478505328254922)
(-0.06692287109769054,-0.08428818173467545)
(-0.06750595920573214,-0.08378693487793865)
(-0.0680809211634006,-0.08328137354498433)
(-0.06864776033009014,-0.08277155855729326)
(-0.06920648051843108,-0.08225755072140777)
(-0.06975708599261297,-0.081739410825158)
(-0.07029958146665995,-0.0812171996339157)
(-0.07083397210270871,-0.08069097788686375)
(-0.07136026350924408,-0.08016080629329615)
(-0.0718784617393377,-0.0796267455289163)
(-0.0723885732888508,-0.0790888562321714)
(-0.07289060509462567,-0.07854719900060228)
(-0.07338456453265409,-0.07800183438720365)
(-0.07387045941623163,-0.07745282289682104)
(-0.07434829799408652,-0.0769002249825445)
(-0.07481808894849262,-0.07634410104215097)
(-0.07527984139336873,-0.07578451141453313)
(-0.07573356487235042,-0.07522151637617308)
(-0.07617926935685124,-0.07465517613763135)
(-0.07661696524409929,-0.07408555084004123)
(-0.0770466633551627,-0.07351270055164337)
(-0.07746837493294953,-0.0729366852643233)
(-0.07788211164019837,-0.0723575648901827)
(-0.07828788555744126,-0.07177539925812025)
(-0.07868570918096215,-0.07119024811043903)
(-0.07907559542072226,-0.07060217109947403)
(-0.07945755759828436,-0.07001122778423226)
(-0.0798316094447097,-0.06941747762706937)
(-0.08019776509843585,-0.06882097999036339)
(-0.08055603910314933,-0.06822179413323798)
(-0.08090644640563484,-0.06761997920827806)
(-0.08124900235360263,-0.06701559425828611)
(-0.08158372269351227,-0.06640869821305138)
(-0.08191062356836827,-0.06579934988613656)
(-0.08222972151550943,-0.06518760797169638)
(-0.08254103346437396,-0.06457353104130527)
(-0.08284457673425495,-0.06395717754081359)
(-0.08314036903203988,-0.06333860578722215)
(-0.08342842844993005,-0.06271787396558073)
(-0.08370877346315103,-0.06209504012590121)
(-0.08398142292764281,-0.06147016218009932)
(-0.08424639607774423,-0.060843297898956115)
(-0.08450371252384518,-0.06021450490909688)
(-0.08475339225004781,-0.059583840689996864)
(-0.08499545561179185,-0.05895136257100482)
(-0.08522992333347656,-0.058317127728388825)
(-0.0854568165060728,-0.057681193182407275)
(-0.08567615658470967,-0.05704361579439587)
(-0.08588796538625676,-0.0564044522638795)
(-0.08609226508688418,-0.0557637591257057)
(-0.0862890782196255,-0.05512159274720423)
(-0.08647842767190317,-0.05447800932535683)
(-0.08666033668306916,-0.05383306488400537)
(-0.08683482884190016,-0.05318681527106332)
(-0.08700192808411979,-0.05253931615577001)
(-0.0871616586898706,-0.051890623025948095)
(-0.08731404528119197,-0.051240791185292074)
(-0.08745911281948893,-0.050589875750683876)
(-0.0875968866029856,-0.04993793164952138)
(-0.08772739226415424,-0.04928501361707225)
(-0.0878506557671547,-0.04863117619385334)
(-0.08796670340524707,-0.04797647372302829)
(-0.08807556179819215,-0.047320960347831086)
(-0.08817725788965942,-0.04666469000901119)
(-0.08827181894459556,-0.04600771644229697)
(-0.0883592725466073,-0.04535009317588987)
(-0.0884396465953171,-0.044691873527972846)
(-0.08851296930372157,-0.04403311060424923)
(-0.08857926919552642,-0.043373857295495484)
(-0.08863857510248373,-0.042714166275146515)
(-0.08869091616171018,-0.04205408999689732)
(-0.08873632181299844,-0.04139368069232503)
(-0.08877482179612212,-0.040732990368544254)
(-0.08880644614812774,-0.040072070805874396)
(-0.08883122520061676,-0.03941097355553566)
(-0.08884918957702302,-0.03874974993736637)
(-0.088860370189877,-0.03808845103756452)
(-0.08886479823806401,-0.037427127706449514)
(-0.0888625052040722,-0.036765830556250885)
(-0.08885352285123513,-0.03610460995891566)
(-0.08883788322095715,-0.0354435160439427)
(-0.08881561862995206,-0.03478259869623973)
(-0.08878676166744175,-0.03412190755399861)
(-0.08875134519237958,-0.03346149200660036)
(-0.08870940233064152,-0.0328014011925399)
(-0.08866096647223143,-0.03214168399737582)
(-0.0886060712684584,-0.03148238905169899)
(-0.08854475062912187,-0.030823564729130982)
(-0.08847703871968142,-0.030165259144339554)
(-0.08840296995842938,-0.029507520151081955)
(-0.0883225790136487,-0.028850395340270497)
(-0.0882359008007657,-0.02819393203805863)
(-0.08814297047949904,-0.027538177303952964)
(-0.08804382345100523,-0.026883177928949533)
(-0.08793849535501304,-0.026228980433691488)
(-0.0878270220669513,-0.02557563106664881)
(-0.08770943969508442,-0.024923175802326083)
(-0.08758578457762461,-0.024271660339489624)
(-0.0874560932798498,-0.023621130099418058)
(-0.08732040259121741,-0.022971630224179397)
(-0.087178749522467,-0.02232320557492854)
(-0.08703117130272862,-0.021675900730230336)
(-0.08687770537661163,-0.021029759984403644)
(-0.08671838940130461,-0.02038482734589068)
(-0.08655326124366551,-0.019741146535650442)
(-0.08638235897730115,-0.01909876098557163)
(-0.0862057208796597,-0.01845771383691584)
(-0.08602338542909793,-0.017818047938775974)
(-0.08583539130196886,-0.01717980584656552)
(-0.08564177736968415,-0.016543029820526484)
(-0.08544258269579084,-0.015907761824262543)
(-0.0852378465330382,-0.015274043523295552)
(-0.0850276083204345,-0.014641916283644845)
(-0.08481190768032118,-0.01401142117043131)
(-0.08459078441542252,-0.013382598946502795)
(-0.08436427850590873,-0.01275549007108467)
(-0.08413243010645355,-0.0121301346984535)
(-0.08389527954328291,-0.01150657267663322)
(-0.08365286731123739,-0.010884843546116544)
(-0.08340523407081325,-0.010264986538606325)
(-0.0831524206452173,-0.00964704057578327)
(-0.08289446801742241,-0.00903104426809751)
(-0.08263141732720444,-0.008417035913579734)
(-0.08236330986820242,-0.00780505349668017)
(-0.08209018708495663,-0.007195134687126444)
(-0.08181209056996343,-0.00658731683880927)
(-0.08152906206071174,-0.005981636988686337)
(-0.08124114343674844,-0.005378131855715319)
(-0.08094837671670603,-0.004776837839803738)
(-0.08065080405536047,-0.00417779102078715)
(-0.08034846774068272,-0.0035810271574277905)
(-0.08004141019087695,-0.002986581686436943)
(-0.07972967395144233,-0.002394489721521004)
(-0.07941330169221342,-0.0018047860524495372)
(-0.07909233620442085,-0.0012175051441476142)
(-0.07876682039773795,-0.0006326811358102602)
(-0.07843679729734086,-0.000050347840039994255)
(-0.07810231004096437,0.0005294612579918317)
(-0.07776340187595457,0.0011067130013620147)
(-0.07742011615634393,0.0016813745621887205)
(-0.07707249633989077,0.0022534134424015357)
(-0.07672058598517104,0.0028227974744903296)
(-0.0763644287486256,0.0033894948222290304)
(-0.07600406838164016,0.0039534739813782025)
(-0.07563954872761236,0.004514703780364371)
(-0.07527091371904195,0.005073153380937689)
(-0.07489820737458823,0.005628792278804374)
(-0.074521473796169,0.006181590304239175)
(-0.0741407571660459,0.006731517622674778)
(-0.07375610174390385,0.007278544735266702)
(-0.07336755186395644,0.007822642479438865)
(-0.07297515193202922,0.008363782029402845)
(-0.07257894642268062,0.008901934896659684)
(-0.07217897987628985,0.00943707293047447)
(-0.07177529689617933,0.009969168318332047)
(-0.07136794214571726,0.010498193586367707)
(-0.07095696034545244,0.011024121599778627)
(-0.07054239627022443,0.011546925563211116)
(-0.07012429474630238,0.01206657902112577)
(-0.06970270064851655,0.01258305585814225)
(-0.06927765889739668,0.013096330299359703)
(-0.06884921445631839,0.013606376910656911)
(-0.06841741232865564,0.014113170598970248)
(-0.06798229755493923,0.01461668661255077)
(-0.06754391521001207,0.015116900541195426)
(-0.06710231040020667,0.015613788316462214)
(-0.06665752826051673,0.016107326211860583)
(-0.0662096139517785,0.01659749084302037)
(-0.06575861265785697,0.017084259167837637)
(-0.06530456958284339,0.01756760848660361)
(-0.064847529948257,0.018047516442108575)
(-0.06438753899025444,0.0185239610197256)
(-0.06392464195683756,0.018996920547470753)
(-0.06345888410508996,0.019466373696047062)
(-0.06299031069839077,0.019932299478859602)
(-0.06251896700367095,0.020394677252023072)
(-0.06204489828864089,0.02085348671432851)
(-0.06156814981905492,0.021308707907206265)
(-0.061088766855971116,0.021760321214661694)
(-0.06060679465301612,0.02220830736318808)
(-0.06012227845366732,0.022652647421662557)
(-0.05963526348853751,0.02309332280121917)
(-0.05914579497266651,0.023530315255100985)
(-0.05865391810283048,0.02396360687849458)
(-0.05815967805484714,0.024393180108339935)
(-0.05766311998089909,0.024819017723122408)
(-0.05716428900686649,0.02524110284264669)
(-0.056663230229662166,0.025659418927784155)
(-0.05615998871458245,0.02607394978020708)
(-0.05565460949266199,0.026484679542096327)
(-0.05514713755804472,0.026891592695837234)
(-0.054637617865359346,0.027294674063684802)
(-0.05412609532710425,0.027693908807419548)
(-0.05361261481105031,0.028089282427977095)
(-0.05309722113763782,0.028480780765059454)
(-0.0525799590774031,0.02886838999672887)
(-0.05206087334840293,0.029252096638981158)
(-0.051540008613649574,0.029631887545296005)
(-0.0510174094785643,0.030007749906174993)
(-0.050493120488430944,0.030379671248654577)
(-0.04996718612587172,0.03074763943580113)
(-0.0494396508083222,0.031111642666188898)
(-0.04891055888553176,0.03147166947335996)
(-0.048379954637054745,0.031827708725256164)
(-0.04784788226977816,0.03217974962364983)
(-0.04731438591543642,0.03252778170353447)
(-0.04677950962815603,0.032871794832515414)
(-0.04624329738200486,0.03321177921017339)
(-0.04570579306854604,0.03354772536740449)
(-0.04516704049441759,0.03387962416575581)
(-0.04462708337891629,0.034207466796731326)
(-0.04408596535159008,0.034531244781082486)
(-0.04354372994985348,0.03485094996808284)
(-0.0430004206166068,0.03516657453478663)
(-0.04245608069786462,0.03547811098526002)
(-0.04191075344040824,0.035785552149805784)
(-0.04136448198944598,0.03608889118416654)
(-0.04081730938627961,0.03638812156870669)
(-0.04026927856599379,0.036683237107581576)
(-0.039720432355150596,0.036974231927887256)
(-0.03917081346949663,0.03726110047879158)
(-0.03862046451169998,0.0375438375306585)
(-0.03806942796907289,0.03782243817413579)
(-0.03751774621133134,0.038096897819242234)
(-0.03696546148835223,0.03836721219443645)
(-0.036412615927957616,0.03863337734565858)
(-0.03585925153370134,0.03889538963536898)
(-0.03530541018267997,0.03915324574155881)
(-0.03475113362333876,0.03940694265675262)
(-0.034196463473320234,0.03965647768699036)
(-0.033641441217301615,0.03990184845079308)
(-0.03308610820485762,0.04014305287811505)
(-0.03253050564833481,0.04038008920928003)
(-0.03197467462074297,0.04061295599389861)
(-0.0314186560536601,0.040841652089772765)
(-0.03086249073514605,0.041066176661782916)
(-0.030306219307679277,0.04128652918076154)
(-0.02974988226610566,0.041502709422351236)
(-0.029193519955596468,0.04171471746584156)
(-0.02863717256962844,0.04192255369300487)
(-0.028080880147976887,0.042126218786900364)
(-0.027524682574719544,0.04232571373067243)
(-0.02696861957626266,0.04252103980634015)
(-0.026412730719376092,0.04271219859355196)
(-0.025857055409244753,0.042899191968351104)
(-0.025301632887540625,0.04308202210190735)
(-0.0247465022305018,0.043260691459244695)
(-0.024191702347033585,0.04343520279794791)
(-0.023637271976827332,0.043605559166865204)
(-0.023083249688475114,0.043771763904778695)
(-0.022529673877635416,0.04393382063908906)
(-0.02197658276518112,0.04409173328445645)
(-0.02142401439538332,0.04424550604145148)
(-0.020872006634096277,0.0443951433951734)
(-0.02032059716698031,0.04454065011387444)
(-0.01976982349771363,0.04468203124755677)
(-0.019219722946238263,0.0448192921265558)
(-0.018670332647022912,0.044952438360123935)
(-0.01812168954732658,0.04508147583498852)
(-0.017573830405498866,0.04520641071390188)
(-0.01702679178927691,0.04532724943418091)
(-0.016480610074117857,0.04544399870622907)
(-0.015935321441526724,0.045556665512047775)
(-0.015390961877423868,0.045665257103743084)
(-0.01484756717050666,0.045769781002003754)
(-0.014305172910650355,0.04587024499458835)
(-0.013763814487301922,0.04596665713478186)
(-0.013223527087907541,0.046059025739853245)
(-0.012684345696354427,0.046147359389491494)
(-0.01214630509142376,0.0462316669242421)
(-0.01160943984526693,0.0463119574439198)
(-0.011073784321887244,0.04638824030602092)
(-0.010539372675659983,0.046460525124114686)
(-0.010006238849844945,0.04652882176622964)
(-0.009474416575134167,0.046593140353233725)
(-0.008943939368206836,0.04665349125718807)
(-0.00841484053030782,0.046709885099717)
(-0.007887153145838818,0.0467623327503305)
(-0.007360910080966943,0.04681084532477291)
(-0.006836143982255447,0.04685543418333693)
(-0.006312887275305395,0.04689611092918144)
(-0.005791172163421203,0.04693288740663554)
(-0.00527103062628488,0.0469657756994831)
(-0.004752494418659662,0.04699478812925675)
(-0.004235595069099164,0.04701993725350692)
(-0.003720363878683119,0.04704123586406069)
(-0.0032068319197620515,0.047058696985296654)
(-0.0026950300347316405,0.04707233387236549)
(-0.002184988834812202,0.04708216000945184)
(-0.0016767386988545496,0.04708818910798315)
(-0.0011703097721568977,0.04709043510486868)
(-0.0006657319653030979,0.04708891216069423)
(-0.00016303495302506828,0.04708363465793598)
(0.0003377518269313295,0.04707461719915322)
(0.0008365991749142712,0.04706187460517345)
(0.0013334781304530192,0.04704542191327477)
(0.0018283599733337377,0.04702527437535074)
(0.002321216224652933,0.04700144745608564)
(0.002812018647854227,0.04697395683109528)
(0.0033007392497540807,0.046942818385089485)
(0.0037873502815333076,0.04690804820999935)
(0.004271824239728496,0.04686966260312807)
(0.004754133867191878,0.04682767806526239)
(0.005234252154043723,0.046782111298799556)
(0.00571215233859948,0.046732979205862106)
(0.006187807908281107,0.04668029888640175)
(0.00666119260051229,0.046624087636304205)
(0.007132280403590957,0.046564362945470075)
(0.007601045557552957,0.04650114249592066)
(0.008067462555004233,0.04643444415986512)
(0.008531506141945727,0.04636428599778591)
(0.008993151318578302,0.046290686256500374)
(0.009452373340086523,0.04621366336723354)
(0.009909147717405073,0.04613323594366744)
(0.01036345021797101,0.04604942278000344)
(0.010815256866452178,0.04596224284900378)
(0.011264543945460595,0.04587171530003266)
(0.011711287996250725,0.04577785945710739)
(0.012155465819391049,0.04568069481691385)
(0.012597054475430268,0.045580241046844626)
(0.013036031285531999,0.045476517983026085)
(0.013472373832099985,0.04536954562832598)
(0.013906059959388234,0.045259344150378696)
(0.014337067774072117,0.04514593387959407)
(0.014765375645843746,0.045029335307160065)
(0.015190962207930791,0.04490956908304765)
(0.015613806357659979,0.04478665601401417)
(0.016033887256947463,0.044660617061592064)
(0.01645118433281343,0.044531473340084005)
(0.016865677277850842,0.044399246114554265)
(0.017277346050691988,0.04426395679880671)
(0.01768617087644337,0.04412562695337892)
(0.018092132247124776,0.04398427828350673)
(0.018495210922063576,0.043839932637112895)
(0.018895387928288404,0.04369261200277317)
(0.01929264456090923,0.0435423385076977)
(0.019686962383451877,0.04338913441568446)
(0.02007832322821652,0.04323302212510168)
(0.020466709196577594,0.04307402416684152)
(0.02085210265929576,0.0429121632022838)
(0.021234486256795825,0.042747462021265)
(0.021613842899429934,0.04257994354002458)
(0.021990155767729124,0.042409630799174855)
(0.02236340831263129,0.04223654696164328)
(0.022733584255694366,0.04206071531064102)
(0.023100667589284776,0.04188215924760322)
(0.02346464257676454,0.041700902290147245)
(0.023825493752638444,0.04151696807002426)
(0.024183205922708954,0.04133038033107131)
(0.024537764164190998,0.04114116292715124)
(0.024889153825818012,0.04094933982011514)
(0.02523736052794374,0.04075493507773897)
(0.02558237016259696,0.04055797287167786)
(0.025924168893552896,0.04035847747541423)
(0.026262743156353782,0.040156473262203875)
(0.0265980796583525,0.039951984703025474)
(0.026930165378687088,0.039745036364527433)
(0.027258987568289192,0.03953565290697659)
(0.02758453374984311,0.039323859082208826)
(0.027906791717738695,0.039109679731578896)
(0.028225749538014613,0.038893139783908605)
(0.028541395548254495,0.038674264253440234)
(0.028853718357512527,0.03845307823778608)
(0.029162706846182298,0.03822960691588545)
(0.029468350165868584,0.0380038755459555)
(0.029770637739239738,0.03777590946345283)
(0.030069559259854023,0.03754573407902162)
(0.030365104691986243,0.037313374876465126)
(0.03065726427041941,0.03707885741069024)
(0.0309460285002345,0.0368422073056886)
(0.031231388156572247,0.03660345025248754)
(0.03151333428438872,0.03636261200711684)
(0.03179185819818685,0.03611971838859015)
(0.03206695148173755,0.035874795276862596)
(0.03233860598777477,0.03562786861081126)
(0.03260681383768813,0.03537896438621119)
(0.03287156742118502,0.035128108653709404)
(0.033132859395951494,0.03487532751681444)
(0.03339068268728431,0.03462064712987524)
(0.03364503048770829,0.03436409369607227)
(0.03389589625659479,0.03410569346540692)
(0.03414327371973261,0.03384547273269531)
(0.03438715686891509,0.03358345783556617)
(0.03462753996149304,0.033319675152466165)
(0.03486441751991546,0.03305415110065812)
(0.035097784331259596,0.0327869121342359)
(0.03532763544673735,0.03251798474213422)
(0.03555396618118946,0.03224739544614025)
(0.035776772112577744,0.03197517079893055)
(0.035996049081427124,0.03170133738207223)
(0.036211793190300275,0.031425921804076044)
(0.036424000803210344,0.031148950698410078)
(0.03663266854505526,0.030870450721556968)
(0.036837793301007345,0.030590448551037347)
(0.037039372215920074,0.03030897088347616)
(0.03723740269368501,0.03002604443264247)
(0.037431882396598094,0.029741695927511493)
(0.037622809244710356,0.02945595211033294)
(0.03781018141514221,0.02916883973468827)
(0.0379939973414145,0.02888038556357267)
(0.038174255712736485,0.028590616367470404)
(0.038350955473301036,0.028299558922438486)
(0.038524095821557795,0.028007240008207437)
(0.03869367620945714,0.02771368640625802)
(0.038859696341706385,0.027418924897939706)
(0.03902215617499486,0.0271229822625697)
(0.039181055917212625,0.02682588527555305)
(0.03933639602664107,0.026527660706495582)
(0.03948817721115637,0.026228335317339133)
(0.03963640042738339,0.025927935860482337)
(0.03978106687987689,0.02562648907693407)
(0.03992217802025157,0.025324021694450465)
(0.040059735546322243,0.025020560425687653)
(0.04019374140122018,0.02471613196636567)
(0.040324197772502075,0.024410762993431232)
(0.04045110709123939,0.02410448016323234)
(0.04057447203110255,0.023797310109699817)
(0.04069429550742008,0.02348927944253159)
(0.04081058067624022,0.02318041474539206)
(0.040923330933363984,0.02287074257411147)
(0.04103254991337869,0.02256028945489681)
(0.041138241488674746,0.022249081882550828)
(0.041240409768434794,0.02193714631869134)
(0.041339059097641934,0.021624509189992293)
(0.04143419405604276,0.021311196886417687)
(0.041525819457121735,0.02099723575947517)
(0.04161394034704584,0.02068265212046724)
(0.04169856200361451,0.020367472238762778)
(0.04177968993518211,0.02005172234006631)
(0.04185732987957434,0.01973542860469868)
(0.04193148780299602,0.019418617165887442)
(0.04200216989892379,0.019101314108067192)
(0.04206938258698327,0.018783545465183172)
(0.04213313251182863,0.01846533721901106)
(0.04219342654198817,0.018146715297475115)
(0.04225027176872224,0.01782770557298736)
(0.042303675504854324,0.017508333860787106)
(0.042353645283594,0.01718862591729004)
(0.04240018885735467,0.01686860743845051)
(0.042443314196550605,0.01654830405812891)
(0.04248302948839892,0.016227741346475748)
(0.04251934313568828,0.015906944808310234)
(0.04255226375555411,0.015585939881523169)
(0.04258180017824217,0.015264751935482983)
(0.0426079614458526,0.014943406269452229)
(0.042630756811083026,0.014621928111011016)
(0.042650195735954494,0.01430034261449475)
(0.04266628789053037,0.01397867485943912)
(0.04267904315162581,0.013656949849032842)
(0.04268847160150653,0.013335192508586221)
(0.04269458352657632,0.013013427684002798)
(0.04269738941605995,0.012691680140268523)
(0.0426968999606667,0.012369974559940966)
(0.04269312605125813,0.012048335541661959)
(0.0426860787774914,0.011726787598667217)
(0.042675769426463,0.011405355157314492)
(0.042662209481347364,0.011084062555622177)
(0.042645410620007256,0.010762934041811561)
(0.042625384713623905,0.01044199377287017)
(0.042602143825287195,0.010121265813114096)
(0.04257570020860445,0.00980077413277079)
(0.04254606630627862,0.009480542606565683)
(0.04251325474869786,0.00916059501232596)
(0.04247727835250039,0.00884095502958809)
(0.042438150119136736,0.008521646238221513)
(0.04239588323342574,0.008202692117061455)
(0.04235049106210767,0.00788411604255407)
(0.042301987152374904,0.007565941287410045)
(0.042250385230404156,0.007248191019272103)
(0.04219569919988254,0.006930888299390977)
(0.042137943140520794,0.0066140560813162655)
(0.04207713130656545,0.006297717209595482)
(0.04201327812529363,0.0059818944184855975)
(0.04194639819551171,0.005666610330676039)
(0.04187650628603843,0.005351887456023211)
(0.04180361733418577,0.005037748190296548)
(0.04172774644423168,0.004724214813936255)
(0.04164890888588486,0.004411309490821846)
(0.04156712009274317,0.004099054267053387)
(0.04148239566074785,0.0037874710697446)
(0.0413947513466282,0.003476581705826289)
(0.041304203066340174,0.0031664078608634287)
(0.0412107668934999,0.0028569710978824376)
(0.04111445905781684,0.0025482928562124106)
(0.041015295943500896,0.0022403944503352723)
(0.04091329408769524,0.0019332970687516533)
(0.04080847017887224,0.0016270217728554166)
(0.040700841055243984,0.0013215894958228407)
(0.04059042370315731,0.001017021041511878)
(0.04047723525549102,0.0007133370833753265)
(0.0403612929900386,0.00041055816338504334)
(0.040242614327893514,0.00010870469096868774)
(0.040121216831823674,-0.00019220305804099877)
(0.03999711820465142,-0.0004921449424445155)
(0.03987033628760965,-0.0007911009567024535)
(0.03974088905871523,-0.0010890512319488288)
(0.03960879463111891,-0.0013859760369929032)
(0.039474071251465084,-0.0016818557793076608)
(0.039336737298238354,-0.0019766710060067764)
(0.0391968112801086,-0.002270402404808419)
(0.03905431183427373,-0.002563030804986871)
(0.038909257724793915,-0.002854537178310922)
(0.03876166784092552,-0.0031449026399707107)
(0.03861156119545328,-0.0034341084494911973)
(0.03845895692301195,-0.0037221360116331532)
(0.03830387427841025,-0.004008966877281499)
(0.03814633263494837,-0.004294582744320834)
(0.037986351482736117,-0.00457896545849879)
(0.037823950426998924,-0.0048620970142751975)
(0.037659149186396214,-0.00514395955566119)
(0.03749196759131626,-0.005424535377041502)
(0.03732242558218811,-0.0057038069239887445)
(0.03715054320777894,-0.005981756794060322)
(0.03697634062349169,-0.006258367737586025)
(0.03679983808966038,-0.00653362265844048)
(0.03662105596984266,-0.006807504614803616)
(0.03644001472910784,-0.007079996819907569)
(0.036256734932335735,-0.007351082642773746)
(0.03607123724249226,-0.007620745608931573)
(0.035883542418914144,-0.00788896940112783)
(0.03569367131560055,-0.008155737860023838)
(0.035501644879482236,-0.008421034984876332)
(0.03530748414871482,-0.008684844934209453)
(0.035111210250944005,-0.008947152026469726)
(0.03491284440158761,-0.00920794074066997)
(0.03471240790211356,-0.009467195717022142)
(0.03450992213831027,-0.009724901757552704)
(0.034305408578559425,-0.0099810438267093)
(0.03409888877211165,-0.01023560705195042)
(0.033890384347356965,-0.010488576724327443)
(0.03367991701009434,-0.010739938299047793)
(0.03346750854180141,-0.010989677396027287)
(0.03325318079791075,-0.01123777980043324)
(0.03303695570607055,-0.011484231463206523)
(0.032818855264420584,-0.011729018501580275)
(0.03259890153985845,-0.011972127199574347)
(0.03237711666631043,-0.012213544008489126)
(0.03215352284300421,-0.012453255547377667)
(0.03192814233272662,-0.012691248603503832)
(0.03170099746010991,-0.012927510132796334)
(0.031472110609889976,-0.01316202726028021)
(0.031241504225185013,-0.013394787280503069)
(0.031009200805765334,-0.013625777657940466)
(0.03077522290632207,-0.013854986027394685)
(0.03053959313474559,-0.014082400194377396)
(0.03030233415039961,-0.014308008135481139)
(0.030063468662395076,-0.014531797998736697)
(0.02982301942786931,-0.014753758103957706)
(0.029581009250259808,-0.014973876943069541)
(0.02933746097759073,-0.015192143180432115)
(0.02909239750074922,-0.015408545653143823)
(0.028845841751771652,-0.015623073371334768)
(0.02859781670212602,-0.01583571551844557)
(0.028348345361001615,-0.016046461451496935)
(0.028097450773591073,-0.016255300701339306)
(0.027845156019394142,-0.01646222297290209)
(0.027591484210497924,-0.01666721814541427)
(0.027336458489875464,-0.01687027627262125)
(0.027080102029689475,-0.017071387582995787)
(0.026822438029587482,-0.017270542479917685)
(0.026563489715007035,-0.0174677315418582)
(0.026303280335477356,-0.01766294552254001)
(0.026041833162936442,-0.017856175351095935)
(0.02577917149003199,-0.018047412132199805)
(0.02551531862844493,-0.01823664714619975)
(0.025250297907204948,-0.01842387184922894)
(0.024984132671005077,-0.01860907787330906)
(0.02471684627854181,-0.01879225702643912)
(0.024448462100820408,-0.018973401292666833)
(0.024179003519509672,-0.01915250283215982)
(0.023908493925259292,-0.019329553981253238)
(0.023636956716050282,-0.01950454725248949)
(0.023364415295531255,-0.019677475334641616)
(0.02309089307137076,-0.01984833109273377)
(0.02281641345359825,-0.020017107568033127)
(0.022540999852971644,-0.020183797978049277)
(0.02226467567932942,-0.020348395716507477)
(0.021987464339954424,-0.02051089435330858)
(0.021709389237944587,-0.02067128763449168)
(0.021430473770584244,-0.020829569482161234)
(0.02115074132772198,-0.020985733994428556)
(0.020870215290151373,-0.02113977544531875)
(0.020588919027998642,-0.021291688284676303)
(0.02030687589911866,-0.021441467138062085)
(0.020024109247481558,-0.021589106806624545)
(0.019740642401589542,-0.021734602266975506)
(0.019456498672871407,-0.021877948671041578)
(0.01917170135410007,-0.022019141345908357)
(0.0188862737178117,-0.022158175793654714)
(0.018600239014730142,-0.022295047691173103)
(0.018313620472193076,-0.022429752889975892)
(0.01802644129258175,-0.022562287415990683)
(0.017738724651777525,-0.02269264746935303)
(0.017450493697593113,-0.022820829424170543)
(0.017161771548231387,-0.022946829828295875)
(0.01687258129074249,-0.023070645403060967)
(0.016582945979491934,-0.023192273043037923)
(0.01629288863462551,-0.023311709815744177)
(0.016002432240549445,-0.023428952961371163)
(0.01571159974441345,-0.02354399989249058)
(0.015420414054603728,-0.02365684819373924)
(0.015128898039235797,-0.02376749562150937)
(0.014837074524656609,-0.02387594010361136)
(0.014544966293958628,-0.023982179738943014)
(0.014252596085493603,-0.02408621279713106)
(0.013959986591399524,-0.02418803771817424)
(0.013667160456125012,-0.024287653112062886)
(0.013374140274972376,-0.024385057758400566)
(0.013080948592640541,-0.024480250606008353)
(0.01278760790178016,-0.024573230772517548)
(0.012494140641542075,-0.024663997543951124)
(0.01220056919616138,-0.024752550374302042)
(0.011906915893516399,-0.024838888885087517)
(0.01161320300371578,-0.02492301286491019)
(0.011319452737689707,-0.0250049222689859)
(0.011025687245784198,-0.025084617218686028)
(0.010731928616364189,-0.025162098001050986)
(0.010438198874432,-0.025237365068299687)
(0.010144519980242662,-0.02531041903733505)
(0.009850913827931051,-0.025381260689221658)
(0.009557402244156814,-0.025449890968677318)
(0.00926400698673677,-0.025516310983531996)
(0.008970749743302345,-0.025580522004185237)
(0.008677652129970152,-0.025642525463070238)
(0.00838473568999701,-0.02570232295407556)
(0.00809202189246395,-0.02575991623197441)
(0.007799532130965809,-0.02581530721185965)
(0.0075072877222960785,-0.025868497968539912)
(0.007215309905163435,-0.025919490735934435)
(0.006923619838891393,-0.02596828790647671)
(0.006632238602145126,-0.026014892030488193)
(0.00634118719166245,-0.026059305815548207)
(0.006050486520990396,-0.02610153212586018)
(0.005760157419227179,-0.026141573981592944)
(0.005470220629788835,-0.0261794345582421)
(0.005180696809165142,-0.026215117185945037)
(0.004891606525700637,-0.02624862534881528)
(0.0046029702583720595,-0.026279962684252547)
(0.00431480839559108,-0.026309132982260466)
(0.004027141233992095,-0.02633614018473321)
(0.003739988977259607,-0.02636098838474711)
(0.0034533717349353897,-0.02638368182583927)
(0.003167309521256835,-0.026404224901285415)
(0.0028818222539966523,-0.026422622153354117)
(0.002596929753309315,-0.026438878272562836)
(0.0023126517405873785,-0.026452998096928335)
(0.002029007837341116,-0.026464986611199656)
(0.0017460175640655429,-0.026474848946093872)
(0.001463700339136241,-0.026482590377498994)
(0.001182075477702428,-0.026488216325704837)
(0.0009011621905973819,-0.026491732354599746)
(0.0006209795832581043,-0.026493144170870078)
(0.0003415466546519454,-0.02649245762317874)
(0.00006288229621018179,-0.026489678701360087)
(-0.0002149947092130487,-0.026484813535578144)
(-0.0004920656883973686,-0.026477868395504537)
(-0.0007683120787718884,-0.02646884968946026)
(-0.001043715429449314,-0.026457763963584638)
(-0.0013182574022279703,-0.026444617900958943)
(-0.001591919772600766,-0.026429418320746398)
(-0.0018646844307381122,-0.02641217217733322)
(-0.002136533382467984,-0.02639288655942517)
(-0.002407448750257338,-0.0263715686891772)
(-0.002677412774151798,-0.026348225921291414)
(-0.002946407812742385,-0.02632286574212302)
(-0.003214416344092975,-0.026295495768758947)
(-0.003481420966667622,-0.02626612374811999)
(-0.003747404400253324,-0.02623475755602306)
(-0.004012349486863905,-0.026201405196258985)
(-0.004276239191627809,-0.02616607479965817)
(-0.004539056603687248,-0.026128774623149272)
(-0.004800784937054011,-0.02608951304880634)
(-0.005061407531491614,-0.02604829858289833)
(-0.005320907853350643,-0.026005139854921113)
(-0.005579269496421924,-0.025960045616643813)
(-0.005836476182756293,-0.025913024741120384)
(-0.006092511763497667,-0.025864086221712344)
(-0.006347360219674832,-0.025813239171119964)
(-0.006601005663013506,-0.02576049282036804)
(-0.006853432336711578,-0.025705856517821417)
(-0.007104624616227849,-0.025649339728177976)
(-0.007354567010026535,-0.025590952031465466)
(-0.007603244160347539,-0.025530703122015715)
(-0.00785064084394255,-0.025468602807461493)
(-0.008096741972804926,-0.025404661007695024)
(-0.008341532594888727,-0.02533888775384674)
(-0.008584997894818928,-0.02527129318725637)
(-0.008827123194587876,-0.025201887558407184)
(-0.009067893954241976,-0.02513068122591261)
(-0.009307295772553355,-0.02505768465543783)
(-0.009545314387689628,-0.024982908418667092)
(-0.009781935677852937,-0.024906363192224914)
(-0.01001714566194072,-0.02482805975661807)
(-0.010250930500153733,-0.024748008995166347)
(-0.010483276494625795,-0.024666221892935988)
(-0.010714170090036128,-0.024582709535641522)
(-0.010943597874183884,-0.024497483108579396)
(-0.01117154657859868,-0.02441055389553599)
(-0.011398003079084637,-0.02432193327769048)
(-0.011622954396307535,-0.024231632732529065)
(-0.011846387696326767,-0.024139663832738002)
(-0.012068290291137786,-0.024046038245102007)
(-0.012288649639203408,-0.0239507677293922)
(-0.012507453345964434,-0.02385386413726286)
(-0.01272468916434353,-0.02375533941113686)
(-0.012940344995234932,-0.023655205583072773)
(-0.01315440888799359,-0.023553474773665362)
(-0.013366869040892567,-0.023450159190889944)
(-0.013577713801594195,-0.02334527112901237)
(-0.013786931667576167,-0.02323882296741712)
(-0.013994511286591984,-0.023130827169500462)
(-0.014200441457073481,-0.023021296281519426)
(-0.014404711128546133,-0.022910242931453478)
(-0.014607309402037326,-0.022797679827862984)
(-0.014808225530456206,-0.022683619758730192)
(-0.015007448918979933,-0.022568075590330593)
(-0.015204969125398458,-0.02245106026605479)
(-0.015400775860498478,-0.022332586805282606)
(-0.015594858988382278,-0.022212668302196238)
(-0.015787208526805086,-0.022091317924640582)
(-0.01597781464749773,-0.02196854891295695)
(-0.01616666767647088,-0.021844374578811138)
(-0.01635375809431302,-0.021718808304035383)
(-0.016539076536474295,-0.02159186353945769)
(-0.016722613793537164,-0.021463553803728278)
(-0.016904360811484293,-0.021333892682151755)
(-0.01708430869194523,-0.02120289382551067)
(-0.017262448692431306,-0.021070570948887077)
(-0.017438772226571232,-0.02093693783049408)
(-0.017613270864320275,-0.020802008310486838)
(-0.017785936332165648,-0.020665796289783378)
(-0.017956760513326224,-0.020528315728892854)
(-0.01812573544792277,-0.02038958064672306)
(-0.01829285333315586,-0.020249605119396677)
(-0.01845810652346332,-0.020108403279069993)
(-0.0186214875306665,-0.01996598931274704)
(-0.018782989024109117,-0.019822377461087615)
(-0.01894260383077543,-0.019677582017225744)
(-0.019100324935414262,-0.01953161732557104)
(-0.019256145480625025,-0.01938449778063479)
(-0.019410058766970235,-0.019236237825825557)
(-0.01956205825303292,-0.019086851952263253)
(-0.019712137555498964,-0.018936354697592497)
(-0.01986029044921364,-0.01878476064478886)
(-0.020006510867218077,-0.018632084420964982)
(-0.020150792900793996,-0.018478340696180026)
(-0.020293130799480027,-0.018323544182252377)
(-0.020433518971087965,-0.01816770963155976)
(-0.020571951981704147,-0.018010851835858432)
(-0.020708424555679474,-0.017852985625081544)
(-0.02084293157560307,-0.017694125866155)
(-0.02097546808227927,-0.017534287461800763)
(-0.021106029274679666,-0.01737348534935559)
(-0.021234610509889954,-0.01721173449957021)
(-0.021361207303041713,-0.017049049915428025)
(-0.021485815327240435,-0.016885446630953448)
(-0.021608430413483246,-0.016720939710026174)
(-0.021729048550548625,-0.01655554424518937)
(-0.021847665884903188,-0.016389275356470296)
(-0.021964278720568216,-0.016222148190190626)
(-0.02207888351900085,-0.016054177917782502)
(-0.022191476898946107,-0.015885379734608216)
(-0.022302055636288468,-0.015715768858777342)
(-0.02241061666388998,-0.015545360529966046)
(-0.0225171570714207,-0.015374170008240663)
(-0.022621674105164934,-0.015202212572872045)
(-0.0227241651678386,-0.015029503521175736)
(-0.02282462781838096,-0.014856058167318806)
(-0.022923059771734297,-0.01468189184115993)
(-0.023019458898632193,-0.0145070198870779)
(-0.023113823225345012,-0.014331457662796494)
(-0.02320615093344915,-0.014155220538222208)
(-0.02329644035956667,-0.013978323894278721)
(-0.023384689995096842,-0.013800783121746273)
(-0.02347089848593442,-0.013622613620092297)
(-0.02355506463219338,-0.013443830796326372)
(-0.023637187387901694,-0.013264450063834)
(-0.023717265860696734,-0.013084486841225852)
(-0.023795299311504932,-0.012903956551188608)
(-0.02387128715421913,-0.012722874619333887)
(-0.023945228955354163,-0.012541256473052743)
(-0.024017124433706745,-0.012359117540375554)
(-0.024086973459990616,-0.012176473248823897)
(-0.024154776056484906,-0.011993339024287125)
(-0.024220532396629177,-0.01180973028986996)
(-0.02428424280466454,-0.011625662464773461)
(-0.024345907755218887,-0.011441150963161248)
(-0.024405527872912478,-0.011256211193036518)
(-0.024463103931935494,-0.011070858555119)
(-0.024518636855620002,-0.010885108441722625)
(-0.02457212771601674,-0.010698976235646862)
(-0.02462357773343847,-0.010512477309058396)
(-0.02467298827601489,-0.010325627022386848)
(-0.02472036085922201,-0.010138440723213928)
(-0.024765697145413736,-0.00995093374517738)
(-0.024808998943347118,-0.009763121406874764)
(-0.02485026820767669,-0.009575019010761337)
(-0.024889507038468196,-0.009386641842066909)
(-0.02492671768067888,-0.009198005167707983)
(-0.02496190252365051,-0.009009124235204667)
(-0.024995064100574265,-0.008820014271603506)
(-0.025026205087949237,-0.008630690482398755)
(-0.025055328305062307,-0.008441168050475331)
(-0.025082436713399957,-0.008251462135024467)
(-0.025107533416116698,-0.008061587870500476)
(-0.02513062165744384,-0.007871560365550262)
(-0.02515170482211534,-0.007681394701966725)
(-0.025170786434793528,-0.007491105933645453)
(-0.025187870159441857,-0.007300709085527888)
(-0.025202959798752946,-0.007110219152577639)
(-0.02521605929351338,-0.006919651098735224)
(-0.02522717272198791,-0.006729019855894726)
(-0.02523630429929366,-0.0065383403228765)
(-0.025243458376753472,-0.0063476273644087035)
(-0.025248639441261156,-0.00615689581011347)
(-0.02525185211460563,-0.005966160453492196)
(-0.02525310115283766,-0.005775436050928821)
(-0.025252391445573945,-0.005584737320683297)
(-0.025249728015336308,-0.0053940789419023236)
(-0.025245116016847077,-0.005203475553624228)
(-0.02523856073635683,-0.005012941753802586)
(-0.025230067590923354,-0.004822492098320963)
(-0.025219642127717417,-0.004632141100024704)
(-0.025207290023291234,-0.004441903227749462)
(-0.02519301708286714,-0.004251792905362111)
(-0.025176829239598332,-0.004061824510802548)
(-0.025158732553829544,-0.0038720123751327137)
(-0.02513873321236056,-0.0036823707815935632)
(-0.025116837527672155,-0.0034929139646613034)
(-0.02509305193718569,-0.0033036561091179576)
(-0.02506738300248644,-0.003114611349121598)
(-0.025039837408547736,-0.002925793767284357)
(-0.025010421962947,-0.0027372173937560726)
(-0.024979143595088155,-0.0025488962053159536)
(-0.024946009355385667,-0.0023608441244658664)
(-0.02491102641448815,-0.0021730750185358413)
(-0.024874202062442886,-0.0019856026987889836)
(-0.024835543707903657,-0.001798440919538741)
(-0.024795058877289985,-0.0016116033772674444)
(-0.02475275521396795,-0.001425103709754707)
(-0.024708640477412714,-0.0012389554952103175)
(-0.024662722542367625,-0.001053172251413802)
(-0.024615009397998117,-0.0008677674348611742)
(-0.02456550914703551,-0.0006827544399168184)
(-0.024514230004911878,-0.0004981465979732248)
(-0.0244611802989117,-0.0003139571766166987)
(-0.024406368467278512,-0.0001301993787994904)
(-0.02434980305834718,0.000053113657981268535)
(-0.024291492729663675,0.00023596886249714985)
(-0.024231446247089464,0.0004183532305966242)
(-0.02416967248391026,0.0006002538260058275)
(-0.024106180419934106,0.0007816577811218434)
(-0.02404097914058257,0.0009625522978006048)
(-0.02397407783598577,0.0011429246481361502)
(-0.023905485800061802,0.0013227621752349393)
(-0.02383521242958498,0.0015020522939801246)
(-0.02376326722328169,0.0016807824917933346)
(-0.02368965978087622,0.0018589403293848088)
(-0.023614399802157057,0.0020365134414983754)
(-0.023537497086051358,0.002213489537651689)
(-0.023458961529651493,0.0023898564028635738)
(-0.02337880312728108,0.002565601898379995)
(-0.023297031969530275,0.0027407139623886684)
(-0.02321365824230317,0.002915180610730736)
(-0.023128692225831804,0.003088989937597662)
(-0.02304214429373172,0.0032621301162309327)
(-0.02295402491200765,0.003434589399605818)
(-0.022864344638074175,0.0036063561211102037)
(-0.02277311411978558,0.0037774186952195883)
(-0.022680344094433345,0.0039477656181593586)
(-0.02258604538776231,0.004117385468562461)
(-0.02249022891297302,0.004286266908120343)
(-0.022392905669713675,0.004454398682221328)
(-0.022294086743092217,0.0046217696205902385)
(-0.02219378330265436,0.004788368637910919)
(-0.022092006601370517,0.004954184734446233)
(-0.021988767974635892,0.005119206996651696)
(-0.021884078839231297,0.005283424597775303)
(-0.021777950692321232,0.005446826798458965)
(-0.021670395110414045,0.005609402947322732)
(-0.021561423748330703,0.005771142481544061)
(-0.02145104833818566,0.005932034927435938)
(-0.021339280688340585,0.006092069901006807)
(-0.02122613268237045,0.006251237108520789)
(-0.021111616278015492,0.006409526347043626)
(-0.020995743506145376,0.00656692750498764)
(-0.02087852646970497,0.0067234305626429755)
(-0.02075997734266441,0.006879025592701951)
(-0.02064010836897266,0.007033702760780723)
(-0.020518931861490047,0.007187452325923528)
(-0.020396460200941113,0.007340264641108007)
(-0.020272705834848928,0.007492130153737948)
(-0.020147681276469695,0.0076430394061269185)
(-0.020021399103728917,0.007792983035977662)
(-0.019893871958161533,0.007941951776852745)
(-0.019765112543830163,0.008089936458633689)
(-0.0196351336262542,0.008236928007971154)
(-0.01950394803135053,0.008382917448738895)
(-0.019371568644335743,0.008527895902462633)
(-0.019238008408665234,0.008671854588751561)
(-0.019103280324948336,0.008814784825720607)
(-0.018967397449867817,0.008956678030403736)
(-0.01883037289508992,0.009097525719151253)
(-0.018692219826199154,0.009237319508038966)
(-0.01855295146158737,0.00937605111324151)
(-0.018412581071387428,0.009513712351424201)
(-0.018271121976374503,0.009650295140108237)
(-0.018128587546879044,0.009785791498036727)
(-0.017984991201695708,0.009920193545526864)
(-0.017840346406993893,0.010053493504823673)
(-0.01769466667522411,0.010185683700431599)
(-0.017547965564019073,0.010316756559448855)
(-0.017400256675110214,0.010446704611886409)
(-0.017251553653224075,0.010575520490990458)
(-0.017101870184987884,0.010703196933536215)
(-0.01695121999783958,0.010829726780136016)
(-0.01679961685891661,0.010955102975520032)
(-0.016647074573979168,0.011079318568826818)
(-0.016493606986294734,0.011202366713865949)
(-0.016339227975546735,0.011324240669388972)
(-0.016183951456745515,0.011444933799347532)
(-0.016027791379113233,0.011564439573131875)
(-0.015870761724996834,0.011682751565821487)
(-0.015712876508774006,0.011799863458410373)
(-0.015554149775737512,0.011915769038030353)
(-0.01539459560102027,0.012030462198168388)
(-0.015234228088482725,0.012143936938871952)
(-0.01507306136961841,0.01225618736694996)
(-0.014911109602458388,0.012367207696154067)
(-0.014748386970480885,0.01247699224737466)
(-0.014584907681505251,0.012585535448802357)
(-0.014420685966605054,0.01269283183609903)
(-0.014255736079010962,0.012798876052556779)
(-0.014090072293016447,0.012903662849239389)
(-0.013923708902893144,0.013007187085132321)
(-0.013756660221782166,0.013109443727268324)
(-0.013588940580625613,0.013210427850856937)
(-0.01342056432706104,0.01331013463939668)
(-0.01325154582434141,0.013408559384784729)
(-0.013081899450239902,0.013505697487414155)
(-0.012911639595978788,0.01360154445627232)
(-0.01274078066513147,0.013696095909017159)
(-0.012569337072546045,0.013789347572057666)
(-0.01239732324326427,0.013881295280616494)
(-0.012224753611443031,0.013971934978794643)
(-0.012051642619270846,0.014061262719617123)
(-0.011878004715901901,0.014149274665078582)
(-0.011703854356373616,0.014235967086180102)
(-0.011529206000536673,0.014321336362950897)
(-0.01135407411198205,0.014405378984469655)
(-0.011178473156987638,0.014488091548880585)
(-0.011002417603427352,0.014569470763387148)
(-0.010825921919733403,0.014649513444251347)
(-0.010649000573814257,0.01472821651678088)
(-0.010471668032005691,0.014805577015311051)
(-0.01029393875801505,0.014881592083163964)
(-0.010115827211863914,0.01495625897262967)
(-0.009937347848831388,0.015029575044901614)
(-0.00975851511841717,0.015101537770037041)
(-0.009579343463289734,0.01517214472690048)
(-0.009399847318230996,0.015241393603070919)
(-0.009220041109120437,0.015309282194802987)
(-0.0090399392518718,0.015375808406900787)
(-0.008859556151413608,0.015440970252665697)
(-0.008678906200654734,0.01550476585377015)
(-0.008498003779453747,0.01556719344015627)
(-0.008316863253592594,0.01562825134992988)
(-0.008135498973754058,0.01568793802922771)
(-0.007953925274509405,0.015746252032094284)
(-0.007772156473290666,0.015803192020336296)
(-0.00759020686938672,0.0158587567633839)
(-0.0074080907429377825,0.015912945138131712)
(-0.007225822353922138,0.01596575612878988)
(-0.007043415941152755,0.016017188826699617)
(-0.006860885721296901,0.016067242430171845)
(-0.006678245887855717,0.016115916244293343)
(-0.006495510610197894,0.01616320968074122)
(-0.006312694032554279,0.016209122257592242)
(-0.00612981027305128,0.01625365359909969)
(-0.005946873422723438,0.016296803435499486)
(-0.0057638975445363245,0.016338571602778525)
(-0.005580896672425798,0.01637895804244902)
(-0.005397884810323119,0.016417962801328092)
(-0.005214875931196289,0.01645558603126977)
(-0.005031883976091901,0.016491827988937842)
(-0.004848922853186723,0.016526689035541938)
(-0.004666006436826566,0.01656016963657944)
(-0.00448314856659872,0.016592270361557398)
(-0.0043003630463777556,0.016622991883720687)
(-0.004117663643392753,0.016652334979766713)
(-0.003935064087305515,0.016680300529554003)
(-0.0037525780692722497,0.016706889515810532)
(-0.0035702192410356965,0.016732103023816284)
(-0.003388001213993461,0.016755942241095684)
(-0.003205937558301442,0.016778408457111014)
(-0.0030240418019574673,0.016799503062921484)
(-0.0028423274298991236,0.016819227550859985)
(-0.00266080788311859,0.01683758351418769)
(-0.0024794965577576954,0.01685457264675377)
(-0.002298406804226041,0.01687019674264576)
(-0.002117551926321993,0.016884457695824327)
(-0.0019369451803611434,0.016897357499752883)
(-0.0017565997742898566,0.016908898247048165)
(-0.0015765288668400596,0.016919082129076703)
(-0.0013967455666502432,0.016927911435584024)
(-0.0012172629314236658,0.016935388554300802)
(-0.0010380939670813466,0.016941515970541682)
(-0.0008592516269072069,0.01694629626681215)
(-0.000680748810715243,0.016949732122381815)
(-0.0005025983640249192,0.01695182631288168)
(-0.0003248130772223307,0.016952581709882644)
(-0.0001474056847441253,0.01695200128045203)
(0.00002961113572935392,0.01695008808673835)
(0.0002062247641014257,0.01694684528551333)
(0.0003824226386414578,0.016942276127738784)
(0.0005581922567923041,0.016936383958107933)
(0.0007335211759726631,0.01692917221458309)
(0.0009083970143320116,0.016920644427939047)
(0.0010828074515713264,0.016910804221293048)
(0.0012567402296740284,0.01689965530961309)
(0.0014301831537082811,0.016887201499260717)
(0.0016031240925624781,0.01687344668748476)
(0.0017755509797199448,0.01685839486193776)
(0.0019474518139908537,0.01684205010017011)
(0.0021188146602609407,0.016824416569137076)
(0.00228962765023114,0.016805498524673338)
(0.0024598789831418856,0.016785300310997134)
(0.0026295569264994365,0.016763826360170975)
(0.0027986498167848106,0.016741081191585936)
(0.002967146060179327,0.016717069411435127)
(0.0031350341332494857,0.01669179571216317)
(0.003302302583655265,0.016665264871938316)
(0.0034689400308440446,0.016637481754100018)
(0.0036349351667182214,0.016608451306604564)
(0.0038002767563271997,0.01657817856146947)
(0.003964953638534749,0.016546668634221454)
(0.004128954726675665,0.01651392672331535)
(0.0042922690092207765,0.016479958109567934)
(0.004454885550423328,0.01644476815558667)
(0.0046167934909520005,0.01640836230518264)
(0.004777982048556251,0.016370746082782283)
(0.004938440518661602,0.016331925092845537)
(0.005098158275005245,0.016291905019261217)
(0.005257124770265938,0.01625069162475325)
(0.005415329536643143,0.016208290750278024)
(0.0055727621864901135,0.016164708314403815)
(0.0057294124128789365,0.016119950312716545)
(0.005885269990204736,0.016074022817176705)
(0.0060403247747682735,0.016026931975527268)
(0.006194566705336753,0.015978684010635635)
(0.006347985803720409,0.0159292852198998)
(0.006500572175314182,0.01587874197457331)
(0.006652316009672462,0.015827060719161314)
(0.006803207581038475,0.015774247970753507)
(0.006953237248881822,0.015720310318396737)
(0.007102395458427866,0.01566525442243098)
(0.007250672741187136,0.015609087013833352)
(0.007398059715462103,0.015551814893576344)
(0.007544547086857993,0.015493444931943434)
(0.007690125648782284,0.01543398406788571)
(0.007834786282937564,0.01537343930833279)
(0.007978519959802869,0.015311817727532933)
(0.008121317739118243,0.01524912646636946)
(0.008263170770349477,0.015185372731688601)
(0.008404070293160369,0.01512056379560479)
(0.00854400763784408,0.015054706994822408)
(0.00868297422580465,0.014987809729941593)
(0.008820961569975777,0.014919879464771567)
(0.008957961275246442,0.014850923725617604)
(0.009093965038910705,0.014780950100609267)
(0.009228964651063825,0.014709966238963331)
(0.009362951995022085,0.014637979850308725)
(0.009495919047723468,0.014564998703954037)
(0.00962785788012151,0.01449103062819868)
(0.009758760657569372,0.014416083509594464)
(0.009888619640206923,0.014340165292244416)
(0.01001742718332335,0.014263283977076721)
(0.010145175737726032,0.014185447621126784)
(0.010271857850097892,0.014106664336804221)
(0.010397466163343963,0.01402694229117147)
(0.010521993416930274,0.013946289705209258)
(0.010645432447219058,0.013864714853083944)
(0.010767776187795482,0.013782226061415655)
(0.01088901766978732,0.013698831708541217)
(0.011009150022163296,0.013614540223763696)
(0.01112816647204819,0.013529360086626457)
(0.011246060345014013,0.013443299826153617)
(0.011362825065362224,0.013356368020118857)
(0.011478454156406232,0.013268573294280129)
(0.011592941240743736,0.013179924321642738)
(0.011706280040514584,0.0130904298217005)
(0.01181846437765703,0.013000098559681648)
(0.011929488174165934,0.012908939345801807)
(0.012039345452318434,0.01281696103448858)
(0.012148030334917768,0.012724172523641405)
(0.012255537045505183,0.012630582753856147)
(0.012361859908590633,0.012536200707672009)
(0.012466993349845747,0.012441035408797249)
(0.012570931896327858,0.012345095921359385)
(0.012673670176640417,0.012248391349115628)
(0.01277520292115563,0.0121509308347142)
(0.012875524962157568,0.012052723558892316)
(0.012974631234034292,0.011953778739727907)
(0.013072516773437052,0.011854105631863787)
(0.01316917671942043,0.011753713525725885)
(0.013264606313608832,0.011652611746760874)
(0.013358800900320319,0.01155080965465043)
(0.01345175592670218,0.011448316642543515)
(0.013543466942860415,0.011345142136273807)
(0.013633929601959431,0.01124129559358572)
(0.013723139660350039,0.01113678650335714)
(0.013811092977648765,0.011031624384809154)
(0.013897785516847713,0.010925818786744717)
(0.013983213344385919,0.010819379286751864)
(0.01406737263023417,0.010712315490432838)
(0.014150259647964063,0.010604637030623941)
(0.014231870774802787,0.010496353566597649)
(0.014312202491689355,0.010387474783299482)
(0.014391251383327855,0.010278010390561693)
(0.014469014138211693,0.010167970122312284)
(0.01454548754867065,0.01005736373579674)
(0.014620668510879311,0.00994620101080002)
(0.014694554024882152,0.00983449174885827)
(0.014767141194599239,0.00972224577247778)
(0.01483842722781769,0.009609472924348576)
(0.01490840943620163,0.009496183066568194)
(0.014977085235260666,0.009382386079853174)
(0.01504445214433657,0.009268091862761021)
(0.015110507786570148,0.00915331033090781)
(0.015175249888860728,0.009038051416178167)
(0.015238676281833377,0.008922325065959247)
(0.015300784899772563,0.008806141242350777)
(0.01536157378055794,0.00868950992137544)
(0.01542104106562675,0.00857244109222239)
(0.01547918499985669,0.008454944756445397)
(0.015536003931519337,0.008337030927198865)
(0.0155914963121701,0.00821870962845243)
(0.015645660696561196,0.008099990894217398)
(0.01569849574253037,0.007980884767772018)
(0.015750000210891096,0.007861401300879348)
(0.0158001729653162,0.007741550553020121)
(0.015849012972214728,0.007621342590621373)
(0.01589651930058725,0.007500787486274011)
(0.015942691121891252,0.007379895317968971)
(0.015987527709892455,0.007258676168325865)
(0.016031028440522448,0.007137140123830428)
(0.01607319279168999,0.00701529727405289)
(0.0161140203431308,0.006893157710894203)
(0.016153510776228376,0.006770731527818933)
(0.016191663873822978,0.00664802881908621)
(0.016228479520034745,0.006525059678997368)
(0.01626395770004688,0.006401834201128301)
(0.01629809849991397,0.006278362477569753)
(0.016330902106349864,0.006154654598179073)
(0.01636236880651191,0.006030720649820384)
(0.016392498987752267,0.005906570715602557)
(0.016421293137422757,0.005782214874144569)
(0.01644875184260625,0.005657663198812527)
(0.01647487578987786,0.005532925756973291)
(0.016499665765056112,0.00540801260925305)
(0.01652312265295036,0.005282933808794719)
(0.016545247437070844,0.005157699400506496)
(0.01656604119937619,0.005032319420329548)
(0.01658550511999372,0.004906803894502434)
(0.016603640476915454,0.0047811628388173145)
(0.016620448645724623,0.004655406257895395)
(0.01663593109927859,0.004529544144447322)
(0.016650089407426,0.004403586478556666)
(0.016662925236666383,0.004277543226940138)
(0.016674440349851813,0.004151424342233676)
(0.016684636605850355,0.004025239762267292)
(0.01669351595922191,0.0038989994093478328)
(0.01670108045987121,0.0037727131895411003)
(0.016707332252709855,0.003646390991960711)
(0.01671227357730532,0.003520042688057471)
(0.016715906767516074,0.0033936781309074735)
(0.01671823425114386,0.003267307154513537)
(0.016719258549544484,0.003140939573096698)
(0.016718982277269485,0.0030145851804012132)
(0.016717408141668853,0.0028882537489937055)
(0.01671453894252019,0.002761955029574908)
(0.016710377571615847,0.002635698750283417)
(0.01670492701238312,0.00250949461601353)
(0.016698190339464004,0.0023833523077277236)
(0.01669017071830889,0.0022572814817756054)
(0.016680871404755892,0.002131291769216375)
(0.016670295744614226,0.0020053927751446307)
(0.016658447173229108,0.0018795940780178023)
(0.016645329215045624,0.001753905228987917)
(0.016630945483176104,0.0016283357512378218)
(0.016615299678949556,0.0015028951393192549)
(0.016598395591454197,0.001377592858493593)
(0.01658023709709469,0.00125243834407974)
(0.016560828159107772,0.0011274410008001443)
(0.01654017282711946,0.0010026102021365578)
(0.016518275236651222,0.0008779552896838823)
(0.016495139608647146,0.0007534855725106547)
(0.01647077024899651,0.0006292103265231223)
(0.016445171548028787,0.0005051387938315215)
(0.01641834798003762,0.00038128018212248437)
(0.016390304102768014,0.00025764366403225984)
(0.016361044556911435,0.00013423837652657306)
(0.016330574065598593,0.000011073420282498384)
(0.016298897433884078,-0.0001118421409245485)
(0.01626601954822991,-0.0002344992808309604)
(0.016231945375964892,-0.0003568890112897725)
(0.01619667996477046,-0.00047900238287259714)
(0.016160228442144667,-0.0006008304854675887)
(0.01612259601484719,-0.0007223644488716669)
(0.01608378796837031,-0.0008435954433808377)
(0.016043809666381914,-0.0009645146803743396)
(0.01600266655017521,-0.0010851134128965446)
(0.01596036413809984,-0.0012053829362319636)
(0.015916908025014317,-0.0013253145884792657)
(0.01587230388170318,-0.0014448997511181463)
(0.01582655745431269,-0.0015641298495730556)
(0.015779674563776658,-0.0016829963537738088)
(0.01573166110522218,-0.001801490778707971)
(0.015682523047395768,-0.0019196046849730688)
(0.015632266432075947,-0.0020373296793234374)
(0.015580897373463028,-0.002154657415208491)
(0.015528422057595526,-0.002271579593312107)
(0.015474846741739627,-0.0023880879620836078)
(0.015420177753794577,-0.002504174318268412)
(0.015364421491664466,-0.00261983050742603)
(0.015307584422655786,-0.0027350484244533916)
(0.015249673082851299,-0.0028498200140939446)
(0.015190694076505699,-0.002964137271453566)
(0.015130654075389795,-0.0030779922424959438)
(0.015069559818184286,-0.0031913770245488625)
(0.0150074181098394,-0.0033042837667971213)
(0.014944235820931734,-0.0034167046707697596)
(0.014880019887033,-0.0035286319908294454)
(0.014814777308057183,-0.003640058034649098)
(0.014748515147622002,-0.0037509751636898275)
(0.014681240532384275,-0.003861375793668665)
(0.014612960651397422,-0.003971252395025085)
(0.014543682755443467,-0.004080597493381003)
(0.01447341415638375,-0.004189403669998085)
(0.014402162226478225,-0.004297663562223949)
(0.014329934397731971,-0.004405369863941657)
(0.014256738161219673,-0.004512515326007722)
(0.014182581066406292,-0.004619092756687878)
(0.014107470720477024,-0.004725095022086417)
(0.014031414787649216,-0.004830515046568646)
(0.013954420988500674,-0.0049353458131875996)
(0.013876497099276231,-0.005039580364092497)
(0.013797650951200476,-0.0051432118009375125)
