(-9.319263298818214,4.590471622960756e-13)
(-9.317537448677273,0.11473851923042365)
(-9.312363452099053,0.22933900388228848)
(-9.303751953147431,0.343663886126746)
(-9.29172063385289,0.4575765284559791)
(-9.276294127645318,0.5709416809405894)
(-9.257503899245435,0.683625929103277)
(-9.235388092081806,0.7954981294485273)
(-9.209991344579276,0.9064298298269935)
(-9.181364576924755,1.0162956719830323)
(-9.149564750153974,1.1249737738310612)
(-9.114654599615974,1.2323460892278317)
(-9.076702345057022,1.3382987432496853)
(-9.035781379721735,1.442722341242517)
(-8.991969940994021,1.5455122501835075)
(-8.945350765194068,1.6465688511734577)
(-8.89601072920885,1.7457977621627845)
(-8.84404048166406,1.843110030298679)
(-8.78953406634421,1.938422293561918)
(-8.732588540537856,2.03165691163545)
(-8.673303590926642,2.122742066209999)
(-8.611781149553526,2.211611831181374)
(-8.548125012298533,2.2982062134273247)
(-8.482440462162792,2.382471165066463)
(-8.414833899516323,2.464358568296051)
(-8.345412481304582,2.5438261940780906)
(-8.274283771036394,2.6208376360930856)
(-8.201555401194664,2.695362221507594)
(-8.127334749523577,2.767374900205171)
(-8.051728630455223,2.8368561142105935)
(-7.974843002747002,2.9037916490951927)
(-7.896782694211173,2.9681724691872104)
(-7.817651144232095,3.0299945384269233)
(-7.737550164586496,3.089258628702665)
(-7.6565797189098435,3.1459701174828356)
(-7.574837720988484,3.200138776521774)
(-7.492419851904326,3.251778553365992)
(-7.409419395917073,3.300907347323259)
(-7.325927094839352,3.34754678148248)
(-7.242031020542764,3.391721972288706)
(-7.157816465128415,3.4334612980869132)
(-7.0733658482036175,3.472796167951943)
(-6.988758640627307,3.509760792021838)
(-6.9040713040199515,3.5443919544491895)
(-6.819377245278841,3.5767287899813787)
(-6.734746785296089,3.6068125650770373)
(-6.650247141044074,3.6346864643637096)
(-6.5659424201717,3.6603953831428004)
(-6.481893627231556,3.683985726542052)
(-6.398158680683174,3.7055052158486936)
(-6.31479243977055,3.725002702423795)
(-6.231846748816937,3.7425279916515652)
(-6.1493704477027125,3.758131665939917)
(-6.0674094736034005,3.771864931781553)
(-5.98600688563524,3.7837794621928142)
(-5.905202936880102,3.7939272530517685)
(-5.825035143186919,3.8023604871697523)
(-5.7455383563073115,3.809131406877606)
(-5.666744840697945,3.8142921950306334)
(-5.588684353360357,3.817894864295678)
(-5.511384226128022,3.8199911545481235)
(-5.434869449849635,3.820632438176032)
(-5.359162759957069,3.819869633062411)
(-5.2842847229453325,3.8177531229948145)
(-5.210253823330188,3.8143326852335804)
(-5.1370865506865435,3.8096574249558963)
(-5.06479748640684,3.8037757162820416)
(-4.993399389853807,3.796735149582563)
(-4.922903283615271,3.7885824847602203)
(-4.8533185376007335,3.7793636101982475)
(-4.78465295174979,3.7691235070663747)
(-4.716912837150904,3.757906218677977)
(-4.650103095396136,3.745754824595393)
(-4.584227296022431,3.732711419185636)
(-4.519287751913566,3.7188170943351935)
(-4.455285592558573,3.7041119260402238)
(-4.39222083508249,3.6886349645969303)
(-4.330092452983768,3.672424228126177)
(-4.268898442529467,3.655516699176197)
(-4.208635886774771,3.637948324157568)
(-4.149301017187305,3.619754015375237)
(-4.090889272882455,3.6009676554354173)
(-4.03339535739532,3.581622103802075)
(-3.976813293197527,3.5617492053259565)
(-3.921136473727125,3.54137980052553)
(-3.866357713150928,3.520543737457234)
(-3.812469293822839,3.4992698849987285)
(-3.7594630114940273,3.4775861473860457)
(-3.7073302183236665,3.455519479854815)
(-3.6560618637431754,3.43309590524553)
(-3.6056485332304464,3.4103405314422894)
(-3.5560804850534047,3.3872775695235795)
(-3.5073476850445284,3.363930352512372)
(-3.459439839469644,3.3403213546212585)
(-3.4123464260555996,3.316472210896245)
(-3.366056723242176,3.2924037371705337)
(-3.320559837724026,3.2681359502467844)
(-3.275844730348441,3.2436880882332115)
(-3.231900240434562,3.219078630965337)
(-3.1887151085790486,3.194325320451335)
(-3.146277998012465,3.169445181284605)
(-3.104577514569785,3.1444545409726548)
(-3.063602225337048,3.1193690501363656)
(-3.023340676035086,3.0942037025384064)
(-2.9837814071998063,3.068972854904144)
(-2.9449129692168645,3.0436902465022477)
(-2.906723936267043,3.018369018456177)
(-2.869202919236992,2.9930217327612385)
(-2.8323385776481604,2.967660390985141)
(-2.796119630655109,2.94229645263303)
(-2.760534867162498,2.916940853160795)
(-2.725573155108313,2.89160402162299)
(-2.691223449959068,2.8662958979440356)
(-2.6574748024609494,2.84102594980363)
(-2.624316365689037,2.8158031891291775)
(-2.5917374014350743,2.790636188189894)
(-2.559727285972428,2.7655330952888915)
(-2.5282755152352614,2.7405016500510095)
(-2.4973717094472456,2.7155491983055535)
(-2.467005617233517,2.690682706564253)
(-2.437167119248021,2.6659087760959057)
(-2.407846231346841,2.6412336566001096)
(-2.379033107336633,2.6166632594833823)
(-2.350718041325832,2.592203170741733)
(-2.3228914697049188,2.567858663454428)
(-2.2955439727806914,2.543634709894317)
(-2.2686662760881964,2.5195359932605643)
(-2.2422492514027144,2.4955669190401566)
(-2.2162839174730244,2.471731626004854)
(-2.190761440496025,2.448033996850679)
(-2.165673134351649,2.4244776684872167)
(-2.1410104606160276,2.4010660419843255)
(-2.116765028369804,2.377802292183933)
(-2.092928593817531,2.3546893769848456)
(-2.0694930597332033,2.331730046308459)
(-2.0464504747461087,2.3089268507535428)
(-2.0237930324802527,2.286282149948014)
(-2.0015130705599598,2.26379812060593)
(-1.9796030694933737,2.2414767642976994)
(-1.9580556514449532,2.2193199149415648)
(-1.9368635789072928,2.1973292460243616)
(-1.916019753282034,2.1755062775594434)
(-1.8955172133789586,2.1538523827895877)
(-1.8753491338418036,2.1323687946426295)
(-1.8555088235087773,2.1110566119473972)
(-1.8359897237152412,2.0899168054174577)
(-1.8167854065455307,2.06895022341)
(-1.7978895730404107,2.048157597467099)
(-1.7792960513662492,2.0275395476463896)
(-1.760998794951538,2.0070965876481153)
(-1.742991880596035,1.9868291297452891)
(-1.725269506557403,1.9667374895235985)
(-1.7078259906198876,1.9468218904374948)
(-1.6906557681492225,1.9270824681887815)
(-1.6737533901376775,1.9075192749338181)
(-1.6571135212428174,1.8881322833253207)
(-1.6407309378233108,1.8689213903945532)
(-1.6246005259756109,1.8498864212800656)
(-1.6087172795696756,1.8310271328056318)
(-1.5930762982979645,1.8123432169193585)
(-1.5776727857245603,1.7938343039907376)
(-1.5625020473481923,1.775499965976588)
(-1.5475594886765698,1.7573397194584697)
(-1.5328406133145631,1.7393530285566354)
(-1.518341021067908,1.721539307725058)
(-1.504056406063951,1.7038979244319215)
(-1.489982554890766,1.6864282017298526)
(-1.4761153447559021,1.669129420720021)
(-1.4624507416658499,1.6520008229140712)
(-1.4489847986271969,1.6350416124977942)
(-1.4357136538703625,1.6182509585002232)
(-1.422633529096649,1.601627996871795)
(-1.4097407277492942,1.5851718324750543)
(-1.3970316333090782,1.568881540991249)
(-1.3845027076149645,1.55275617074608)
(-1.372150489210193,1.5367947444577077)
(-1.3599715917141393,1.5209962609100445)
(-1.347962702220229,1.5053596965542224)
(-1.33612057972007,1.4898840070409918)
(-1.3244420535540395,1.4745681286868204)
(-1.3129240218883411,1.4594109798761694)
(-1.3015634502186668,1.4444114624025215)
(-1.290357369900465,1.429568462750509)
(-1.2793028767058068,1.414880853321496)
(-1.2683971294068244,1.4003474936048226)
(-1.2576373483856162,1.3859672312968718)
(-1.2470208142705406,1.3717389033700658)
(-1.236544866598729,1.3576613370937598)
(-1.2262069025046656,1.3437333510090168)
(-1.2160043754346048,1.3299537558590913)
(-1.2059347938866276,1.316321355477454)
(-1.1959957201760347,1.3028349476350507)
(-1.1861847692258387,1.2894933248484792)
(-1.176499607382007,1.2762952751506467)
(-1.1669379512531906,1.2632395828254488)
(-1.1574975665745755,1.2503250291079084)
(-1.1481762670955387,1.237550392851172)
(-1.138971913490779,1.2249144511616892)
(-1.1298824122945819,1.2124159800038667)
(-1.1209057148578867,1.2000537547754158)
(-1.1120398163278171,1.1878265508545842)
(-1.103282754649392,1.1757331441203867)
(-1.0946326096374321,1.1637723114389524)
(-1.0860875018286065,1.1519428311806215)
(-1.0776455918298256,1.140243483571257)
(-1.0693050792259289,1.1286730511921792)
(-1.0610642017290766,1.1172303193597772)
(-1.0529212343060463,1.1059140765061017)
(-1.0448744883251582,1.094723114539472)
(-1.0369223107224588,1.0836562291858993)
(-1.0290630831867986,1.0727122203121666)
(-1.0212952213634503,1.0618898922313131)
(-1.013617174075903,1.0511880539912706)
(-1.0060274225654664,1.0406055196473722)
(-0.9985244797483498,1.0301411085194092)
(-0.9911068894898566,1.0197936454338887)
(-0.9837732258953248,1.009561960952139)
(-0.9765220926175211,0.9994448915848531)
(-0.9693521221800823,0.9894412799936466)
(-0.9622619753167292,0.9795499751802162)
(-0.9552503403258743,0.969769832663597)
(-0.9483159324403242,0.9600997146460549)
(-0.9414574932117404,0.9505384901681051)
(-0.9346737899095409,0.9410850352531273)
(-0.9279636149339339,0.931738233042023)
(-0.9213257852427666,0.9224969739183723)
(-0.9147591417918922,0.9133601556244758)
(-0.9082625489887529,0.9043266833687248)
(-0.9018348941588776,0.8953954699246407)
(-0.8954750870250175,0.8865654357219853)
(-0.8891820591986251,0.8778355089302838)
(-0.8829547636833971,0.8692046255350964)
(-0.8767921743906214,0.8606717294073729)
(-0.8706932856660274,0.8522357723661997)
(-0.8646571118279176,0.843895714235237)
(-0.8586826867162803,0.8356505228931341)
(-0.8527690632526594,0.8274991743182074)
(-0.8469153130105096,0.8194406526276291)
(-0.8411205257958153,0.8114739501113968)
(-0.8353838092377013,0.8035980672613154)
(-0.8297042883888477,0.795812012795236)
(-0.8240811053354213,0.788114803676761)
(-0.8185134188163525,0.7805054651306446)
(-0.8130004038517,0.7729830306540816)
(-0.8075412513799031,0.7655465420240976)
(-0.8021351679037114,0.7581950493012048)
(-0.7967813751445769,0.7509276108295371)
(-0.7914791097053128,0.7437432932336046)
(-0.7862276227408184,0.7366411714118608)
(-0.7810261796366768,0.729620328527226)
(-0.7758740596954368,0.7226798559947267)
(-0.7707705558303892,0.7158188534663952)
(-0.7657149742666709,0.7090364288135705)
(-0.7607066342494948,0.7023316981067311)
(-0.755744867759357,0.6957037855930002)
(-0.750829019234039,0.6891518236714279)
(-0.7459584452972451,0.6826749528661871)
(-0.7411325144937038,0.676272321797783)
(-0.7363506070305946,0.669943087152391)
(-0.731612114525123,0.6636864136494313)
(-0.7269164397581148,0.6575014740074577)
(-0.7222629964334641,0.6513874489084918)
(-0.717651208943309,0.6453435269608554)
(-0.7130805121387765,0.6393689046606186)
(-0.7085503511061796,0.6334627863517275)
(-0.7040601809485175,0.627624384184902)
(-0.6996094665721496,0.6218529180753716)
(-0.6951976824785376,0.6161476156595377)
(-0.6908243125608893,0.610507712250642)
(-0.6864888499056335,0.604932450793337)
(-0.6821907965985735,0.5994210818176845)
(-0.6779296635355972,0.5939728633920295)
(-0.6737049702378678,0.5885870610752519)
(-0.6695162446713546,0.5832629478682919)
(-0.6653630230706011,0.5779998041650215)
(-0.6612448497666407,0.5727969177025078)
(-0.6571612770189287,0.5676535835107274)
(-0.6531118648512365,0.5625691038617815)
(-0.6490961808913467,0.5575427882186317)
(-0.6451138002145251,0.5525739531834373)
(-0.641164305190616,0.5476619224454945)
(-0.6372472853347088,0.5428060267288543)
(-0.6333623371612725,0.5380056037396195)
(-0.6295090640416715,0.5332599981129854)
(-0.6256870760649875,0.5285685613600399)
(-0.6218959899020589,0.5239306518143662)
(-0.6181354286726535,0.5193456345784652)
(-0.6144050218157171,0.5148128814700423)
(-0.6107044049625918,0.5103317709681736)
(-0.6070332198131635,0.5059016881593861)
(-0.6033911140148432,0.5015220246836708)
(-0.5997777410443194,0.49719217868046184)
(-0.5961927600920142,0.49291155473459114)
(-0.5926358359491838,0.48867956382225675)
(-0.5891066388975742,0.4844956232570108)
(-0.585604844601613,0.4803591566357991)
(-0.5821301340030133,0.47626959378506406)
(-0.5786821932177972,0.472226370706931)
(-0.575260713435623,0.4682289295254982)
(-0.5718653908213934,0.46427671843324164)
(-0.5684959264190725,0.4603691916375544)
(-0.5651520260576675,0.45650580930743107)
(-0.561833400259301,0.45268603752031794)
(-0.5585397641493518,0.448909348209132)
(-0.5552708373685861,0.44517521910946956)
(-0.5520263439872408,0.4414831337070097)
(-0.5488060124210169,0.4378325811851261)
(-0.5456095753489157,0.4342230563727172)
(-0.5424367696329012,0.43065405969225967)
(-0.5392873362393141,0.4271250971081015)
(-0.5361610201620168,0.4236356800749911)
(-0.5330575703472169,0.4201853254868658)
(-0.529976739619933,0.41677355562589)
(-0.5269182846120579,0.41339989811176026)
(-0.5238819656919868,0.4100638858512811)
(-0.5208675468957787,0.40676505698822224)
(-0.5178747958597921,0.4035029548534472)
(-0.514903483754792,0.4002771279153475)
(-0.5119533852214644,0.39708712973055643)
(-0.5090242783073298,0.3939325188949736)
(-0.5061159444049945,0.3908128589950897)
(-0.5032281681917411,0.38772771855962757)
(-0.5003607375703846,0.38467667101149117)
(-0.4975134436114134,0.3816592946200448)
(-0.4946860804963362,0.3786751724537075)
(-0.4918784454622257,0.37572389233288594)
(-0.48909033874744157,0.3728050467832278)
(-0.48632156353846967,0.3699182329892171)
(-0.4835719259178853,0.36706305274810613)
(-0.4808412348133835,0.3642391124241782)
(-0.4781293019478642,0.3614460229033528)
(-0.4754359417905421,0.3586833995481337)
(-0.47276097150905777,0.355950862152888)
(-0.47010421092254673,0.35324803489946865)
(-0.46746548245569136,0.350574546313167)
(-0.4648446110936622,0.3479300292190122)
(-0.46224142433799936,0.3453141206983934)
(-0.4596557521633622,0.34272646204602064)
(-0.45708742697515176,0.3401666987272214)
(-0.4545362835679915,0.33763448033555676)
(-0.4520021590850245,0.3351294605507838)
(-0.449484892978044,0.33265129709713775)
(-0.4469843269684227,0.33019965170195115)
(-0.4445003050088074,0.3277741900546068)
(-0.44203267324561274,0.3253745817658217)
(-0.43958127998224644,0.3230005003272768)
(-0.43714597564307395,0.3206516230715772)
(-0.4347266127381114,0.31832763113255697)
(-0.4323230458284121,0.3160282094059377)
(-0.4299351314921405,0.31375304651031977)
(-0.4275627282913117,0.3115018347485367)
(-0.4252056967391737,0.30927427006935004)
(-0.4228638992682267,0.30707005202949633)
(-0.4205372001988312,0.30488888375608764)
(-0.4182254657084227,0.30273047190935004)
(-0.4159285638012842,0.30059452664571584)
(-0.4136463642788696,0.2984807615812439)
(-0.41137873871067376,0.2963888937553815)
(-0.409125560405608,0.2943186435950465)
(-0.40688670438388974,0.2922697348790289)
(-0.40466204734942385,0.2902418947027078)
(-0.40245146766268247,0.2882348534430646)
(-0.4002548453140434,0.2862483447240015)
(-0.39807206189762406,0.28428210538194204)
(-0.39590300058557715,0.28233587543172245)
(-0.3937475461028592,0.2804093980327644)
(-0.39160558470246754,0.278502419455528)
(-0.3894770041411446,0.27661468904824765)
(-0.3873616936555535,0.2747459592039534)
(-0.3852595439390389,0.2728959853279545)
(-0.38317044711817244,0.27106452580477075)
(-0.3810942967311929,0.2692513419670118)
(-0.3790309877053757,0.2674561980629832)
(-0.3769804163356309,0.2656788612253779)
(-0.3749424802633433,0.2639191014401445)
(-0.3729170784556279,0.2621766915156916)
(-0.3709041111849498,0.2604514070524347)
(-0.3689034800091135,0.258743026412679)
(-0.36691508775157694,0.25705133069084535)
(-0.36493883848208625,0.255376103684025)
(-0.362974637497588,0.253717131862863)
(-0.36102239130341873,0.25207420434275263)
(-0.3590820075947353,0.2504471128553279)
(-0.35715339523819356,0.24883565172023292)
(-0.35523646425384797,0.2472396178171504)
(-0.35333112579728276,0.24565881055807634)
(-0.3514372921419779,0.24409303185980544)
(-0.3495548766619014,0.24254208611662645)
(-0.34768379381437486,0.24100578017320357)
(-0.34582395912318703,0.23948392329764)
(-0.34397528916202147,0.23797632715471612)
(-0.34213770153817796,0.2364828057793023)
(-0.34031111487664156,0.23500317554995662)
(-0.3384954488044945,0.23353725516272814)
(-0.3366906239357001,0.23208486560516844)
(-0.3348965618562462,0.23064583013058812)
(-0.33311318510967824,0.22921997423258375)
(-0.33134041718297763,0.2278071256198545)
(-0.32957818249278936,0.22640711419134676)
(-0.3278264063719648,0.22501977201173873)
(-0.32608501505639303,0.22364493328729482)
(-0.3243539356720479,0.22228243434209047)
(-0.32263309622225717,0.22093211359461945)
(-0.3209224249870105,0.2195938112889823)
(-0.3192218529348234,0.21826737032329355)
(-0.31753131000639157,0.2169526351649114)
(-0.3158507275844538,0.2156494523924526)
(-0.3141800378638167,0.21435767056604843)
(-0.31251917383920835,0.21307714020512)
(-0.3108680692933332,0.21180771376636048)
(-0.3092266587850853,0.21054924562194405)
(-0.307594877637974,0.20930159203795556)
(-0.30597266192869876,0.2080646111530368)
(-0.3043599484759148,0.20683816295724522)
(-0.3027566748291615,0.2056221092711338)
(-0.30116277925796675,0.20441631372503455)
(-0.29957820074110314,0.20322064173855797)
(-0.2980028789560211,0.2020349605002996)
(-0.2964367542684286,0.2008591389477445)
(-0.29487976772203495,0.19969304774739313)
(-0.2933318610284384,0.19853655927507025)
(-0.2917929765571777,0.19738954759645203)
(-0.29026305732592267,0.19625188844777686)
(-0.28874204699081124,0.19512345921676444)
(-0.28722988983692505,0.19400413892372348)
(-0.28572653076892074,0.19289380820285412)
(-0.28423191530178027,0.1917923492837461)
(-0.2827459895517112,0.19069964597306036)
(-0.28126870022717076,0.18961558363640177)
(-0.27979999462002747,0.188540049180379)
(-0.2783398205968472,0.18747293103485047)
(-0.27688812659030876,0.18641411913534175)
(-0.2754448615907498,0.18536350490566816)
(-0.2740099751378153,0.18432098124070587)
(-0.2725834173122523,0.18328644248936876)
(-0.27116513872780224,0.182259784437741)
(-0.26975509052322866,0.1812409042923984)
(-0.26835322435444064,0.18022970066389105)
(-0.2669594923867426,0.17922607355040823)
(-0.26557384728719,0.17822992432160187)
(-0.2641962422170603,0.17724115570258797)
(-0.26282663082441565,0.17625967175810353)
(-0.2614649672367939,0.1752853778768447)
(-0.26011120605398635,0.17431818075594172)
(-0.2587653023409245,0.17335798838562902)
(-0.2574272116206703,0.17240471003404215)
(-0.2560968898675026,0.17145825623220254)
(-0.2547742935000998,0.1705185387591334)
(-0.2534593793748233,0.1695854706271519)
(-0.2521521047790922,0.16865896606730155)
(-0.2508524274248575,0.1677389405149439)
(-0.24956030544215818,0.16682531059550026)
(-0.24827569737277785,0.16591799411034025)
(-0.2469985621639904,0.1650169100228221)
(-0.24572885916238174,0.16412197844447676)
(-0.244466548107775,0.1632331206213383)
(-0.24321158912722698,0.16235025892041782)
(-0.2419639427291233,0.16147331681632157)
(-0.24072356979733744,0.16060221887800577)
(-0.23949043158549385,0.1597368907556769)
(-0.23826448971128966,0.15887725916782447)
(-0.23704570615091985,0.1580232518883952)
(-0.23583404323355073,0.15717479773409837)
(-0.23462946363590306,0.15633182655185224)
(-0.23343193037688742,0.15549426920635281)
(-0.23224140681232486,0.1546620575677879)
(-0.2310578566297407,0.15383512449966502)
(-0.22988124384322808,0.15301340384678447)
(-0.22871153278838904,0.15219683042333074)
(-0.22754868811734089,0.15138534000108692)
(-0.22639267479379585,0.15057886929779227)
(-0.2252434580882078,0.1497773559655941)
(-0.22410100357299104,0.14898073857965524)
(-0.22296527711779973,0.1481889566268546)
(-0.2218362448848809,0.14740195049463292)
(-0.2207138733244861,0.1466196614599318)
(-0.21959812917035182,0.14584203167827506)
(-0.21848897943524595,0.1450690041729469)
(-0.21738639140656335,0.14430052282430178)
(-0.21629033264200712,0.14353653235917507)
(-0.21520077096530368,0.14277697834041775)
(-0.2141176744620072,0.14202180715653465)
(-0.21304101147532822,0.14127096601143832)
(-0.21197075060206313,0.14052440291431478)
(-0.21090686068854017,0.13978206666958892)
(-0.20984931082665365,0.1390439068670083)
(-0.20879807034994152,0.1383098738718281)
(-0.2077531088297129,0.13757991881510107)
(-0.20671439607124584,0.1368539935840703)
(-0.205681902110029,0.13613205081267357)
(-0.20465559720805662,0.13541404387213812)
(-0.20363545185018359,0.13469992686168827)
(-0.20262143674052593,0.1339896545993427)
(-0.20161352279891243,0.13328318261281893)
(-0.2006116811573972,0.13258046713052987)
(-0.19961588315680928,0.13188146507268525)
(-0.19862610034336123,0.13118613404248136)
(-0.19764230446530082,0.13049443231738844)
(-0.19666446746961863,0.1298063188405335)
(-0.19569256149879274,0.1291217532121783)
(-0.19472655888759297,0.12844069568128239)
(-0.1937664321599211,0.1277631071371671)
(-0.19281215402570548,0.12708894910126012)
(-0.1918636973778305,0.12641818371893956)
(-0.1909210352891257,0.125750773751458)
(-0.18998414100938754,0.12508668256795938)
(-0.1890529879624493,0.12442587413757705)
(-0.18812754974329157,0.12376831302162927)
(-0.18720780011520383,0.12311396436588512)
(-0.1862937130069732,0.12246279389292049)
(-0.18538526251013557,0.12181476789456727)
(-0.1844824228762427,0.12116985322442338)
(-0.18358516851419662,0.12052801729046793)
(-0.1826934739876025,0.11988922804773632)
(-0.181807314012172,0.11925345399109255)
(-0.18092666345317077,0.11862066414806638)
(-0.180051497322885,0.11799082807177995)
(-0.17918179077815002,0.11736391583394294)
(-0.17831751911790225,0.11673989801792935)
(-0.17745865778077205,0.11611874571193254)
(-0.17660518234271427,0.11550043050218307)
(-0.17575706851467396,0.11488492446625839)
(-0.1749142921402901,0.11427220016644983)
(-0.17407682919363357,0.1136622306432162)
(-0.17324465577697948,0.11305498940869373)
(-0.1724177481186177,0.11245045044029478)
(-0.17159608257069064,0.11184858817436077)
(-0.1707796356070778,0.11124937749989791)
(-0.16996838382129942,0.11065279375237375)
(-0.16916230392445902,0.1100588127075818)
(-0.16836137274322555,0.10946741057557886)
(-0.1675655672178375,0.10887856399468944)
(-0.16677486440014333,0.10829225002556779)
(-0.16598924145167276,0.10770844614533305)
(-0.16520867564174735,0.10712713024177102)
(-0.16443314434559875,0.10654828060759121)
(-0.16366262504255405,0.1059718759347542)
(-0.16289709531421123,0.10539789530886005)
(-0.16213653284267696,0.10482631820359864)
(-0.16138091540881166,0.1042571244752635)
(-0.16063022089051898,0.10369029435731864)
(-0.15988442726105484,0.10312580845503876)
(-0.15914351258736192,0.10256364774019536)
(-0.15840745502845305,0.10200379354581281)
(-0.15767623283378482,0.10144622756097313)
(-0.15694982434170252,0.10089093182569009)
(-0.1562282079778738,0.1003378887258266)
(-0.15551136225377718,0.09978708098808049)
(-0.15479926576519462,0.099238491675017)
(-0.15409189719075336,0.09869210418016691)
(-0.1533892352904658,0.09814790222316765)
(-0.15269125890432741,0.09760586984496819)
(-0.1519979469509039,0.09706599140307896)
(-0.15130927842598008,0.09652825156688866)
(-0.1506252324011991,0.09599263531301472)
(-0.14994578802275405,0.09545912792071849)
(-0.14927092451008211,0.09492771496737185)
(-0.14860062115459927,0.0943983823239705)
(-0.14793485731844486,0.09387111615069402)
(-0.14727361243325726,0.0933459028925269)
(-0.14661686599897347,0.09282272927491828)
(-0.1459645975826397,0.0923015822994958)
(-0.1453167868172619,0.09178244923982479)
(-0.14467341340066472,0.09126531763721914)
(-0.14403445709437662,0.09075017529659622)
(-0.1433998977225361,0.09023701028237972)
(-0.14276971517081966,0.08972581091444573)
(-0.14214388938539307,0.08921656576412061)
(-0.14152240037187636,0.08870926365022005)
(-0.1409052281943352,0.08820389363513143)
(-0.14029235297429427,0.08770044502094662)
(-0.13968375488976392,0.08719890734562936)
(-0.13907941417428998,0.08669927037923966)
(-0.138479311116024,0.08620152412018331)
(-0.1378834260568118,0.0857056587915225)
(-0.13729173939130038,0.08521166483731443)
(-0.13670423156606218,0.08471953291899825)
(-0.13612088307874745,0.08422925391182089)
(-0.135541674477238,0.0837408189013066)
(-0.13496658635883313,0.08325421917976161)
(-0.134395599369446,0.08276944624282687)
(-0.133828694202825,0.08228649178605821)
(-0.13326585159978377,0.08180534770156175)
(-0.13270705234745356,0.0813260060746498)
(-0.1321522772785482,0.08084845918055111)
(-0.13160150727065625,0.08037269948114807)
(-0.13105472324553755,0.0798987196217536)
(-0.1305119061684382,0.07942651242793819)
(-0.12997303704743252,0.07895607090236526)
(-0.12943809693276595,0.07848738822169475)
(-0.1289070669162246,0.07802045773350343)
(-0.12837992813051177,0.07755527295324012)
(-0.12785666174865162,0.07709182756122752)
(-0.1273372489833935,0.07663011539969267)
(-0.1268216710866432,0.07617013046982779)
(-0.1263099093488997,0.075711866928893)
(-0.12580194509871687,0.07525531908734757)
(-0.12529775970216925,0.07480048140601576)
(-0.12479733456233748,0.0743473484932908)
(-0.12430065111880315,0.07389591510235986)
(-0.12380769084717064,0.07344617612847537)
(-0.12331843525857918,0.0729981266062475)
(-0.12283286589925531,0.07255176170697414)
(-0.12235096435005485,0.07210707673600009)
(-0.12187271222603425,0.07166406713010985)
(-0.12139809117602589,0.07122272845494731)
(-0.1209270828822322,0.07078305640246793)
(-0.12045966905982737,0.07034504678842303)
(-0.1199958314565714,0.0699086955498698)
(-0.11953555185244327,0.06947399874271512)
(-0.11907881205927508,0.06904095253928536)
(-0.11862559392041429,0.06860955322592333)
(-0.11817587931037543,0.0681797972006231)
(-0.11772965013452229,0.06775168097068246)
(-0.11728688832875701,0.0673252011503888)
(-0.11684757585921243,0.06690035445872983)
(-0.11641169472196652,0.0664771377171402)
(-0.11597922694276036,0.06605554784725756)
(-0.11555015457672699,0.06563558186872974)
(-0.11512445970813993,0.06521723689702599)
(-0.1147021244501571,0.06480051014128775)
(-0.11428313094458904,0.06438539890220507)
(-0.11386746136167107,0.06397190056990863)
(-0.11345509789984297,0.06356001262190086)
(-0.1130460227855455,0.06314973262100634)
(-0.112640218273021,0.06274105821334054)
(-0.11223766664412534,0.06233398712631594)
(-0.11183835020814918,0.061928517166665344)
(-0.11144225130165063,0.06152464621848977)
(-0.1110493522882956,0.06112237224133314)
(-0.11065963555870398,0.06072169326827531)
(-0.11027308353031073,0.06032260740405766)
(-0.1098896786472315,0.05992511282322429)
(-0.10950940338013795,0.05952920776829014)
(-0.1091322402261474,0.05913489054792715)
(-0.10875817170870118,0.05874215953518261)
(-0.10838718037748542,0.05835101316570863)
(-0.10801924880832323,0.05796144993602431)
(-0.10765435960310063,0.057573468401790694)
(-0.10729249538968953,0.05718706717611409)
(-0.10693363882187949,0.056802244927864336)
(-0.10657777257931923,0.05641900038002967)
(-0.10622487936746355,0.05603733230806692)
(-0.10587494191753206,0.055657239538301886)
(-0.10552794298646645,0.05527872094631991)
(-0.10518386535690545,0.05490177545541085)
(-0.10484269183715862,0.05452640203500091)
(-0.10450440526119095,0.054152599699131596)
(-0.10416898848861786,0.05378036750493875)
(-0.1038364244046952,0.05340970455116528)
(-0.10350669592032657,0.05304060997668685)
(-0.10317978597207908,0.0526730829590561)
(-0.10285567752219144,0.0523071227130676)
(-0.10253435355860632,0.05194272848934637)
(-0.10221579709499169,0.051579899572944295)
(-0.10189999117078187,0.05121863528196736)
(-0.10158691885121911,0.05085893496621219)
(-0.10127656322739564,0.05050079800582309)
(-0.10096890741631381,0.050144223809976726)
(-0.10066393456094178,0.04978921181555967)
(-0.10036162783027854,0.04943576148589896)
(-0.10006197041942115,0.04908387230947862)
(-0.09976494554964373,0.048733543798692915)
(-0.09947053646847931,0.04838477548860184)
(-0.0991787264497991,0.048037566935724495)
(-0.09888949879390972,0.04769191771682332)
(-0.09860283682764588,0.047347827427730825)
(-0.09831872390447223,0.04700529568217105)
(-0.09803714340458712,0.04666432211061211)
(-0.0977580787350344,0.046324906359125305)
(-0.09748151332982166,0.04598704808827449)
(-0.09720743065003047,0.04565074697199748)
(-0.09693581418394727,0.0453160026965279)
(-0.09666664744719161,0.04498281495931841)
(-0.09639991398284566,0.04465118346798312)
(-0.09613559736158886,0.04432110793925429)
(-0.09587368118184593,0.04399258809795903)
(-0.09561414906992276,0.043665623676000784)
(-0.09535698468016376,0.043340214411370974)
(-0.09510217169509394,0.043016360047156046)
(-0.09484969382558553,0.04269406033057678)
(-0.09459953481100848,0.04237331501203392)
(-0.09435167841940127,0.04205412384416315)
(-0.09410610844763258,0.041736486580921904)
(-0.09386280872157357,0.04142040297666682)
(-0.09362176309627185,0.04110587278526081)
(-0.09338295545612942,0.04079289575919342)
(-0.09314636971507755,0.04048147164870449)
(-0.09291198981676625,0.04017160020093653)
(-0.09267979973474462,0.0398632811590843)
(-0.09244978347265798,0.03955651426156767)
(-0.09222192506443143,0.03925129924122038)
(-0.09199620857446594,0.03894763582447979)
(-0.09177261809784744,0.03864552373060078)
(-0.09155113776052348,0.03834496267088005)
(-0.09133175171953442,0.03804595234788566)
(-0.09111444416319682,0.037748492454707815)
(-0.09089919931132157,0.03745258267422325)
(-0.09068600141542142,0.037158222678358326)
(-0.09047483475892175,0.0368654121273847)
(-0.09026568365738451,0.0365741506692086)
(-0.09005853245870894,0.036284437938680705)
(-0.0898533655433673,0.03599627355691987)
(-0.08965016732461262,0.03570965713064552)
(-0.08944892224871248,0.03542458825151337)
(-0.08924961479516734,0.03514106649548766)
(-0.08905222947693833,0.03485909142219014)
(-0.0888567508406792,0.034578662574290694)
(-0.08866316346696584,0.034299779476894554)
(-0.0884714519705214,0.03402244163693673)
(-0.08828160100046063,0.03374664854260484)
(-0.0880935952405182,0.03347239966275121)
(-0.08790741940929017,0.03319969444633381)
(-0.08772305826046542,0.03292853232185562)
(-0.08754049658307018,0.03265891269682328)
(-0.08735971920171261,0.03239083495720987)
(-0.08718071097681496,0.03212429846693174)
(-0.08700345680486232,0.03185930256733679)
(-0.08682794161865086,0.03159584657669471)
(-0.08665415038752267,0.03133392978971268)
(-0.08648206811762711,0.031073551477040877)
(-0.08631167985215409,0.030814710884811098)
(-0.08614297067159263,0.03055740723416019)
(-0.08597592569397398,0.03030163972078979)
(-0.08581053007512257,0.03004740751451001)
(-0.08564676900891316,0.029794709758814875)
(-0.08548462772751247,0.029543545570447007)
(-0.08532409150164062,0.029293914038994208)
(-0.08516514564081451,0.029045814226470873)
(-0.08500777549361653,0.028799245166928396)
(-0.08485196644792671,0.028554205866069788)
(-0.08469770393119883,0.028310695300858262)
(-0.08454497341069961,0.0280687124191598)
(-0.08439376039377541,0.027828256139382865)
(-0.08424405042809327,0.027589325350112534)
(-0.08409582910191271,0.02735191890978105)
(-0.08394908204433117,0.02711603564632928)
(-0.08380379492554671,0.026881674356875367)
(-0.08365995345710706,0.02664883380740582)
(-0.08351754339217188,0.026417512732458435)
(-0.08337655052576382,0.026187709834824744)
(-0.08323696069503692,0.025959423785258336)
(-0.0830987597795096,0.025732653222192613)
(-0.08296193370135073,0.025507396751456666)
(-0.0828264684256103,0.025283652946014167)
(-0.08269234996048777,0.02506142034570245)
(-0.08255956435758914,0.02484069745697368)
(-0.08242809771217334,0.0246214827526612)
(-0.08229793616341521,0.024403774671734196)
(-0.08216906589465944,0.024187571619072257)
(-0.0820414731336695,0.02397287196524141)
(-0.081915144152886,0.023759674046281844)
(-0.08179006526968222,0.023547976163505277)
(-0.08166622284661154,0.023337776583284522)
(-0.08154360329166364,0.023129073536877227)
(-0.08142219305851708,0.02292186522022532)
(-0.08130197864678428,0.022716149793794722)
(-0.0811829466022718,0.022511925382386506)
(-0.08106508351722329,0.02230919007499129)
(-0.08094837603056847,0.022107941924618152)
(-0.08083281082817495,0.02190817894816109)
(-0.080718374643096,0.02170989912623876)
(-0.08060505425581495,0.021513100403073134)
(-0.08049283649448997,0.021317780686353812)
(-0.0803817082352058,0.021123937847118236)
(-0.08027165640220765,0.020931569719636223)
(-0.0801626679681536,0.020740674101297513)
(-0.08005472995434787,0.0205512487525168)
(-0.07994782943099434,0.02036329139662548)
(-0.07984195351742404,0.020176799719793078)
(-0.07973708938233676,0.01999177137093932)
(-0.07963322424404828,0.01980820396165631)
(-0.07953034537071424,0.019626095066136644)
(-0.07942844008057355,0.019445442221112018)
(-0.079327495742178,0.019266242925788896)
(-0.0792274997746282,0.019088494641802796)
(-0.07912843964780643,0.018912194793159812)
(-0.079030302882601,0.018737340766209414)
(-0.07893307705114369,0.01856392990959667)
(-0.07883674977702708,0.018391959534241834)
(-0.07874130873554505,0.018221426913310784)
(-0.07864674165389839,0.018052329282196345)
(-0.078553036311437,0.017884663838509184)
(-0.0784601805398701,0.017718427742069557)
(-0.07836816222349093,0.017553618114901533)
(-0.07827696929939496,0.017390232041244038)
(-0.0781865897576946,0.017228266567551272)
(-0.07809701164174088,0.017067718702517075)
(-0.07800822304833128,0.016908585417082372)
(-0.07792021212792466,0.016750863644470804)
(-0.07783296708485386,0.016594550280213588)
(-0.07774647617753325,0.01643964218218167)
(-0.07766072771866372,0.016286136170632636)
(-0.07757571007543985,0.01613402902825106)
(-0.07749141166975962,0.015983317500201922)
(-0.07740782097841459,0.01583399829417811)
(-0.0773249265333024,0.015686068080470142)
(-0.07724271692161874,0.015539523492022625)
(-0.0771611807860528,0.015394361124505918)
(-0.0770803068249878,0.015250577536392267)
(-0.07700008379268931,0.015108169249029411)
(-0.07692050049949731,0.014967132746731122)
(-0.07684154581201202,0.014827464476855309)
(-0.07676320865329263,0.014689160849904107)
(-0.07668547800302522,0.014552218239613427)
(-0.07660834289772424,0.014416632983062583)
(-0.07653179243089384,0.014282401380767841)
(-0.07645581575322785,0.014149519696803786)
(-0.07638040207277197,0.014017984158907908)
(-0.07630554065510034,0.013887790958604746)
(-0.07623122082349476,0.013758936251321843)
(-0.07615743195911591,0.01363141615652275)
(-0.0760841635011621,0.013505226757829142)
(-0.07601140494704497,0.01338036410316255)
(-0.0759391458525521,0.013256824204879123)
(-0.07586737583200487,0.013134603039905653)
(-0.075796084558427,0.013013696549900937)
(-0.07572526176369307,0.01289410064138763)
(-0.07565489723869115,0.01277581118591888)
(-0.07558498083347062,0.012658824020225008)
(-0.07551550245739991,0.012543134946384408)
(-0.07544645207930756,0.01242873973198033)
(-0.07537781972763698,0.012315634110271806)
(-0.07530959549058568,0.012203813780366125)
(-0.07524176951624595,0.012093274407391103)
(-0.07517433201274917,0.011984011622678332)
(-0.07510727324840118,0.011876021023935838)
(-0.0750405835518161,0.01176929817544542)
(-0.07497425331204975,0.011663838608243656)
(-0.07490827297873193,0.01155963782031196)
(-0.07484263306219031,0.011456691276777491)
(-0.07477732413358017,0.011354994410109731)
(-0.07471233682500368,0.01125454262032157)
(-0.07464766182963244,0.011155331275167199)
(-0.07458328990182865,0.011057355710366059)
(-0.0745192118572529,0.010960611229794422)
(-0.07445541857298638,0.01086509310571365)
(-0.07439190098763399,0.010770796578975499)
(-0.07432865010144181,0.010677716859252341)
(-0.07426565697639247,0.010585849125251756)
(-0.07420291273631806,0.010495188524945541)
(-0.07414040856699136,0.010405730175793408)
(-0.07407813571623338,0.01031746916497731)
(-0.07401608549400629,0.0102304005496374)
(-0.07395424927250388,0.0101445193571007)
(-0.07389261848624266,0.010059820585124842)
(-0.0738311846321547,0.009976299202138042)
(-0.07376993926966974,0.009893950147484336)
(-0.07370887402079623,0.009812768331661042)
(-0.07364798057020723,0.009732748636587511)
(-0.07358725066531588,0.009653885915832343)
(-0.0735266761163466,0.009576174994885169)
(-0.07346624879641518,0.009499610671400559)
(-0.07340596064159365,0.00942418771546356)
(-0.07334580365098141,0.009349900869847605)
(-0.07328576988676594,0.009276744850279276)
(-0.07322585147428883,0.009204714345693553)
(-0.0731660406021056,0.009133804018517051)
(-0.07310632952203634,0.009064008504924797)
(-0.07304671054923137,0.008995322415114419)
(-0.07298717606221056,0.008927740333580906)
(-0.07292771850292368,0.008861256819392368)
(-0.07286833037678889,0.008795866406465964)
(-0.0728090042527392,0.008731563603843695)
(-0.0727497327632681,0.008668342895984078)
(-0.07269050860445721,0.008606198743026223)
(-0.07263132453602396,0.008545125581100453)
(-0.07257217338134755,0.008485117822588678)
(-0.07251304802749976,0.008426169856433376)
(-0.07245394142527743,0.008368276048414188)
(-0.0723948465892228,0.00831143074144757)
(-0.0723357565976498,0.008255628255870655)
(-0.07227666459266208,0.00820086288975032)
(-0.07221756378016297,0.008147128919169189)
(-0.07215844742988695,0.008094420598524424)
(-0.07209930887539309,0.008042732160831154)
(-0.07204014151408747,0.007992057818021495)
(-0.07198093880721977,0.007942391761249893)
(-0.07192169427989697,0.007893728161188798)
(-0.07186240152106926,0.007846061168343053)
(-0.07180305418354968,0.007799384913354742)
(-0.07174364598399083,0.007753693507307275)
(-0.07168417070288248,0.00770898104203708)
(-0.07162462218456218,0.007665241590440238)
(-0.07156499433714565,0.007622469206794996)
(-0.07150528113258715,0.007580657927063767)
(-0.07144547660661095,0.007539801769208497)
(-0.07138557485870703,0.0074998947335074345)
(-0.07132557005210521,0.007460930802876139)
(-0.07126545641374678,0.007422903943176614)
(-0.07120522823426235,0.0073858081035388075)
(-0.07114487986793472,0.007349637216680982)
(-0.0710844057326698,0.007314385199227444)
(-0.07102380030995199,0.007280045952033275)
(-0.07096305814481586,0.007246613360500375)
(-0.07090217384579361,0.007214081294904145)
(-0.07084114208487695,0.007182443610718511)
(-0.07077995759746705,0.007151694148938789)
(-0.070718615182329,0.00712182673640304)
(-0.07065710970153008,0.007092835186122489)
(-0.07059543608039037,0.007064713297605852)
(-0.07053358930742917,0.0070374548571894525)
(-0.070471564434295,0.007011053638359775)
(-0.07040935657570771,0.006985503402086528)
(-0.07034696090939022,0.006960797897151808)
(-0.07028437267600265,0.006936930860475813)
(-0.07022158717906982,0.0069138960174453)
(-0.07015859978490957,0.006891687082256854)
(-0.07009540592254625,0.006870297758230687)
(-0.07003200108364889,0.006849721738151771)
(-0.06996838082243372,0.006829952704603705)
(-0.06990454075558758,0.006810984330292414)
(-0.06984047656218127,0.00679281027838591)
(-0.06977618398357897,0.006775424202845553)
(-0.0697116588233419,0.0067588197487547345)
(-0.0696468969471399,0.006742990552659458)
(-0.06958189428265435,0.006727930242896617)
(-0.06951664681947183,0.006713632439927187)
(-0.0694511506089861,0.006700090756674981)
(-0.0693854017642946,0.006687298798857521)
(-0.06931939646009068,0.006675250165319954)
(-0.06925313093254926,0.006663938448370146)
(-0.06918660147921518,0.006653357234112967)
(-0.0691198044588969,0.00664350010278619)
(-0.06905273629153796,0.0066343606290879785)
(-0.06898539345809979,0.006625932382525481)
(-0.06891777250044519,0.006618208927731022)
(-0.06884987002120334,0.006611183824810375)
(-0.06878168268365423,0.006604850629669138)
(-0.06871320721158511,0.006599202894353789)
(-0.06864444038916849,0.006594234167377753)
(-0.06857537906082196,0.006589937994056265)
(-0.0685060201310756,0.00658630791684858)
(-0.06843636056442466,0.0065833374756781885)
(-0.06836639738519572,0.0065810202082757525)
(-0.06829612767739394,0.006579349650506313)
(-0.06822554858456371,0.006578319336703291)
(-0.06815465730963302,0.006577922800001604)
(-0.06808345111476244,0.006578153572669052)
(-0.06801192732119687,0.0065790051864340286)
(-0.06794008330910181,0.006580471172821985)
(-0.06786791651740637,0.00658254506347935)
(-0.06779542444364281,0.00658522039051099)
(-0.06772260464378624,0.006588490686806027)
(-0.0676494547320798,0.00659234948636021)
(-0.06757597238087454,0.006596790324619234)
(-0.0675021553204563,0.00660180673878984)
(-0.06742800133886946,0.006607392268180562)
(-0.06735350828174629,0.00661354045452381)
(-0.0672786740521295,0.0066202448422973854)
(-0.06720349661028782,0.006627498979055611)
(-0.06712797397353981,0.006635296415750226)
(-0.06705210421606707,0.006643630707061839)
(-0.0669758854687249,0.006652495411711375)
(-0.06689931591885802,0.00666188409279434)
(-0.06682239381011185,0.006671790318092747)
(-0.06674511744222668,0.0066822076604046675)
(-0.06666748517086392,0.006693129697859079)
(-0.06658949540738571,0.0067045500142359216)
(-0.06651114661867144,0.006716462199287894)
(-0.06643243732691456,0.006728859849053524)
(-0.06635336610940636,0.0067417365661773835)
(-0.06627393159834605,0.006755085960225509)
(-0.06619413248062471,0.0067689016479975635)
(-0.06611396749761499,0.006783177253847604)
(-0.06603343544495995,0.00679790640998563)
(-0.06595253517236348,0.00681308275679961)
(-0.06587126558336555,0.0068286999431659045)
(-0.06578962563512958,0.006844751626755399)
(-0.0657076143382243,0.006861231474340603)
(-0.06562523075639627,0.006878133162111348)
(-0.06554247400634808,0.0068954503759715525)
(-0.06545934325751282,0.006913176811852833)
(-0.0653758377318214,0.0069313061760182815)
(-0.0652919567034844,0.00694983218535959)
(-0.0652076994987479,0.00696874856770653)
(-0.06512306549566055,0.006988049062119763)
(-0.0650380541238472,0.00700772741920403)
(-0.06495266486425995,0.00702777740139052)
(-0.0648668972489498,0.007048192783246437)
(-0.06478075086081377,0.007068967351759082)
(-0.06469422533336162,0.007090094906649779)
(-0.06460732035046511,0.007111569260645783)
(-0.06452003564611375,0.007133384239784367)
(-0.06443237100416117,0.007155533683700066)
(-0.06434432625808481,0.007178011445918417)
(-0.0642559012907248,0.007200811394139515)
(-0.06416709603403391,0.007223927410522081)
(-0.0640779104688223,0.007247353391977785)
(-0.0639883446244974,0.0072710832504466584)
(-0.06389839857881037,0.007295110913182422)
(-0.06380807245758541,0.007319430323032517)
(-0.06371736643447387,0.007344035438721357)
(-0.06362628073067242,0.007368920235122596)
(-0.06353481561466749,0.007394078703539076)
(-0.06344297140197178,0.007419504851976833)
(-0.06335074845484111,0.007445192705417006)
(-0.0632581471820211,0.0074711363060918305)
(-0.06316516803846295,0.007497329713749386)
(-0.0630718115250575,0.007523767005926796)
(-0.06297807818835369,0.007550442278214473)
(-0.06288396862029128,0.007577349644519736)
(-0.06278948345790758,0.007604483237339594)
(-0.062694623383079,0.007631837208011754)
(-0.06259938912222045,0.007659405726980314)
(-0.0625037814460202,0.007687182984055098)
(-0.06240780116913888,0.00771516318866978)
(-0.062311449149938816,0.007743340570130218)
(-0.062214726290194,0.00777170937787849)
(-0.062117633534792834,0.00780026388173861)
(-0.06202017187146098,0.007828998372163309)
(-0.06192234233046606,0.007857907160494778)
(-0.06182414598432473,0.007886984579196381)
(-0.06172558394751402,0.007916224982110876)
(-0.06162665737617073,0.007945622744691131)
(-0.06152736746779828,0.007975172264254886)
(-0.06142771546097422,0.008004867960211126)
(-0.06132770263504174,0.008034704274308998)
(-0.0612273303098246,0.008064675670862852)
(-0.061126599845312095,0.008094776636995005)
(-0.06102551264137028,0.008125001682867289)
(-0.060924070137426914,0.008155345341904733)
(-0.06082227381217761,0.008185802171029067)
(-0.06072012518327493,0.008216366750882203)
(-0.060617625807027856,0.00824703368605812)
(-0.06051477727808611,0.00827779760531259)
(-0.06041158122913729,0.008308653161796005)
(-0.06030803933059831,0.008339595033265134)
(-0.06020415329029977,0.008370617922302748)
(-0.060099924853187825,0.008401716556531777)
(-0.05999535580099097,0.008432885688826953)
(-0.05989044795192539,0.008464120097527894)
(-0.05978520316036951,0.008495414586645796)
(-0.05967962331655222,0.008526763986071524)
(-0.05957371034624462,0.008558163151780191)
(-0.059467466210426416,0.008589606966034264)
(-0.059360892904983364,0.008621090337582678)
(-0.05925399246038255,0.008652608201862288)
(-0.059146766941344346,0.008684155521190883)
(-0.059039218446545715,0.008715727284968482)
(-0.05893134910826888,0.008747318509860817)
(-0.05882316109210677,0.00877892423999702)
(-0.05871465659661725,0.008810539547152888)
(-0.0586058378530211,0.008842159530942603)
(-0.058496707124859645,0.008873779319000321)
(-0.0583872667076807,0.008905394067158392)
(-0.05827751892871051,0.008936998959631778)
(-0.05816746614652533,0.00896858920919845)
(-0.0580571107507287,0.009000160057369639)
(-0.057946455161617075,0.009031706774564732)
(-0.05783550182986552,0.009063224660284069)
(-0.05772425323617936,0.009094709043276708)
(-0.05761271189098455,0.009126155281711859)
(-0.0575008803340798,0.009157558763336786)
(-0.05738876113432612,0.009188914905646488)
(-0.05727635688929819,0.009220219156038052)
(-0.05716367022496161,0.00925146699197496)
(-0.05705070379534164,0.009282653921139625)
(-0.05693746028218777,0.009313775481588248)
(-0.056823942394648844,0.0093448272419044)
(-0.05671015286892234,0.009375804801345474)
(-0.056596094467941345,0.009406703789994525)
(-0.05648176998102799,0.009437519868901652)
(-0.05636718222356773,0.009468248730227193)
(-0.05625233403666418,0.009498886097386165)
(-0.0561372282868166,0.00952942772518341)
(-0.05602186786557457,0.009559869399951341)
(-0.05590625568921026,0.009590206939684523)
(-0.05579039469837764,0.009620436194171127)
(-0.055674287857774,0.009650553045120401)
(-0.05555793815581831,0.009680553406295022)
(-0.055441348604295664,0.00971043322363075)
(-0.05532452223803241,0.009740188475364748)
(-0.05520746211456246,0.009769815172152523)
(-0.055090171313776214,0.00979930935718533)
(-0.05497265293759791,0.00982866710631514)
(-0.05485491010964552,0.009857884528150139)
(-0.054736945974886216,0.009886957764193944)
(-0.054618763699307134,0.009915882988922733)
(-0.054500366469575436,0.009944656409922226)
(-0.05438175749270113,0.00997327426796935)
(-0.05426293999569719,0.010001732837151604)
(-0.05414391722524982,0.010030028424956762)
(-0.05402469244736996,0.010058157372377929)
(-0.053905268947070865,0.010086116053998014)
(-0.05378565002801384,0.010113900878101248)
(-0.053665839012185426,0.01014150828674822)
(-0.05354583923954963,0.010168934755870152)
(-0.05342565406772624,0.010196176795363186)
(-0.053305286871633696,0.010223230949154992)
(-0.053184741043170086,0.010250093795307674)
(-0.053064019990867975,0.010276761946081504)
(-0.05294312713955577,0.01030323204802145)
(-0.05282206593003463,0.01032950078202867)
(-0.052700839818726405,0.010355564863433668)
(-0.05257945227735312,0.010381421042067981)
(-0.05245790679258844,0.010407066102332394)
(-0.05233620686573448,0.01043249686326526)
(-0.05221435601237856,0.010457710178599576)
(-0.05209235776206099,0.010482702936833281)
(-0.05197021565794455,0.010507472061279582)
(-0.05184793325648079,0.010532014510133948)
(-0.05172551412706979,0.01055632727652174)
(-0.05160296185173646,0.010580407388548208)
(-0.05148028002479236,0.010604251909362362)
(-0.0513574722525036,0.010627857937185948)
(-0.05123454215276357,0.01065122260537752)
(-0.051111493354757266,0.010674343082457315)
(-0.050988329498635125,0.010697216572172256)
(-0.05086505423517923,0.010719840313505738)
(-0.05074167122547368,0.010742211580739179)
(-0.05061818414057896,0.010764327683473402)
(-0.050494596661201464,0.010786185966663637)
(-0.050370912477365214,0.01080778381065737)
(-0.050247135288086026,0.010829118631201028)
(-0.05012326880104127,0.010850187879489905)
(-0.04999931673224836,0.010870989042175597)
(-0.049875282805735256,0.010891519641393463)
(-0.04975117075322283,0.010911777234779594)
(-0.04962698431378771,0.010931759415485355)
(-0.04950272723355614,0.010951463812195897)
(-0.049378403265361234,0.010970888089140585)
(-0.04925401616844148,0.010990029946099359)
(-0.04912956970810617,0.011008887118414249)
(-0.049005067655412064,0.011027457376995462)
(-0.04888051378686081,0.01104573852831987)
(-0.04875591188406326,0.011063728414440623)
(-0.04863126573342773,0.011081424912974388)
(-0.04850657912584548,0.01109882593710823)
(-0.048381855856366285,0.011115929435587152)
(-0.048257099723891576,0.011132733392711279)
(-0.04813231453085289,0.01114923582832565)
(-0.04800750408290626,0.011165434797799852)
(-0.047882672188609435,0.011181328392030773)
(-0.047757822659116364,0.011196914737406347)
(-0.04763295930786208,0.011212191995802714)
(-0.04750808595025943,0.011227158364555328)
(-0.04738320640338093,0.011241812076439175)
(-0.04725832448565805,0.011256151399644197)
(-0.047133444016571484,0.011270174637746861)
(-0.04700856881633865,0.011283880129679198)
(-0.046883702705626334,0.011297266249705866)
(-0.04675884950522143,0.011310331407376783)
(-0.04663401303575284,0.011323074047508805)
(-0.04650919711736799,0.011335492650133302)
(-0.046384405569454244,0.011347585730465317)
(-0.046259642210312896,0.011359351838855976)
(-0.046134910856886965,0.01137078956075828)
(-0.04601021532444549,0.011381897516670677)
(-0.0458855594262922,0.011392674362093295)
(-0.04576094697347888,0.011403118787483223)
(-0.04563638177449648,0.011413229518191908)
(-0.04551186763499258,0.01142300531442223)
(-0.045387408357475977,0.011432444971162551)
(-0.04526300774102465,0.011441547318140842)
(-0.04513866958101227,0.01145031121975378)
(-0.04501439766879127,0.011458735575009402)
(-0.04489019579143282,0.01146681931746079)
(-0.04476606773142572,0.011474561415145263)
(-0.044642017266403405,0.011481960870514993)
(-0.044518048168849224,0.01148901672035971)
(-0.044394164205830464,0.01149572803574691)
(-0.04427036913869546,0.011502093921936804)
(-0.04414666672282237,0.011508113518318088)
(-0.04402306070732344,0.011513785998318612)
(-0.043899554834769774,0.011519110569337087)
(-0.04377615284092612,0.011524086472651306)
(-0.043652858454470075,0.011528712983343988)
(-0.0435296753967228,0.011532989410211563)
(-0.04340660738137819,0.011536915095682167)
(-0.0432836581142319,0.011540489415721498)
(-0.04316083129291861,0.01154371177974644)
(-0.04303813060664302,0.011546581630527554)
(-0.042915559735914786,0.01154909844410089)
(-0.04279312235228913,0.011551261729670798)
(-0.04267082211809547,0.011553071029504836)
(-0.04254866268619091,0.01155452591884364)
(-0.04242664769969201,0.011555626005791856)
(-0.04230478079172199,0.011556370931219286)
(-0.0421830655851507,0.011556760368654922)
(-0.04206150569234776,0.01155679402418024)
(-0.04194010471492626,0.01155647163631726)
(-0.04181886624349026,0.011555792975921962)
(-0.041697793857387415,0.011554757846071226)
(-0.041576891124461404,0.011553366081950116)
(-0.041456161600804835,0.011551617550732134)
(-0.04133560883052085,0.011549512151468988)
(-0.04121523634546684,0.011547049814964301)
(-0.041095047665026814,0.011544230503660779)
(-0.040975046295871544,0.011541054211508413)
(-0.04085523573170724,0.011537520963850708)
(-0.04073561945305258,0.011533630817294046)
(-0.040616200926997324,0.011529383859579068)
(-0.04049698360698109,0.011524780209456768)
(-0.040377970932542924,0.011519820016556138)
(-0.04025916632910636,0.01151450346124751)
(-0.04014057320774538,0.011508830754521051)
(-0.040022194964967873,0.011502802137833846)
(-0.039904034982476015,0.011496417882997233)
(-0.03978609662695854,0.011489678292015772)
(-0.03966838324986213,0.011482583696959392)
(-0.03955089818717174,0.011475134459821758)
(-0.03943364475919844,0.011467330972376497)
(-0.039316626270360436,0.011459173656031139)
(-0.03919984600897418,0.01145066296168347)
(-0.039083307247031254,0.011441799369577899)
(-0.03896701324000722,0.011432583389149828)
(-0.038850967226633094,0.011423015558882421)
(-0.03873517242870235,0.011413096446146928)
(-0.038619632050862975,0.011402826647067951)
(-0.03850434928041121,0.011392206786343206)
(-0.03838932728709955,0.011381237517110886)
(-0.038274569222927664,0.011369919520779679)
(-0.038160078221950784,0.011358253506880195)
(-0.03804585740008267,0.01134624021289358)
(-0.037931909854906194,0.011333880404103809)
(-0.037818238665479,0.011321174873422183)
(-0.03770484689213731,0.011308124441241983)
(-0.03759173757631938,0.011294729955248675)
(-0.03747891374037685,0.011280992290278624)
(-0.037366378387387295,0.011266912348137776)
(-0.037254134500973035,0.011252491057438797)
(-0.03714218504512263,0.011237729373424397)
(-0.037030532964011924,0.011222628277807565)
(-0.03691918118183054,0.011207188778589844)
(-0.036808132602604356,0.011191411909889742)
(-0.03669739011002295,0.011175298731775661)
(-0.036586956567270276,0.011158850330080225)
(-0.0364768348168592,0.011142067816229232)
(-0.036367027680461295,0.011124952327061503)
(-0.036257537958743674,0.011107505024655025)
(-0.03614836843120591,0.011089727096138024)
(-0.03603952185601983,0.011071619753514877)
(-0.03593100096987441,0.011053184233479126)
(-0.0358228084878122,0.011034421797237882)
(-0.035714947103078785,0.011015333730317527)
(-0.035607419486977175,0.010995921342384082)
(-0.035500228288698914,0.010976185967054722)
(-0.03539337613519694,0.01095612896171286)
(-0.03528686563102396,0.010935751707319438)
(-0.03518069935819471,0.010915055608220021)
(-0.035074879876039786,0.010894042091956614)
(-0.03496940972107145,0.010872712609079958)
(-0.0348642914068377,0.010851068632950444)
(-0.03475952742378951,0.010829111659551048)
(-0.03465512023914422,0.010806843207287038)
(-0.034551072296760056,0.010784264816800691)
(-0.0344473860169951,0.010761378050767734)
(-0.034344063796589254,0.010738184493701002)
(-0.03424110800852983,0.010714685751755073)
(-0.03413852100193164,0.010690883452530619)
(-0.03403630510191551,0.010666779244870446)
(-0.03393446260948429,0.010642374798662736)
(-0.0338329958014113,0.010617671804637817)
(-0.03373190693011523,0.01059267197416993)
(-0.033631198223552365,0.010567377039074519)
(-0.0335308718851052,0.010541788751401835)
(-0.03343093009347101,0.010515908883235815)
(-0.033331375002552066,0.010489739226493763)
(-0.0332322087413517,0.010463281592713123)
(-0.0331334334138738,0.010436537812853787)
(-0.03303505109901229,0.010409509737083943)
(-0.032937063850464215,0.010382199234582085)
(-0.032839473696619,0.010354608193317938)
(-0.03274228264047408,0.010326738519861248)
(-0.032645492659533815,0.010298592139152234)
(-0.03254910570572461,0.010270170994308705)
(-0.03245312370530022,0.010241477046408634)
(-0.03235754855875637,0.010212512274279223)
(-0.032262382140743034,0.010183278674291805)
(-0.03216762629999362,0.010153778260141758)
(-0.03207328285922882,0.010124013062643818)
(-0.031979353615081224,0.010093985129514847)
(-0.03188584033802676,0.010063696525161711)
(-0.03179274477229771,0.010033149330473062)
(-0.03170006863582437,0.010002345642592357)
(-0.03160781362015116,0.009971287574721825)
(-0.03151598139037304,0.009939977255889092)
(-0.03142457358507403,0.009908416830748052)
(-0.03133359181625459,0.009876608459349403)
(-0.031243037669273967,0.009844554316936283)
(-0.03115291270278639,0.009812256593716194)
(-0.031063218448689763,0.009779717494656273)
(-0.030973956412061774,0.009746939239261444)
(-0.03088512807110702,0.009713924061353685)
(-0.030796734877111966,0.009680674208856568)
(-0.030708778254385158,0.009647191943578637)
(-0.03062125960021693,0.009613479540999958)
(-0.030534180284824974,0.00957953929003853)
(-0.030447541651320683,0.009545373492849077)
(-0.030361345015664423,0.009510984464592035)
(-0.030275591666613567,0.009476374533223692)
(-0.030190282865703418,0.009441546039265742)
(-0.03010541984719725,0.009406501335598533)
(-0.03002100381806313,0.009371242787233421)
(-0.029937035957932873,0.009335772771089499)
(-0.029853517419078317,0.009300093675787267)
(-0.029770449326378665,0.009264207901413194)
(-0.029687832777300888,0.009228117859309623)
(-0.029605668841873132,0.009191825971850288)
(-0.029523958562662732,0.009155334672225512)
(-0.02944270295475325,0.009118646404211244)
(-0.029361903005733388,0.009081763621957879)
(-0.029281559675677624,0.009044688789768211)
(-0.029201673897133903,0.00900742438187333)
(-0.029122246575109232,0.008969972882215758)
(-0.029043278587064902,0.008932336784225985)
(-0.02896477078290018,0.008894518590606996)
(-0.028886723984960234,0.00885652081310793)
(-0.028809138988019324,0.008818345972306454)
(-0.028732016559280055,0.00877999659738975)
(-0.028655357438386073,0.008741475225934249)
(-0.028579162337409283,0.0087027844036809)
(-0.028503431940863556,0.008663926684321041)
(-0.028428166905701754,0.008624904629273159)
(-0.02835336786133721,0.008585720807466333)
(-0.028279035409637075,0.00854637779511585)
(-0.028205170124948067,0.008506878175509738)
(-0.028131772554102267,0.00846722453878072)
(-0.028058843216434662,0.00842741948170251)
(-0.027986382603804864,0.008387465607449239)
(-0.027914391180605142,0.008347365525400172)
(-0.027842869383794145,0.00830712185090082)
(-0.02777181762291575,0.008266737205064083)
(-0.027701236280123595,0.008226214214535198)
(-0.02763112571020371,0.008185555511284137)
(-0.027561486240614646,0.008144763732384878)
(-0.027492318171502553,0.00810384151980273)
(-0.027423621775747073,0.008062791520169463)
(-0.02735539729899344,0.008021616384577896)
(-0.027287644959679988,0.007980318768354998)
(-0.02722036494909065,0.007938901330857152)
(-0.02715355743137616,0.007897366735240838)
(-0.027087222543615896,0.007855717648263861)
(-0.02702136039584601,0.007813956740061447)
(-0.026955971071110606,0.007772086683931605)
(-0.02689105462551385,0.007730110156126898)
(-0.026826611088257325,0.0076880298356397465)
(-0.026762640461701855,0.007645848403983801)
(-0.026699142721412546,0.007603568544990069)
(-0.026636117816217154,0.0075611929445915625)
(-0.02657356566825984,0.007518724290610689)
(-0.02651148617306157,0.007476165272550887)
(-0.02644987919957743,0.007433518581383217)
(-0.026388744590253383,0.007390786909345411)
(-0.026328082161100927,0.007347972949719108)
(-0.02626789170174969,0.0073050793966297715)
(-0.02620817297552512,0.007262108944843143)
(-0.026148925719500414,0.007219064289543531)
(-0.02609014964458901,0.007175948126142548)
(-0.026031844435592474,0.007132763150060887)
(-0.02597400975128705,0.007089512056528374)
(-0.025916645224500455,0.007046197540384214)
(-0.02585975046217738,0.007002822295856512)
(-0.02580332504546933,0.006959389016376133)
(-0.025747368529801404,0.0069159003943624914)
(-0.025691880444967556,0.006872359121027684)
(-0.025636860295203658,0.006828767886170907)
(-0.025582307559279076,0.00678512937797662)
(-0.025528221690572648,0.006741446282818554)
(-0.02547460211717105,0.006697721285057411)
(-0.02542144824195166,0.006653957066843313)
(-0.025368759442677337,0.006610156307912859)
(-0.02531653507208449,0.006566321685404074)
(-0.025264774457982357,0.006522455873642379)
(-0.025213476903342864,0.006478561543959221)
(-0.02516264168640414,0.006434641364493652)
(-0.025112268060759793,0.0063906979999922425)
(-0.025062355255468436,0.006346734111622341)
(-0.02501290247515062,0.006302752356779192)
(-0.024963908900088788,0.006258755388888368)
(-0.024915373686342474,0.006214745857221315)
(-0.024867295965839628,0.006170726406703421)
(-0.024819674846497452,0.00612669967772066)
(-0.024772509412322213,0.0060826683059401815)
(-0.02472579872351782,0.00603863492211727)
(-0.024679541816612614,0.005994602151904998)
(-0.024633737704556933,0.005950572615678649)
(-0.024588385376836632,0.005906548928341346)
(-0.024543483799605092,0.005862533699146137)
(-0.024499031915787672,0.005818529531516914)
(-0.02445502864519662,0.005774539022849712)
(-0.024411472884662527,0.005730564764354643)
(-0.024368363508149648,0.005686609340860165)
(-0.024325699366879176,0.005642675330639498)
(-0.024283479289455102,0.0055987653052302295)
(-0.02424170208198181,0.005554881829262686)
(-0.024200366528204235,0.005511027460278609)
(-0.024159471389622343,0.005467204748559141)
(-0.024119015405626738,0.0054234162369477795)
(-0.024078997293623304,0.0053796644606835245)
(-0.02403941574917878,0.005335951947219692)
(-0.02400026944613848,0.005292281216066905)
(-0.023961557036767323,0.005248654778606676)
(-0.023923277151880164,0.005205075137936531)
(-0.02388542840098701,0.005161544788696833)
(-0.023848009372422523,0.00511806621690187)
(-0.023811018633483737,0.005074641899778594)
(-0.02377445473057865,0.005031274305605451)
(-0.0237383161893616,0.004987965893537093)
(-0.023702601514880454,0.004944719113456933)
(-0.02366730919170553,0.004901536405803755)
(-0.023632437684091154,0.004858420201421251)
(-0.023597985436112398,0.00481537292139547)
(-0.02356395087181816,0.004772396976896948)
(-0.023530332395366213,0.004729494769022649)
(-0.02349712839118777,0.004686668688647806)
(-0.0234643372241232,0.004643921116261378)
(-0.023431957239584376,0.00460125442182682)
(-0.02339998676369663,0.00455867096461482)
(-0.023368424103462,0.004516173093066507)
(-0.023337267546903108,0.004473763144634397)
(-0.02330651536321948,0.004431443445642582)
(-0.023276165802957195,0.004389216311134184)
(-0.02324621709814375,0.004347084044722675)
(-0.023216667462460962,0.004305048938462555)
(-0.02318751509139843,0.00426311327268558)
(-0.023158758162416526,0.004221279315876455)
(-0.02313039483509912,0.004179549324523344)
(-0.02310242325132671,0.004137925542977311)
(-0.02307484153542739,0.00409641020332063)
(-0.023047647794344338,0.004055005525227616)
(-0.023020840117801245,0.004013713715822528)
(-0.022994416578467427,0.003972536969557934)
(-0.022968375232119965,0.003931477468066855)
(-0.022942714117812894,0.0038905373800469036)
(-0.02291743125804081,0.003849718861115481)
(-0.02289252465891359,0.0038090240536921825)
(-0.022867992310319978,0.0037684550868595447)
(-0.02284383218609185,0.003728014076251357)
(-0.022820042244192294,0.0036877031239110577)
(-0.022796620426867933,0.003647524318181584)
(-0.022773564660828506,0.0036074797335728494)
(-0.022750872857418426,0.0035675714306534745)
(-0.022728542912794015,0.0035278014559114216)
(-0.02270657270808611,0.003488171841653287)
(-0.02268496010958986,0.003448684605880238)
(-0.02266370296892574,0.0034093417521728194)
(-0.02264279912322199,0.003370145269575442)
(-0.022622246395298997,0.0033310971324833957)
(-0.02260204259382214,0.0032921993005345864)
(-0.022582185513507196,0.0032534537184959003)
(-0.022562672935277868,0.0032148623161549184)
(-0.022543502626461237,0.0031764270082144047)
(-0.022524672340952224,0.0031381496941784706)
(-0.022506179819399202,0.0031000322582647156)
(-0.022488022789384565,0.003062076569279933)
(-0.022470198965614266,0.003024284480529552)
(-0.022452706050079013,0.0029866578297244005)
(-0.02243554173225348,0.002949198438860535)
(-0.022418703689273397,0.0029119081141462926)
(-0.022402189586113994,0.0028747886458808354)
(-0.02238599707578059,0.002837841808382885)
(-0.022370123799488086,0.002801069359879494)
(-0.022354567386845527,0.002764473042420848)
(-0.02233932545603576,0.0027280545817936)
(-0.022324395614010246,0.0026918156874256058)
(-0.022309775456671645,0.0026557580522981673)
(-0.022295462569048068,0.0026198833528604418)
(-0.02228145452549947,0.002584193248948555)
(-0.022267748889876,0.0025486893836979573)
(-0.022254343215741188,0.002513373383463087)
(-0.022241235046520216,0.0024782468577288453)
(-0.022228421915716143,0.0024433113990492985)
(-0.02221590134708316,0.002408568582954041)
(-0.022203670854818152,0.0023740199678713727)
(-0.022191727943751526,0.002339667095064768)
(-0.022180070109523258,0.002305511488552909)
(-0.022168694838793735,0.002271554655041147)
(-0.022157599609404107,0.0022377980838359955)
(-0.022146781890597003,0.002204243246800606)
(-0.022136239143173173,0.002170891598271129)
(-0.022125968819705286,0.002137744574990787)
(-0.0221159683647181,0.0021048035960484894)
(-0.02210623521487451,0.0020720700628175525)
(-0.022096766799171403,0.002039545358891281)
(-0.022087560539127846,0.00200723085002132)
(-0.022078613848972334,0.0019751278840596928)
(-0.0220699241358356,0.0019432377909030113)
(-0.02206148879994071,0.0019115618824359487)
(-0.022053305234789752,0.001880101452473429)
(-0.022045370827360612,0.0018488577767116542)
(-0.022037682958292212,0.001817832112673479)
(-0.022030239002069393,0.001787025699661621)
(-0.022023036327228226,0.0017564397587087625)
(-0.022016072296535436,0.0017260754925236624)
(-0.02200934426717684,0.0016959340854553898)
(-0.022002849590954894,0.0016660167034438093)
(-0.021996585614476417,0.0016363244939758836)
(-0.021990549679339978,0.0016068585860487502)
(-0.021984739122329445,0.0015776200901211992)
(-0.02197915127559851,0.0015486100980904077)
(-0.021973783466871538,0.0015198296832293471)
(-0.02196863301962159,0.001491279900183121)
(-0.02196369725326363,0.0014629617849072783)
(-0.021958973483347966,0.0014348763546507)
(-0.021954459021749247,0.0014070246079190922)
(-0.021950151176850615,0.0013794075244439935)
(-0.021946047253733548,0.00135202606516012)
(-0.021942144554374245,0.0013248811721689015)
(-0.02193844037782108,0.0012979737687221684)
(-0.02193493202039516,0.001271304759191835)
(-0.0219316167758681,0.0012448750290528295)
(-0.021928491935657143,0.0012186854448528006)
(-0.021925554789006083,0.0011927368542065783)
(-0.021922802623183274,0.0011670300857607432)
(-0.0219202327236572,0.0011415659491948375)
(-0.021917842374291934,0.0011163452351862686)
(-0.021915628857528093,0.0010913687154106594)
(-0.021913589454577824,0.0010666371425269829)
(-0.02191172144559682,0.0010421512501607084)
(-0.021910022109885064,0.0010179117528999534)
(-0.021908488726063078,0.0009939193462828065)
(-0.021907118572257057,0.000970174706793928)
(-0.02190590892628874,0.0009466784918543529)
(-0.021904857065855977,0.0009234313398210098)
(-0.021903960268717357,0.0009004338699821783)
(-0.021903215812878452,0.0008776866825602039)
(-0.021902620976763508,0.0008551903587076077)
(-0.02190217303942016,0.0008329454604991123)
(-0.021901869280677076,0.0008109525309601174)
(-0.021901706981340176,0.0007892120940438016)
(-0.021901683423375225,0.0007677246546533979)
(-0.02190179589007863,0.0007464906986365059)
(-0.021902041666264395,0.0007255106928076592)
(-0.0219024180384454,0.0007047850849503793)
(-0.021902922295011076,0.0006843143038233193)
(-0.021903551726398362,0.0006640987591835185)
(-0.021904303625286187,0.000644138841789534)
(-0.021905175286759337,0.0006244349234256159)
(-0.02190616400849021,0.0006049873569137345)
(-0.021907267090916754,0.00058579647612893)
(-0.021908481837418406,0.0005668625960233227)
(-0.021909805554487106,0.0005481860126448435)
(-0.021911235551910827,0.0005297670031524993)
(-0.021912769142934066,0.0005116058258555224)
(-0.021914403644455724,0.0004937027202252288)
(-0.021916136377171148,0.0004760579069148324)
(-0.021917964665766856,0.0004586715878072772)
(-0.021919885839082824,0.00044154394602067507)
(-0.021921897230287958,0.0004246751459588688)
(-0.021923996177049643,0.00040806533332336385)
(-0.021926180021696984,0.0003917146351591758)
(-0.021928446111401403,0.0003756231598832132)
(-0.02193079179833565,0.00035979099731749646)
(-0.021933214439848615,0.0003442182187291748)
(-0.02193571139861996,0.00032890487686702873)
(-0.021938280042838144,0.00031385100599500156)
(-0.021940917746369512,0.0002990566219369612)
(-0.021943621888904023,0.00028452172212156646)
(-0.021946389856137345,0.0002702462856175032)
(-0.02194921903992543,0.00025623027317398954)
(-0.021952106838449996,0.00024247362727879623)
(-0.02195505065637913,0.00022897627219381416)
(-0.02195804790501774,0.0002157381140051149)
(-0.02196109600249877,0.00020275904066912806)
(-0.021964192373897403,0.00019003892207151732)
(-0.021967334451431418,0.00017757761006110284)
(-0.021970519674589035,0.00016537493852249014)
(-0.02197374549029517,0.00015343072341219663)
(-0.02197700935308484,0.00014174476282456514)
(-0.021980308725217907,0.00013031683703746826)
(-0.02198364107687639,0.00011914670857590637)
(-0.021987003886288225,0.00010823412227632182)
(-0.02199039463989267,0.00009757880532218567)
(-0.021993810832486617,0.0000871804673368807)
(-0.021997249967377723,0.00007703880041426086)
(-0.022000709556536994,0.00006715347920732376)
(-0.022004187120729973,0.00005752416096586992)
(-0.022007680189693186,0.000048150485627934714)
(-0.022011186302255077,0.00003903207586502789)
(-0.022014703006499214,0.000030168537160896546)
(-0.022018227859890754,0.000021559457871675824)
(-0.02202175842944423,0.000013204409304168006)
(-0.02202529229184277,5.102945774541923e-6)
(-0.02202882703359882,-2.7453953070562633e-6)
(-0.022032360251178898,-0.0000103410933750361)
(-0.022035889551155888,-0.00001768464463139931)
(-0.02203941255034192,-0.000024776561969674173)
(-0.02204292687592525,-0.00003161737489833787)
(-0.02204643016561717,-0.00003820762946668123)
(-0.022049920067767233,-0.00004454788819171903)
(-0.0220533942415196,-0.00005063872996414334)
(-0.02205685035693604,-0.00005648074999184822)
(-0.022060286095130624,-0.00006207455969619865)
(-0.022063699148395687,-0.00006742078664844242)
(-0.022067087220348402,-0.00007252007446935053)
(-0.02207044802603248,-0.00007737308276673871)
(-0.02207377929208284,-0.00008198048703366758)
(-0.022077078756816124,-0.00008634297856793971)
(-0.02208034417038824,-0.00009046126438720184)
(-0.022083573294896797,-0.00009433606714346312)
(-0.022086763904514896,-0.00009796812503132176)
(-0.022089913785614586,-0.00010135819169767015)
(-0.02209302073688346,-0.00010450703615041206)
(-0.022096082569454896,-0.00010741544267419526)
(-0.02209909710701624,-0.00011008421073925539)
(-0.022102062185929038,-0.00011251415489083472)
(-0.02210497565536105,-0.0001147061046772678)
(-0.022107835377379998,-0.00011666090453883264)
(-0.022110639227078725,-0.00011837941373212739)
(-0.022113385092696315,-0.00011986250620400498)
(-0.02211607087571791,-0.00012111107052111302)
(-0.02211869449099705,-0.00012212600975979967)
(-0.022121253866855605,-0.000122908241408687)
(-0.02212374694520004,-0.00012345869726857159)
(-0.022126171681629357,-0.00012377832335218797)
(-0.022128526045541014,-0.0001238680797841047)
(-0.022130808020221583,-0.00012372894069629368)
(-0.02213301560298408,-0.00012336189412713691)
(-0.022135146805240563,-0.00012276794191530947)
(-0.022137199652609497,-0.00012194809959711126)
(-0.02213917218504019,-0.00012090339630283391)
(-0.02214106245687634,-0.00011963487464313952)
(-0.02214286853697871,-0.0001181435906146142)
(-0.022144588508811038,-0.00011643061348113501)
(-0.022146220470553417,-0.00011449702566655846)
(-0.022147762535160993,-0.00011234392265631485)
(-0.022149212830500746,-0.00010997241287639518)
(-0.022150569499412867,-0.00010738361758794121)
(-0.022151830699808098,-0.00010457867077064498)
(-0.02215299460476691,-0.00010155871902179929)
(-0.022154059402617256,-0.00009832492143404743)
(-0.02215502329702335,-0.00009487844949144708)
(-0.022155884507083005,-0.00009122048693984231)
(-0.022156641267389938,-0.00008735222968632397)
(-0.02215729182813952,-0.00008327488568954962)
(-0.022157834455197523,-0.00007898967482911456)
(-0.02215826743018014,-0.00007449782879169866)
(-0.02215858905054661,-0.00006980059096273147)
(-0.02215879762965299,-0.00006489921630860702)
(-0.022158891496863627,-0.00005979497124203269)
(-0.022158868997594897,-0.000054489133532748884)
(-0.022158728493398797,-0.000048982992157303695)
(-0.022158468362049755,-0.00004327784719995365)
(-0.02215808699759637,-0.000037375009728703825)
(-0.022157582810447368,-0.000031275801669004544)
(-0.022156954227426282,-0.00002498155568604499)
(-0.02215619969185357,-0.000018493615065883452)
(-0.022155317663606188,-0.000011813333585136089)
(-0.022154306619177996,-4.942075395267145e-6)
(-0.022153165051756143,2.1187850990275915e-6)
(-0.022151891471268448,9.36786337220126e-6)
(-0.02215048440445774,0.00001680376489604368)
(-0.022148942394935256,0.00002442508526145118)
(-0.022147264003237386,0.000032230410309954336)
(-0.022145447806888034,0.00004021831625942542)
(-0.02214349240045569,0.00004838736981907861)
(-0.022141396395603793,0.000056736128331982573)
(-0.02213915842113603,0.00006526313988966695)
(-0.022136777123071237,0.00007396694345855579)
(-0.022134251164671857,0.00008284606902201349)
(-0.022131579226502426,0.0000918990376894289)
(-0.022128760006477226,0.00010112436183485334)
(-0.02212579221991461,0.00011052054522811799)
(-0.022122674599558648,0.00012008608315606309)
(-0.022119405895658507,0.00012981946255244512)
(-0.022115984875974375,0.00013971916213517433)
(-0.022112410325847116,0.00014978365252739354)
(-0.022108681048222712,0.00016001139639166588)
(-0.022104795863699036,0.00017040084856420354)
(-0.02210075361055551,0.00018095045617569578)
(-0.02209655314479992,0.00019165865879272297)
(-0.02209219334019366,0.00020252388854129756)
(-0.0220876730882912,0.00021354457024719522)
(-0.02208299129846258,0.0002247191215510723)
(-0.022078146897943667,0.00023604595306462542)
(-0.022073138831843978,0.00024752346847974765)
(-0.02206796606318888,0.0002591500647130383)
(-0.02206262757293631,0.000270924132040566)
(-0.0220571223600177,0.0002828440542233125)
(-0.022051449441342432,0.0002949082086408353)
(-0.022045607851835295,0.00030711496643373755)
(-0.02203959664445742,0.0003194626926202853)
(-0.022033414890212363,0.0003319497462461448)
(-0.02202706167818772,0.00034457448051526007)
(-0.022020536115551416,0.0003573352429066083)
(-0.022013837327580242,0.00037023037533904)
(-0.022006964457671165,0.0003832582142727173)
(-0.02199991666735511,0.00039641709086166155)
(-0.02199269313631502,0.00040970533109199736)
(-0.021985293062378956,0.00042312125590048693)
(-0.021977715661556832,0.00043666318131863394)
(-0.02196996016802588,0.0004503294186063868)
(-0.021962025834149794,0.0004641182743859597)
(-0.021953911930483502,0.00047802805077658977)
(-0.021945617745769183,0.000492057045526351)
(-0.021937142586951907,0.0005062035521459716)
(-0.02192848577917275,0.0005204658600571608)
(-0.02191964666577682,0.0005348422547036156)
(-0.021910624608304993,0.0005493310177070807)
(-0.021901418986496262,0.0005639304269861841)
(-0.02189202919827984,0.0005786387569050943)
(-0.02188245465978156,0.0005934542783936935)
(-0.021872694805305206,0.0006083752590922403)
(-0.02186274908733966,0.0006233999634857917)
(-0.02185261697653453,0.0006385266530293303)
(-0.021842297961703765,0.0006537535862914613)
(-0.021831791549808903,0.0006690790190860225)
(-0.021821097265945652,0.0006845012045997197)
(-0.021810214653338322,0.000700018393537432)
(-0.021799143273314683,0.0007156288342473195)
(-0.02178788270529552,0.0007313307728625677)
(-0.021776432546785202,0.0007471224534199159)
(-0.02176479241333831,0.0007630021180154843)
(-0.021752961938548015,0.0007789680069129566)
(-0.021740940774028095,0.0007950183586986351)
(-0.021728728589390865,0.0008111514104060452)
(-0.021716325072211228,0.0008273653976401428)
(-0.021703729928024395,0.0008436585547243635)
(-0.02169094288027661,0.000860029114826661)
(-0.02167796367031276,0.0008764753100869603)
(-0.02166479205735593,0.0008929953717563646)
(-0.02165142781844516,0.0009095875303305224)
(-0.021637870748455853,0.0009262500156700787)
(-0.021624120660009655,0.0009429810571436102)
(-0.021610177383495546,0.0009597788837558912)
(-0.021596040766999867,0.000976641724273087)
(-0.021581710676282197,0.0009935678073565563)
(-0.02156718699474436,0.0010105553616968313)
(-0.021552469623387385,0.001027602616142264)
(-0.021537558480774207,0.0010447077998206099)
(-0.02152245350298542,0.001061869142281389)
(-0.02150715464358557,0.0010790848736191318)
(-0.021491661873571533,0.001096353224593075)
(-0.021475975181345846,0.00111367242677219)
(-0.021460094572651682,0.0011310407126557205)
(-0.02144402007054357,0.0011484563157913602)
(-0.021427751715329475,0.0011659174709224287)
(-0.021411289564525038,0.0011834224140958665)
(-0.021394633692818164,0.0012009693828060521)
(-0.0213777841919939,0.001218556616104042)
(-0.021360741170906368,0.001236182354734026)
(-0.021343504755415497,0.0012538448412604502)
(-0.021326075088328213,0.0012715423201835419)
(-0.021308452329368004,0.0012892730380759958)
(-0.021290636655083947,0.0013070352436954818)
(-0.021272628258820227,0.001324827188119348)
(-0.02125442735064973,0.00134264712485574)
(-0.02123603415732041,0.0013604933099822043)
(-0.021217448922185665,0.0013783640022507807)
(-0.02119867190515066,0.0013962574632233888)
(-0.021179703382608342,0.001414171957391937)
(-0.02116054364737561,0.0014321057522889925)
(-0.02114119300863827,0.0014500571186257085)
(-0.021121651791869225,0.0014680243303903464)
(-0.021101920338768156,0.0014860056649912098)
(-0.02108199900721025,0.0015039994033545607)
(-0.021061888171157332,0.0015220038300589303)
(-0.02104158822059989,0.0015400172334485906)
(-0.02102109956148064,0.0015580379057428305)
(-0.021000422615626593,0.0015760641431650454)
(-0.02097955782068501,0.0015940942460543396)
(-0.020958505630037167,0.0016121265189818898)
(-0.02093726651272137,0.001630159270859066)
(-0.02091584095338442,0.001648190815068865)
(-0.020894229452174645,0.0016662194695613213)
(-0.020872432524682256,0.0016842435569844741)
(-0.020850450701859282,0.0017022614047851165)
(-0.020828284529933027,0.0017202713453222732)
(-0.020805934570344405,0.001738271715984897)
(-0.020783401399642153,0.0017562608593030425)
(-0.02076068560942017,0.0017742371230499126)
(-0.02073778780623639,0.0017921988603628648)
(-0.020714708611512096,0.001810144429847548)
(-0.02069144866146667,0.0018280721956820602)
(-0.020668008607020463,0.001845980527739996)
(-0.020644389113715415,0.0018638678016783762)
(-0.020620590861626837,0.0018817323990543825)
(-0.020596614545270432,0.0018995727074423568)
(-0.020572460873525242,0.0019173871205100611)
(-0.02054813056953677,0.001935174038162849)
(-0.02052362437061982,0.0019529318666064554)
(-0.020498943028185064,0.0019706590184871546)
(-0.02047408730763398,0.001988353912966604)
(-0.020449057988272186,0.0020060149758450853)
(-0.02042385586321103,0.0020236406396475217)
(-0.020398481739282076,0.0020412293437290616)
(-0.020372936436930465,0.0020587795343795443)
(-0.020347220790133312,0.0020762896649174772)
(-0.020321335646288907,0.002093758195792776)
(-0.020295281866129347,0.0021111835946759708)
(-0.020269060323621777,0.0021285643365706168)
(-0.020242671905863686,0.0021458989038924004)
(-0.02021611751299098,0.002163185786575479)
(-0.02018939805807454,0.002180423482168721)
(-0.02016251446701629,0.0021976104959183966)
(-0.020135467678450737,0.002214745340871882)
(-0.02010825864364971,0.0022318265379703854)
(-0.02008088832640502,0.002248852616132051)
(-0.02005335770293462,0.0022658221123525377)
(-0.020025667761778193,0.0022827335717898163)
(-0.019997819503691866,0.002299585547846389)
(-0.019969813941532986,0.0023163766022850974)
(-0.01994165210017243,0.0023331053052823257)
(-0.019913335016369656,0.0023497702355302495)
(-0.01988486373867506,0.002366369980337522)
(-0.019856239327327857,0.0023829031356820732)
(-0.01982746285412474,0.0023993683063331496)
(-0.019798535402342873,0.0024157641059008566)
(-0.019769458066593974,0.0024320891569400054)
(-0.019740231952749425,0.002448342091029525)
(-0.019710858177795748,0.0024645215488497824)
(-0.01968133786975971,0.0024806261802642186)
(-0.019651672167557123,0.0024966546443913563)
(-0.019621862220911564,0.0025126056097000433)
(-0.019591909190218606,0.002528477754078056)
(-0.019561814246454354,0.002544269764903321)
(-0.019531578571045545,0.0025599803391276274)
(-0.01950120335574757,0.0025756081833540564)
(-0.019470689802556045,0.0025911520139056316)
(-0.01944003912356165,0.002606610556900843)
(-0.01940925254085974,0.002621982548327805)
(-0.019378331286411008,0.0026372667341139026)
(-0.019347276601940577,0.0026524618701949275)
(-0.019316089738809262,0.0026675667225922197)
(-0.019284771957911086,0.002682580067473257)
(-0.019253324529533534,0.0026975006912321794)
(-0.019221748733254936,0.002712327390534091)
(-0.019190045857815644,0.002727058972412151)
(-0.019158217201012344,0.0027416942543139027)
(-0.019126264069552062,0.0027562320641598905)
(-0.019094187778966713,0.002770671240428248)
(-0.01906198965345699,0.0027850106322013426)
(-0.019029671025797303,0.002799249099232925)
(-0.018997233237194957,0.002813385512012761)
(-0.018964677637192316,0.002827418751820524)
(-0.018932005583515137,0.002841347710784625)
(-0.018899218441969505,0.0028551712919507423)
(-0.01886631758631324,0.00286888840932778)
(-0.01883330439813741,0.0028824979879451657)
(-0.01880018026673337,0.002895998963918328)
(-0.018766946588977422,0.0029093902844929127)
(-0.01873360476920068,0.0029226709081036544)
(-0.018700156219066597,0.002935839804422196)
(-0.01866660235744925,0.002948895954417961)
(-0.018632944610309312,0.0029618383504014453)
(-0.01859918441055627,0.0029746659960733575)
(-0.018565323197942706,0.002987377906575577)
(-0.01853136241891881,0.0029999731085463264)
(-0.018497303526528525,0.003012450640154488)
(-0.01846314798025754,0.0030248095511546864)
(-0.018428897245926935,0.003037048902932394)
(-0.01839455279556003,0.0030491677685416073)
(-0.01836011610725185,0.003061165232750123)
(-0.018325588665056132,0.0030730403920894147)
(-0.018290971958835455,0.003084792354887483)
(-0.01825626748415874,0.003096420241315795)
(-0.018221476742153728,0.0031079231834184556)
(-0.01818660123939699,0.0031193003251645418)
(-0.018151642487766274,0.003130550822471645)
(-0.018116602004338137,0.003141673843259618)
(-0.018081481311228786,0.003152668567463511)
(-0.018046281935506028,0.0031635341870925896)
(-0.018011005409018975,0.0031742699062433737)
(-0.017975653268296355,0.0031848749411455607)
(-0.017940227054417605,0.0031953485201915784)
(-0.01790472831287171,0.0032056898839578985)
(-0.017869158593442964,0.003215898285251366)
(-0.01783351945007003,0.0032259729891235987)
(-0.01779781244073012,0.00323591327290408)
(-0.0177620391272975,0.003245718426235425)
(-0.01772620107542865,0.0032553877510796306)
(-0.017690299854427726,0.003264920561766672)
(-0.017654337037108208,0.0032743161849987682)
(-0.017618314199684265,0.0032835739598871512)
(-0.017582232921628322,0.0032926932379646347)
(-0.017546094785548822,0.0033016733832125023)
(-0.017509901377067455,0.0033105137720818465)
(-0.017473654284664953,0.0033192137935109263)
(-0.01743735509958482,0.003327772848939755)
(-0.0174010054156962,0.003336190352331805)
(-0.017364606829354815,0.0033444657301862843)
(-0.017328160939279167,0.0033525984215674724)
(-0.017291669346434713,0.003360587878095827)
(-0.017255133653896033,0.003368433563980344)
(-0.017218555466718063,0.0033761349560270377)
(-0.0171819363918098,0.003383691543641707)
(-0.017145278037811393,0.0033911028288548)
(-0.01710858201496472,0.003398368326321511)
(-0.017071849934984843,0.00340548756333108)
(-0.01703508341093704,0.0034124600798159425)
(-0.016998284057098637,0.003419285428361992)
(-0.016961453488850455,0.0034259631742146928)
(-0.01692459332254542,0.003432492895273382)
(-0.016887705175358664,0.0034388741821034493)
(-0.016850790665202696,0.0034451066379515847)
(-0.016813851410568535,0.0034511898787170626)
(-0.016776889030414296,0.0034571235329847547)
(-0.016739905144039283,0.0034629072420060657)
(-0.016702901370954728,0.0034685406597095947)
(-0.016665879330767363,0.0034740234526871683)
(-0.016628840643039024,0.0034793553002030486)
(-0.016591786927178283,0.0034845358941833528)
(-0.016554719802319016,0.0034895649392162357)
(-0.016517640887175545,0.0034944421525436235)
(-0.01648055179993479,0.003499167264055456)
(-0.016443454158129693,0.0035037400162800103)
(-0.016406349578529253,0.003508160164389014)
(-0.016369239676986554,0.0035124274761689995)
(-0.016332126068341793,0.00351654173202337)
(-0.01629501036629707,0.0035205027249583416)
(-0.016257894183281166,0.0035243102605717414)
(-0.016220779130344285,0.0035279641570501764)
(-0.01618366681703043,0.0035314642451275595)
(-0.01614655885124679,0.003534810368106701)
(-0.016109456839166696,0.003538002381814219)
(-0.01607236238509698,0.0035410401546094776)
(-0.016035277091340776,0.003543923567338893)
(-0.015998202558118218,0.0035466525133481634)
(-0.015961140383420135,0.003549226898438793)
(-0.01592409216288432,0.0035516466408640696)
(-0.015887059489698093,0.003553911671299365)
(-0.01585004395448132,0.003556021932828775)
(-0.01581304714514477,0.0035579773809111676)
(-0.01577607064679356,0.0035597779833683348)
(-0.015739116041615618,0.0035614237203581284)
(-0.015702184908744934,0.0035629145843455406)
(-0.015665278824171507,0.0035642505800740965)
(-0.015628399360596908,0.0035654317245524965)
(-0.015591548087364699,0.0035664580470107406)
(-0.015554726570291399,0.0035673295888881632)
(-0.015517936371598293,0.0035680464037903697)
(-0.015481179049778429,0.003568608557462802)
(-0.015444456159486699,0.0035690161277616857)
(-0.015407769251428526,0.003569269204631613)
(-0.015371119872251192,0.003569367890048329)
(-0.01533450956443551,0.0035693122980097196)
(-0.015297939866172222,0.003569102554489322)
(-0.01526141231127454,0.003568738797408428)
(-0.015224928429047086,0.0035682211765895415)
(-0.015188489744196537,0.003567549853730717)
(-0.015152097776701637,0.0035667250023613327)
(-0.015115754041733433,0.003565746807803141)
(-0.015079460049517506,0.0035646154671418484)
(-0.015043217305258408,0.0035633311891720273)
(-0.0150070273090166,0.003561894194366382)
(-0.014970891555602389,0.003560304714834442)
(-0.014934811534477694,0.0035585629942723918)
(-0.014898788729653115,0.003556669287924434)
(-0.014862824619578557,0.003554623862554568)
(-0.014826920677043984,0.0035524269963661767)
(-0.014791078369081665,0.0035500789789883872)
(-0.014755299156859948,0.0035475801114223634)
(-0.014719584495578688,0.0035449307059916588)
(-0.014683935834386057,0.003542131086285051)
(-0.014648354616248369,0.0035391815871282047)
(-0.014612842277889703,0.0035360825545222014)
(-0.014577400249664783,0.003532834345593897)
(-0.014542029955469687,0.003529437328546538)
(-0.01450673281265291,0.0035258918826136794)
(-0.014471510231905767,0.0035221983979985506)
(-0.014436363617181166,0.00351835727583531)
(-0.014401294365592527,0.003514368928114513)
(-0.014366303867315591,0.0035102337776472285)
(-0.01433139350549834,0.00350595225800669)
(-0.014296564656171386,0.0035015248134663605)
(-0.014261818688160548,0.003496951898948367)
(-0.014227156962975088,0.0034922339799663775)
(-0.014192580834738767,0.003487371532569214)
(-0.014158091650099347,0.0034823650432856067)
(-0.014123690748120823,0.0034772150090529156)
(-0.014089379460215583,0.003471921937168643)
(-0.014055159110046496,0.003466486345239448)
(-0.014021031013445406,0.003460908761087904)
(-0.01398699647831649,0.0034551897227310226)
(-0.013953056804566894,0.003449329778292414)
(-0.013919213284010369,0.003443329485942775)
(-0.013885467200284836,0.0034371894138470606)
(-0.013851819828783292,0.0034309101400879214)
(-0.01381827243654576,0.003424492252620031)
(-0.013784826282199568,0.003417936349175412)
(-0.013751482615879,0.003411243037227538)
(-0.013718242679124379,0.0034044129339049407)
(-0.01368510770482529,0.003397446665941072)
(-0.013652078917127991,0.00339034486958504)
(-0.013619157531376838,0.0033831081905577997)
(-0.013586344754011048,0.003375737283963633)
(-0.013553641782511517,0.0033682328142314298)
(-0.013521049805306513,0.003360595455051916)
(-0.013488570001727616,0.0033528258892852455)
(-0.013456203541897718,0.003344924808911607)
(-0.013423951586685018,0.003336892914947029)
(-0.013391815287627121,0.003328730917385175)
(-0.013359795786850375,0.0033204395351026372)
(-0.013327894217010704,0.003312019495809038)
(-0.013296111701220782,0.00330347153596404)
(-0.01326444935298211,0.003294796400697772)
(-0.013232908276113566,0.00328599484375072)
(-0.013201489564689629,0.0032770676273793475)
(-0.013170194302968927,0.0032680155223038542)
(-0.013139023565341615,0.003258839307607219)
(-0.013107978416246687,0.003249539770684326)
(-0.013077059910126606,0.0032401177071456205)
(-0.013046269091354994,0.0032305739207431185)
(-0.013015606994177078,0.003220909223307315)
(-0.012985074642651934,0.003211124434651462)
(-0.012954673050580682,0.003201220382495168)
(-0.012924403221469143,0.003191197902400694)
(-0.012894266148455357,0.0031810578376777485)
(-0.0128642628142492,0.0031708010392985007)
