(-11.164907910805907,4.229366402361067e-13)
(-11.16156050422315,0.10571140776215975)
(-11.151525459631095,0.21128789593827307)
(-11.134824267359726,0.31659501523768513)
(-11.111492627810843,0.4214992537186067)
(-11.081580277328104,0.5258684974010156)
(-11.045150746583895,0.6295724813084317)
(-11.002281053614928,0.7324832279199804)
(-10.953061334196036,0.8344754701566877)
(-10.897594412761674,0.9354270561999783)
(-10.83599531756064,1.0352193336425186)
(-10.768390744155964,1.1337375106984742)
(-10.694918471753063,1.2308709924482522)
(-10.615726737152299,1.326513690357843)
(-10.53097357137373,1.4205643035908415)
(-10.44082610419023,1.5129265709178479)
(-10.345459841930703,1.603509492318973)
(-10.245057923977347,1.692227519666458)
(-10.13981036338208,1.7790007161619572)
(-10.029913276969529,1.8637548844830656)
(-9.915568110181223,1.9464216638627576)
(-9.79698086175099,2.0269385965804165)
(-9.674361313090861,2.105249164581367)
(-9.54792226701442,2.181302797161001)
(-9.417878800136373,2.255054850847809)
(-9.284447532968892,2.3264665627955523)
(-9.14784592139282,2.3955049791474243)
(-9.008291572821093,2.4621428599638286)
(-8.86600158999844,2.5263585624102323)
(-8.721191945000914,2.588135903982672)
(-8.57407688561678,2.6474640076065414)
(-8.424868375910938,2.7043371304800283)
(-8.273775572403487,2.758754478548465)
(-8.121004336932792,2.810720008490869)
(-7.966756786927964,2.860242219077103)
(-7.811230883488298,2.907333933714673)
(-7.654620057359934,2.9520120759502824)
(-7.49711287261512,2.9942974396245505)
(-7.3388927275781,3.0342144553006785)
(-7.1801375923051065,3.071790954501174)
(-7.0210197817144016,3.10705793319277)
(-6.861705763276315,3.1400493158600966)
(-6.702355998012104,3.1708017214052315)
(-6.543124813414139,3.199354232004263)
(-6.3841603067873205,3.225748165945106)
(-6.225604277421608,3.250026855364014)
(-6.067592185937327,3.2722354296929326)
(-5.910253139096556,3.29242060552676)
(-5.7537098983444475,3.3106304835197884)
(-5.598078910331748,3.326914352824721)
(-5.443470357672928,3.3413225034963303)
(-5.289988232728628,3.3539060512124217)
(-5.137730404837675,3.364716750626834)
(-4.986788750776425,3.373806856879621)
(-4.837249249498315,3.3812289570342378)
(-4.689192113983656,3.38703582957673)
(-4.54269192847539,3.391280309020151)
(-4.397817794786604,3.394015159321872)
(-4.254633486330152,3.3952929560029896)
(-4.113197608596842,3.3951659768159113)
(-3.9735637648821385,3.3936861007757666)
(-3.835780726145247,3.390904715331189)
(-3.699892603956287,3.386872631432721)
(-3.5659390255684147,3.3816400062298775)
(-3.4339553102267746,3.3752562731117965)
(-3.303972645900919,3.3677700787922547)
(-3.176018265699785,3.3592292271292457)
(-3.050115623298227,3.3496806293620445)
(-2.926284566771293,3.3391702604441793)
(-2.804541510296523,3.327743121148918)
(-2.6848996032456145,3.3154432056242853)
(-2.5673688962442305,3.3023134740771134)
(-2.4519565038332765,3.2883958302698795)
(-2.338666763415565,3.273731103519931)
(-2.2275013902194782,3.258359034897723)
(-2.118459628055143,3.242318267329066)
(-2.011538395685728,3.2256463393201398)
(-1.9067324286311405,3.2083796820016035)
(-1.8040344163837458,3.1905536192935733)
(-1.7034351348352685,3.1722023708495644)
(-1.6049235739532208,3.153359057599722)
(-1.508487060645567,3.1340557096366513)
(-1.4141113768170999,3.1143232762274327)
(-1.3217808726359335,3.0941916377429965)
(-1.2314785750469999,3.073689619307439)
(-1.1431862915857782,3.0528450059811982)
(-1.0568847095598466,3.0316845593030934)
(-0.972553490678249,3.0102340350271466)
(-0.8901713612194289,2.9885182019005994)
(-0.8097161978376135,2.9665608613398513)
(-0.7311651091151883,2.9443848678708564)
(-0.6544945129748865,2.9220121502101333)
(-0.5796802100707876,2.8994637328715642)
(-0.5066974532809997,2.876759758192971)
(-0.43552101342798927,2.8539195086847235)
(-0.36612524135446584,2.830961429610605)
(-0.29848412648408335,2.8079031517186146)
(-0.23257135199669954,2.784761514046544)
(-0.16836034674780415,2.761552586733872)
(-0.10582433406107021,2.738291693777787)
(-0.04493637752177937,2.7149934356771883)
(0.014330576102769998,2.691671711914001)
(0.07200365669171914,2.6683397432264258)
(0.1281100332262178,2.645010093633568)
(0.18267687875285782,2.6216946921754887)
(0.23573133773864097,2.598404854336901)
(0.28730049570410177,2.5751513031266957)
(0.33741135102442144,2.5519441897890993)
(0.3860907887916008,2.5287931141256577)
(0.43336555663419807,2.5057071444102967)
(0.47926224239452125,2.482694836882651)
(0.5238072535666507,2.4597642548073693)
(0.5670267984022094,2.4369229870896483)
(0.6089468685941749,2.414178166439326)
(0.6495932234526561,2.391536487077951)
(0.6889913754898436,2.36900422198507)
(0.7271665773348622,2.3465872396815937)
(0.7641438099025235,2.3242910205496514)
(0.7999477717432951,2.3021206726896852)
(0.8346028695049987,2.28008094731673)
(0.8681332094398858,2.258176253698954)
(0.9005625898937918,2.2364106736424914)
(0.9319144947170322,2.21478797552745)
(0.9622120875395852,2.193311627900743)
(0.9914782068558917,2.171984812632118)
(1.0197353618672749,2.1508104376402186)
(1.0470057290326236,2.129791149196169)
(1.0733111492804266,2.1089293438124757)
(1.0986731258377256,2.0882271797254783)
(1.1231128226338019,2.0676865879798663)
(1.1466510632387081,2.0473092831240285)
(1.16930833029881,2.0270967735251944)
(1.1911047654336357,2.0070503713134706)
(1.2120601695602167,1.9871712019640269)
(1.232194003613004,1.9674602135267036)
(1.2515253896292589,1.947918185512377)
(1.2700731121714548,1.928545737445424)
(1.28785562005993,1.909343337091622)
(1.3048910283905293,1.890311308370705)
(1.3211971208134712,1.8714498389628524)
(1.3367913520510661,1.8527589876181523)
(1.3516908506332734,1.83423869117811)
(1.36591242183132,1.8158887713180585)
(1.3794725507708199,1.7977089410192573)
(1.3923874057069845,1.7796988107792855)
(1.4046728414455953,1.7618578945691976)
(1.4163444028944248,1.7441856155457738)
(1.4274173287307887,1.7266813115269701)
(1.4379065551718153,1.709344240238577)
(1.447826719834896,1.6921735843398578)
(1.45719216567664,1.6751684562357674)
(1.4660169449993874,1.6583279026832165)
(1.4743148235151031,1.6416509091985725)
(1.4820992844571923,1.6251364042734795)
(1.4893835327313778,1.6087832634058414)
(1.4961804990974676,1.5925903129526282)
(1.5025028443743682,1.5765563338110267)
(1.5083629636612772,1.5606800649341543)
(1.5137729905691029,1.5449602066882409)
(1.5187448014526392,1.5293954240528043)
(1.5232900196459247,1.513984349680531)
(1.5274200196854426,1.4987255868077622)
(1.5311459315235993,1.4836177120320222)
(1.5344786447253516,1.4686592779574077)
(1.5374288126443707,1.4538488157136193)
(1.5400068565750507,1.4391848373535732)
(1.5422229698769838,1.4246658381343131)
(1.5440871220688144,1.4102902986858261)
(1.5456090628886745,1.3960566870721856)
(1.5467983263186913,1.381963460749311)
(1.5476642345712417,1.368009068423483)
(1.5482159020349282,1.3541919518145817)
(1.5484622391784295,1.3405105473279018)
(1.54841195641056,1.3269632876382504)
(1.5480735678950943,1.313548603189882)
(1.5474553953190573,1.3002649236157289)
(1.5465655716133178,1.2871106790791955)
(1.5454120446245538,1.2740843015417915)
(1.5440025807376472,1.2611842259595916)
(1.5423447684478393,1.2484088914115499)
(1.5404460218820053,1.235756742162523)
(1.5383135842685682,1.2232262286637632)
(1.5359545313556402,1.2108158084935525)
(1.5333757747771075,1.1985239472405513)
(1.5305840653664837,1.1863491193323459)
(1.5275859964183902,1.1742898088115694)
(1.52438800689767,1.1623445100619036)
(1.5209963845961878,1.150511728486163)
(1.5174172692374093,1.138789981138568)
(1.5136566555289894,1.1271777973132453)
(1.5097203961635595,1.1156737190908979)
(1.5056142047680334,1.1042763018454949)
(1.5013436588017308,1.0929841147127677)
(1.4969142024036735,1.0817957410222367)
(1.4923311491894724,1.0707097786943918)
(1.48759968499817,1.0597248406046174)
(1.48272487058952,1.0488395549153815)
(1.4777116442921308,1.0380525653781463)
(1.4725648246029932,1.027362531606438)
(1.4672891127388752,1.016768129321421)
(1.4618890951401284,1.0062680505713126)
(1.4563692459274853,0.9958610039258905)
(1.4507339293093857,0.9855457146918485)
(1.4449874019740638,0.9753209248840904)
(1.4391338153432425,0.9651853936116631)
(1.4331772179056967,0.9551378970201796)
(1.4271215574306684,0.9451772284178013)
(1.4209706831556765,0.9353021983443215)
(1.4147283479317012,0.9255116346228192)
(1.4083982103263961,0.9158043823948054)
(1.4019838366859607,0.9061793041396974)
(1.395488703156337,0.8966352796794813)
(1.3889161976643702,0.8871712061693069)
(1.3822696218595925,0.8777859980748246)
(1.375552193017275,0.8684785871369439)
(1.3687670459033916,0.859247922324756)
(1.3619172346021517,0.8500929697772366)
(1.3550057343067297,0.8410127127344202)
(1.3480354430738333,0.8320061514586072)
(1.3410091835427556,0.8230723031462337)
(1.3339297046195169,0.8142102018309296)
(1.3267996831267406,0.8054188982783291)
(1.3196217254198686,0.7966974598731186)
(1.312398368970334,0.7880449704988474)
(1.305132083916282,0.7794605304109293)
(1.2978252745814682,0.7709432561033374)
(1.2904802809628784,0.7624922801693567)
(1.2830993801876998,0.7541067511568716)
(1.2756847879401974,0.74578583341853)
(1.2682386598590547,0.737528706957187)
(1.2607630929057638,0.7293345672669772)
(1.2532601267046046,0.7212026251703587)
(1.245731744854753,0.7131321066514529)
(1.2381798762150673,0.7051222526860007)
(1.230606396162076,0.6971723190682306)
(1.223013127821681,0.6892815762349037)
(1.215401843275104,0.6814493090868474)
(1.2077742647395655,0.6736748168081846)
(1.2001320657242012,0.6659574126835609)
(1.192476872161696,0.6582964239135454)
(1.18481026351613,0.6506911914284917)
(1.177133773867482,0.6431410697010042)
(1.1694488929732834,0.6356454265572805)
(1.161757067307856,0.6282036429874682)
(1.1540597010795908,0.6208151129552489)
(1.1463581572266988,0.613479243206819)
(1.138653758391877,0.6061954530794258)
(1.1309477878763041,0.5989631743096205)
(1.1232414905733745,0.5917818508413818)
(1.1155360738826017,0.5846509386342439)
(1.107832708604058,0.5775699054715734)
(1.1001325298137803,0.5705382307691031)
(1.0924366377204935,0.5635554053838729)
(1.0847460985040456,0.5566209314236623)
(1.0770619451359307,0.5497343220570439)
(1.069385178182244,0.5428951013241431)
(1.061716766589451,0.5361028039482193)
(1.0540576484532833,0.5293569751481374)
(1.0464087317711521,0.5226571704518347)
(1.0387708951783696,0.5160029555108525)
(1.0311449886685338,0.5093939059160094)
(1.0235318342983888,0.5028296070142959)
(1.0159322268774873,0.4963096537270401)
(1.0083469346429537,0.48983365036942905)
(1.0007766999196497,0.48340121047142676)
(0.9932222397660633,0.4770119566001486)
(0.9856842466061791,0.470665520183752)
(0.9781633888476453,0.4643615413368721)
(0.9706603114864994,0.4580996686876702)
(0.9631756366987383,0.4518795592065118)
(0.95570996441899,0.4457008780363331)
(0.9482638729065687,0.43956329832471525)
(0.940837919299149,0.4334665010577062)
(0.9334326401543289,0.427410174895421)
(0.9260485519793278,0.4213940160094311)
(0.9186861517490532,0.4154177279219996)
(0.9113459174127773,0.40948102134714204)
(0.9040283083896683,0.403583614033569)
(0.8967337660533835,0.3977252306095081)
(0.8894627142059683,0.39190560242942357)
(0.8822155595412621,0.38612446742264966)
(0.8749926920980391,0.3803815699439497)
(0.8677944857030925,0.3746766606260085)
(0.8606212984044471,0.3690094962338634)
(0.8534734728949442,0.3633798395212944)
(0.8463513369263519,0.35778745908915355)
(0.839255203714217,0.35223212924566344)
(0.8321853723336506,0.3467136298686694)
(0.8251421281062251,0.3412317462698546)
(0.8181257429781591,0.33578626906091436)
(0.8111364758899557,0.33037699402170795)
(0.8041745731378633,0.32500372197029137)
(0.7972402687267688,0.3196662586350259)
(0.7903337847154941,0.31436441452853625)
(0.7834553315540224,0.3090980048236439)
(0.7766051084130938,0.3038668492312407)
(0.7697833035062608,0.2986707718800759)
(0.76299009440458,0.2935096011984735)
(0.7562256483440771,0.2883831697979539)
(0.749490122526134,0.2832913143587554)
(0.7427836644109538,0.27823387551724527)
(0.7361064120042371,0.27321069775520557)
(0.729458494137074,0.2682216292908959)
(0.722840030739967,0.2632665219724277)
(0.7162511331092254,0.2583452311720462)
(0.7096919041683327,0.253457615683174)
(0.7031624387226022,0.24860353761879883)
(0.69666282370795,0.24378286231174834)
(0.690193138433882,0.23899545821676388)
(0.6837534548202814,0.23424119681424577)
(0.6773438376295078,0.22951995251597693)
(0.6709643446920055,0.2248316025723204)
(0.6646150271269995,0.2201760269812802)
(0.6582959295578209,0.2155531083992405)
(0.6520070903220252,0.21096273205338284)
(0.6457485416764681,0.20640478565578343)
(0.6395203099973847,0.20187915931915165)
(0.63332241597563,0.19738574547421728)
(0.6271548748071325,0.1929244387887239)
(0.6210176963787261,0.18849513608804241)
(0.6149108854493588,0.18409773627733747)
(0.6088344418271684,0.17973214026551362)
(0.6027883605407383,0.1753982508897595)
(0.5967726320088975,0.17109597284349887)
(0.5907872422035189,0.16682521260397082)
(0.5848321728093859,0.1625858783621107)
(0.5789074013808878,0.15837787995440264)
(0.5730129014924386,0.15420112879476294)
(0.5671486428874325,0.15005553780931818)
(0.5613145916222132,0.14594102137185538)
(0.5555107102065688,0.14185749524081828)
(0.5497369577406195,0.1378048764976825)
(0.543993290048153,0.13378308348669263)
(0.5382796598064838,0.12979203575593848)
(0.5325960166729172,0.12583165399975668)
(0.5269423074078765,0.12190186000243511)
(0.5213184759947804,0.11800257658320874)
(0.5157244637567271,0.11413372754251994)
(0.5101602094700616,0.11029523760953462)
(0.504625649474312,0.10648703239061959)
(0.4991207177820387,0.10270903832037101)
(0.4936453461799744,0.09896118261120687)
(0.4881994643335588,0.0952433932070315)
(0.48278299988333445,0.09155559873531832)
(0.47739587854427956,0.08789772846351808)
(0.47203802419726104,0.08426971225367327)
(0.46670935898052934,0.08067148051959912)
(0.4614098033781176,0.07710296418486551)
(0.45613927630574813,0.07356409464185645)
(0.4508976951942847,0.0700548037118845)
(0.44568497607080293,0.06657502360634807)
(0.440501033637307,0.06312468688890999)
(0.43534578134715846,0.059703726438684414)
(0.4302191314792565,0.056312075414413014)
(0.42512099521001445,0.05294966721961275)
(0.420051282683186,0.04961643546868553)
(0.41500990307757896,0.046312313953965664)
(0.40999676467270235,0.04303723661369558)
(0.4050117749123966,0.039791137500913856)
(0.4000548404664869,0.03657395075323708)
(0.39512586729050114,0.03338561056352392)
(0.3902247606835092,0.030226051151406138)
(0.38535142534411426,0.027095206735669584)
(0.3805057654246585,0.023993011507471854)
(0.3756876845836681,0.020919399604380006)
(0.37089708603660815,0.0178743050852177)
(0.3661338726049579,0.01485766190569668)
(0.3613979467636916,0.011869403894828403)
(0.356689210687169,0.008909464732092913)
(0.35200756629349705,0.0059777779253511855)
(0.3473529152873911,0.0030742767894868994)
(0.34272515920158214,0.00019889442576467763)
(0.3381241994367926,-0.002648436298120971)
(0.3335499373003054,-0.005467782767295796)
(0.3290022740431745,-0.00825921263829939)
(0.32448111089608717,-0.011022793857006713)
(0.3199863491038952,-0.013758594675905003)
(0.3155178899588725,-0.01646668367073314)
(0.3110756348326637,-0.019147129756492017)
(0.30665948520700304,-0.02180000220282886)
(0.30226934270319,-0.024425370648818844)
(0.2979051091103566,-0.02702330511713939)
(0.29356668641255385,-0.029593876027652226)
(0.28925397681467424,-0.03213715421038842)
(0.2849668827673462,-0.03465321091802189)
(0.2807053069904833,-0.037142117837622314)
(0.2764691524961388,-0.039603947102062324)
(0.2722583226100747,-0.042038771300732025)
(0.26807272099247087,-0.04444666348979044)
(0.2639122516576852,-0.04682769720189905)
(0.25977681899311816,-0.04918194645546358)
(0.25566632777722303,-0.05150948576340779)
(0.251580683196702,-0.05381039014148832)
(0.24751979086290188,-0.05608473511617785)
(0.2434835568274573,-0.058332596732129136)
(0.23947188759717133,-0.060554051559234656)
(0.2354846901481791,-0.06274917669930247)
(0.23152187193937485,-0.06491804979234657)
(0.22758334092517632,-0.06706074902265302)
(0.22366900556716693,-0.06917735312372848)
(0.21977877484595418,-0.07126794138445368)
(0.2159125582711915,-0.07333259365323352)
(0.21207026589146497,-0.07537139034261325)
(0.20825180819525352,-0.07738441224857433)
(0.2044570966338203,-0.07937174133389434)
(0.20068604274259016,-0.0813334595153261)
(0.19693855880234096,-0.0832696494964921)
(0.19321455766962753,-0.08518039456037295)
(0.18951395278265828,-0.0870657785714613)
(0.18583665816663616,-0.08892588597759993)
(0.1821825884385518,-0.09076080181150677)
(0.17855165881146493,-0.09257061169200277)
(0.17494378509827305,-0.09435540182494037)
(0.17135888371499652,-0.09611525900385061)
(0.1677968716835823,-0.09785027061030538)
(0.16425766663425617,-0.09956052461401166)
(0.16074118680741825,-0.10124610957263415)
(0.1572473510551092,-0.10290711463136691)
(0.15377607884206632,-0.10454362952224779)
(0.1503272902463562,-0.1061557445632279)
(0.14690090595963284,-0.10774355065700222)
(0.14349684728699866,-0.10930713928961067)
(0.14011503614651455,-0.1108466025288115)
(0.13675539506833959,-0.11236203302223155)
(0.1334178471935356,-0.1138535239953068)
(0.13010231627253796,-0.11532116924901406)
(0.1268087266633038,-0.11676506315739868)
(0.12353700332915069,-0.1181853006649069)
(0.12028707183630268,-0.11958197728353068)
(0.11705885835113687,-0.12095518908975987)
(0.11385228963716035,-0.12230503272136023)
(0.11066729305172208,-0.12363160537397908)
(0.10750379654245702,-0.12493500479757275)
(0.10436172864349266,-0.12621532929267965)
(0.1012410184714098,-0.12747267770652856)
(0.09814159572097803,-0.1287071494289934)
(0.09506339066067271,-0.1299188443884004)
(0.09200633412797497,-0.1311078630471886)
(0.08897035752447247,-0.13227430639743276)
(0.08595539281076801,-0.13341827595622618)
(0.08296137250119989,-0.13453987376094104)
(0.07998822965838509,-0.13563920236434976)
(0.07703589788758804,-0.13671636482963884)
(0.0741043113309405,-0.13777146472529045)
(0.07119340466148595,-0.13880460611985973)
(0.06830311307710052,-0.13981589357663735)
(0.06543337229425109,-0.14080543214821079)
(0.06258411854163662,-0.14177332737091558)
(0.05975528855369395,-0.14271968525919498)
(0.056946819563988435,-0.1436446122998639)
(0.054158649298489125,-0.14454821544627916)
(0.0513907159687341,-0.14543060211242578)
(0.048642958264903065,-0.14629188016691527)
(0.045915315348787455,-0.14713215792690895)
(0.04320772684667492,-0.1479515441519579)
(0.04052013284214917,-0.1487501480377731)
(0.037852473868812415,-0.14952807920992273)
(0.03520469090293875,-0.1502854477174669)
(0.032576725356053646,-0.1510223640265169)
(0.02996851906746022,-0.15173893901374547)
(0.027380014296699423,-0.15243528395983144)
(0.02481115371596785,-0.15311151054285005)
(0.02226188040248111,-0.15376773083160764)
(0.01973213783079452,-0.15440405727893242)
(0.0172218698650951,-0.155020602714915)
(0.014731020751445948,-0.15561748034009804)
(0.012259535110016534,-0.15619480371863356)
(0.009807357927270765,-0.15675268677139398)
(0.007374434548150258,-0.1572912437690468)
(0.004960710668230619,-0.15781058932509673)
(0.0025661323258615635,-0.15831083838889023)
(0.0001906458943140176,-0.15879210623859605)
(-0.0021658019261025026,-0.15925450847415237)
(-0.004503264115903914,-0.15969816101018977)
(-0.0068217933443145305,-0.1601231800689333)
(-0.009121441977122197,-0.16052968217307453)
(-0.011402262084552691,-0.160917784138635)
(-0.013664305449107836,-0.16128760306780232)
(-0.01590762357341654,-0.16163925634175336)
(-0.018132267688041912,-0.16197286161346997)
(-0.02033828875929627,-0.16228853680052785)
(-0.02252573749700923,-0.16258640007789457)
(-0.024694664362292704,-0.1628665698706957)
(-0.0268451195752642,-0.16312916484700019)
(-0.028977153122745954,-0.16337430391057486)
(-0.0310908147659336,-0.16360210619365395)
(-0.033186154048026204,-0.16381269104969978)
(-0.03526322030182521,-0.16400617804615783)
(-0.037322062657285715,-0.16418268695722246)
(-0.03936273004903986,-0.16434233775659837)
(-0.041385271223861986,-0.1644852506102692)
(-0.043389734748103564,-0.16461154586926555)
(-0.04537616901506884,-0.1647213440624492)
(-0.047344622252352565,-0.16481476588929497)
(-0.04929514252911547,-0.16489193221268916)
(-0.05122777776332222,-0.16495296405173446)
(-0.0531425757289117,-0.16499798257456644)
(-0.05503958406292197,-0.16502710909118298)
(-0.056918850272549455,-0.16504046504629208)
(-0.05878042174216193,-0.16503817201216417)
(-0.06062434574023696,-0.16502035168151277)
(-0.062450669426252506,-0.1649871258603819)
(-0.06425943985750651,-0.16493861646105787)
(-0.0660507039958801,-0.16487494549499612)
(-0.06782450871452844,-0.1647962350657706)
(-0.06958090080451096,-0.16470260736204478)
(-0.0713199269813514,-0.16459418465056236)
(-0.07304163389153649,-0.1644710892691554)
(-0.07474606811893789,-0.16433344361979194)
(-0.07643327619116248,-0.16418137016162757)
(-0.07810330458584865,-0.1640149914041012)
(-0.0797561997368665,-0.16383442990003771)
(-0.08139200804046917,-0.1636398082387979)
(-0.0830107758613511,-0.16343124903943704)
(-0.08461254953865,-0.16320887494389982)
(-0.08619737539185823,-0.1629728086102527)
(-0.0877652997266732,-0.16272317270592251)
(-0.08931636884076213,-0.16246008990099023)
(-0.09085062902945472,-0.16218368286149776)
(-0.0923681265913621,-0.16189407424279817)
(-0.09386890783390679,-0.16159138668292594)
(-0.09535301907879257,-0.16127574279600804)
(-0.09682050666737811,-0.16094726516570654)
(-0.09827141696598969,-0.1606060763386913)
(-0.09970579637113548,-0.16025229881814895)
(-0.10112369131466357,-0.1598860550573264)
(-0.10252514826881765,-0.15950746745310623)
(-0.10391021375122934,-0.1591166583396225)
(-0.10527893432982731,-0.15871374998190887)
(-0.1066313566276557,-0.1582988645695791)
(-0.10796752732762613,-0.15787212421055297)
(-0.10928749317718899,-0.15743365092481235)
(-0.11059130099290684,-0.15698356663819474)
(-0.11187899766496827,-0.1565219931762259)
(-0.11315063016161232,-0.15604905225799512)
(-0.11440624553346807,-0.15556486549005125)
(-0.11564589091781861,-0.1550695543603675)
(-0.11686961354278626,-0.15456324023231027)
(-0.11807746073143084,-0.15404604433867533)
(-0.11926947990577527,-0.1535180877757448)
(-0.12044571859073824,-0.1529794914973956)
(-0.12160622441800321,-0.15243037630923972)
(-0.12275104512979214,-0.15187086286280674)
(-0.12388022858256816,-0.15130107164977624)
(-0.12499382275065161,-0.15072112299622506)
(-0.1260918757297678,-0.1501311370569511)
(-0.12717443574049533,-0.149531233809803)
(-0.1282415511316587,-0.14892153305007952)
(-0.12929327038361693,-0.14830215438494304)
(-0.1303296421114998,-0.14767321722790613)
(-0.13135071506834028,-0.14703484079332463)
(-0.13235653814814793,-0.14638714409096262)
(-0.13334716038888386,-0.1457302459205762)
(-0.13432263097538918,-0.14506426486656127)
(-0.1352829992421965,-0.14438931929261523)
(-0.136228314676294,-0.14370552733647218)
(-0.13715862691980443,-0.14301300690465257)
(-0.13807398577258193,-0.14231187566727518)
(-0.1389744411947369,-0.14160225105289873)
(-0.13986004330908455,-0.1408842502434118)
(-0.14073084240352324,-0.14015799016896574)
(-0.14158688893332197,-0.13942358750294195)
(-0.14242823352335635,-0.1386811586569765)
(-0.1432549269702496,-0.137930819776012)
(-0.14406702024445134,-0.13717268673340247)
(-0.14486456449224014,-0.13640687512605407)
(-0.14564761103765056,-0.13563350026961377)
(-0.14641621138433275,-0.13485267719369912)
(-0.14717041721733576,-0.13406452063716628)
(-0.14791028040481946,-0.13326914504342632)
(-0.14863585299970292,-0.1324666645558063)
(-0.1493471872412258,-0.13165719301294332)
(-0.15004433555646202,-0.13084084394422854)
(-0.15072735056174166,-0.13001773056529378)
(-0.1513962850640208,-0.12918796577353914)
(-0.15205119206217266,-0.12835166214370092)
(-0.15269212474821428,-0.12750893192346585)
(-0.1533191365084659,-0.12665988702913034)
(-0.15393228092464406,-0.1258046390412929)
(-0.15453161177488386,-0.12494329920059555)
(-0.15511718303470226,-0.124075978403509)
(-0.15568904887788948,-0.12320278719815805)
(-0.15624726367734104,-0.12232383578018652)
(-0.15679188200581906,-0.12143923398866983)
(-0.15732295863665735,-0.12054909130206218)
(-0.15784054854439758,-0.11965351683419875)
(-0.15834470690536084,-0.11875261933032619)
(-0.15883548909817197,-0.11784650716318022)
(-0.1593129507041996,-0.11693528832911113)
(-0.15977714750795427,-0.11601907044424012)
(-0.16022813549742035,-0.11509796074066829)
(-0.16066597086431758,-0.11417206606271643)
(-0.16109071000432512,-0.1132414928632191)
(-0.16150240951722608,-0.11230634719984786)
(-0.16190112620700725,-0.11136673473148469)
(-0.1622869170818923,-0.11042276071463158)
(-0.16265983935432837,-0.10947452999986523)
(-0.16301995044090548,-0.1085221470283311)
(-0.1633673079622306,-0.10756571582827737)
(-0.16370196974273493,-0.10660534001162959)
(-0.16402399381044053,-0.1056411227706143)
(-0.16433343839665862,-0.10467316687440839)
(-0.16463036193564787,-0.10370157466584519)
(-0.16491482306420882,-0.10272644805814835)
(-0.16518688062123446,-0.101747888531715)
(-0.16544659364720304,-0.10076599713093234)
(-0.16569402138362554,-0.09978087446104254)
(-0.16592922327243811,-0.09879262068503993)
(-0.16615225895534538,-0.09780133552061217)
(-0.16636318827311944,-0.09680711823712176)
(-0.16656207126484499,-0.09581006765262304)
(-0.1667489681671137,-0.09481028213093111)
(-0.16692393941318293,-0.09380785957870988)
(-0.16708704563207352,-0.09280289744261772)
(-0.1672383476476344,-0.0917954927064874)
(-0.1673779064775459,-0.09078574188853943)
(-0.1675057833322997,-0.08977374103864304)
(-0.16762203961410815,-0.08875958573560867)
(-0.16772673691579285,-0.08774337108452412)
(-0.16781993701961803,-0.08672519171413103)
(-0.1679017018960798,-0.08570514177423197)
(-0.16797209370266375,-0.08468331493314453)
(-0.1680311747825458,-0.0836598043751919)
(-0.16807900766326705,-0.08263470279822588)
(-0.16811565505536077,-0.08160810241119623)
(-0.16814117985093469,-0.08058009493175387)
(-0.16815564512222453,-0.07955077158389096)
(-0.1681591141201032,-0.07852022309562075)
(-0.16815165027255147,-0.07748853969669668)
(-0.16813331718309296,-0.07645581111636485)
(-0.16810417862918742,-0.07542212658115648)
(-0.16806429856059701,-0.0743875748127174)
(-0.16801374109770598,-0.07335224402567504)
(-0.16795257052981336,-0.07231622192553991)
(-0.16788085131338554,-0.07127959570665053)
(-0.16779864807027292,-0.07024245205014237)
(-0.16770602558590472,-0.06920487712197278)
(-0.16760304880743593,-0.06816695657096115)
(-0.16748978284186683,-0.06712877552688058)
(-0.1673662929541375,-0.06609041859858168)
(-0.16723264456517672,-0.06505196987214858)
(-0.1670889032499383,-0.06401351290909531)
(-0.16693513473538463,-0.0629751307445979)
(-0.16677140489846462,-0.061936905885760174)
(-0.1665977797640365,-0.06089892030991431)
(-0.16641432550278779,-0.059861255462962254)
(-0.16622110842910556,-0.058823992257746795)
(-0.1660181949989302,-0.05778721107245842)
(-0.16580565180758192,-0.05675099174908421)
(-0.16558354558755092,-0.05571541359187902)
(-0.16535194320627358,-0.05468055536588334)
(-0.16511091166387815,-0.05364649529547196)
(-0.16486051809089664,-0.05261331106293246)
(-0.1646008297459709,-0.051581079807087635)
(-0.16433191401351033,-0.050549878121941526)
(-0.1640538384013486,-0.04951978205536824)
(-0.16376667053836438,-0.04849086710783176)
(-0.16347047817207577,-0.04746320823113675)
(-0.16316532916622914,-0.04643687982721825)
(-0.1628512914983464,-0.045411955746963294)
(-0.16252843325726632,-0.044388509289062954)
(-0.1621968226406532,-0.04336661319890151)
(-0.1618565279524942,-0.04234633966747792)
(-0.16150761760057536,-0.04132776033036176)
(-0.16115016009392885,-0.040310946266676695)
(-0.1607842240402746,-0.03929596799812529)
(-0.16040987814343563,-0.03828289548803854)
(-0.1600271912007356,-0.03727179814046409)
(-0.15963623210038153,-0.036262744799283715)
(-0.15923706981882554,-0.03525580374736276)
(-0.1588297734181191,-0.034251042705736104)
(-0.1584144120432336,-0.03324852883281976)
(-0.1579910549193831,-0.03224832872365949)
(-0.1575597713493227,-0.03125050840921098)
(-0.15712063071063492,-0.030255133355648972)
(-0.15667370245299314,-0.029262268463708184)
(-0.15621905609543058,-0.028271978068061192)
(-0.15575676122357054,-0.027284325936719336)
(-0.15528688748686692,-0.02629937527047181)
(-0.15480950459581125,-0.025317188702352056)
(-0.15432468231914467,-0.02433782829713625)
(-0.15383249048104655,-0.023361355550871956)
(-0.15333299895831606,-0.022387831390440684)
(-0.15282627767754542,-0.021417316173144487)
(-0.15231239661227408,-0.020449869686330672)
(-0.15179142578014032,-0.01948555114704116)
(-0.15126343524002314,-0.01852441920169493)
(-0.15072849508916394,-0.01756653192579909)
(-0.15018667546029543,-0.01661194682369076)
(-0.14963804651874685,-0.015660720828308033)
(-0.14908267845955156,-0.014712910300993282)
(-0.14852064150454236,-0.01376857103132082)
(-0.14795200589943164,-0.012827758236958276)
(-0.14737684191090916,-0.011890526563557798)
(-0.14679521982369018,-0.010956930084670516)
(-0.14620720993761238,-0.010027022301699424)
(-0.1456128825646723,-0.009100856143872101)
(-0.14501230802609624,-0.00817848396824734)
(-0.14440555664938315,-0.00725995755974985)
(-0.14379269876535014,-0.0063453281312319835)
(-0.143173804705183,-0.005434646323565796)
(-0.1425489447974564,-0.0045279622057607825)
(-0.14191818936518058,-0.003625325275113033)
(-0.14128160872281975,-0.00272678445737954)
(-0.14063927317332736,-0.0018323881069830948)
(-0.13999125300516274,-0.0009421840072413836)
(-0.13933761848931253,-0.00005621937062745076)
(-0.13867843987631046,0.0008254591609439568)
(-0.13801378739325493,0.0017028055158042048)
(-0.13734373124081645,0.002575774192187494)
(-0.13666834159026037,0.0034443202578649064)
(-0.1359876885804536,0.004308399349747785)
(-0.13530184231488335,0.00516796767346629)
(-0.13461087285865742,0.006022982002920867)
(-0.13391485023552824,0.006873399679806521)
(-0.1332138444249022,0.007719178613110988)
(-0.13250792535884842,0.008560277278586817)
(-0.13179716291911472,0.009396654718196888)
(-0.13108162693414802,0.010228270539533828)
(-0.1303613871761021,0.011055084915213618)
(-0.12963651335786838,0.01187705858224312)
(-0.12890707513008695,0.012694152841362516)
(-0.1281731420781782,0.013506329556361158)
(-0.12743478371936348,0.014313551153369335)
(-0.12669206949969616,0.015115780620122546)
(-0.12594506879110054,0.015912981505204468)
(-0.12519385088839904,0.016705117917259347)
(-0.12443848500636093,0.01749215452418554)
(-0.12367904027674219,0.01827405655229851)
(-0.12291558574534425,0.019050789785474677)
(-0.12214819036905279,0.019822320564265986)
(-0.12137692301291204,0.02058861578499287)
(-0.12060185244717948,0.021349642898811735)
(-0.11982304734440608,0.02210536991076099)
(-0.11904057627649754,0.022855765378776507)
(-0.11825450771181208,0.023600798412691894)
(-0.11746491001223941,0.024340438673209328)
(-0.11667185143030295,0.025074656370847787)
(-0.11587540010625476,0.025803422264868262)
(-0.11507562406518812,0.026526707662177098)
(-0.11427259121415445,0.027244484416201396)
(-0.11346636933929333,0.027956724925750992)
(-0.11265702610294367,0.02866340213384223)
(-0.11184462904081649,0.02936448952651791)
(-0.11102924555911502,0.03005996113162682)
(-0.11021094293170433,0.030749791517592356)
(-0.10938978829727981,0.031433955792154585)
(-0.10856584865653304,0.03211242960109017)
(-0.1077391908693424,0.0327851891269101)
(-0.10690988165196717,0.03345221108753734)
(-0.1060779875742471,0.03411347273495933)
(-0.10524357505681593,0.03476895185386149)
(-0.10440671036832898,0.03541862676024006)
(-0.10356745962269484,0.03606247629998871)
(-0.10272588877631679,0.036700479847469776)
(-0.10188206362535591,0.03733261730406007)
(-0.10103604980298221,0.037958869096677915)
(-0.10018791277667288,0.038579216176288005)
(-0.09933771784548238,0.03919364001638762)
(-0.09848553013735303,0.039802122611468926)
(-0.09763141460642098,0.040404646475463886)
(-0.09677543603034854,0.04100119464016889)
(-0.0959176590076533,0.04159175065364548)
(-0.09505814795505836,0.04217629857860574)
(-0.09419696710485834,0.04275482299077619)
(-0.09333418050228129,0.04332730897723829)
(-0.09246985200289333,0.04389374213475764)
(-0.09160404526997871,0.04445410856808242)
(-0.09073682377197419,0.045008394888236096)
(-0.08986825077987945,0.04555658821077804)
(-0.08899838936470206,0.0460986761540518)
(-0.08812730239491785,0.04663464683741798)
(-0.08725505253393116,0.0471644888794571)
(-0.08638170223756222,0.04768819139616572)
(-0.08550731375154212,0.048205743999126284)
(-0.08463194910902337,0.048717136793663414)
(-0.08375567012810962,0.04922236037697932)
(-0.08287853840939237,0.049721405836271965)
(-0.08200061533350997,0.050214264746836)
(-0.08112196205871347,0.050700929170143835)
(-0.08024263951846188,0.05118139165191554)
(-0.07936270841901256,0.051655645220156886)
(-0.07848222923705032,0.052123683383201114)
(-0.07760126221731078,0.05258550012771517)
(-0.07671986737023462,0.05304108991669726)
(-0.0758381044696318,0.0534904476874588)
(-0.07495603305036093,0.05393356884958352)
(-0.07407371240602806,0.05437044928287653)
(-0.07319120158670184,0.054801085335294944)
(-0.07230855939664198,0.05522547382085713)
(-0.0714258443920474,0.055643612017546557)
(-0.07054311487882294,0.05605549766518909)
(-0.06966042891035522,0.056461128963319694)
(-0.0687778442853136,0.056860504569032536)
(-0.06789541854546836,0.05725362359481981)
(-0.06701320897351927,0.057640485606383275)
(-0.06613127259094742,0.05802109062044725)
(-0.06524966615588583,0.05839543910254265)
(-0.06436844616100085,0.058763531964780624)
(-0.06348766883140189,0.059125370563617594)
(-0.06260739012255478,0.05948095669759618)
(-0.06172766571822678,0.05983029260507544)
(-0.060848551028442686,0.06017338096194853)
(-0.05997010118746515,0.0605102248793487)
(-0.059092371051781604,0.06084082790132937)
(-0.05821541519812383,0.061165194002550084)
(-0.05733928792149539,0.06148332758592218)
(-0.05646404323322659,0.0617952334802751)
(-0.055589734859039126,0.062100916937974586)
(-0.05471641623713271,0.062400383632548455)
(-0.05384414051630008,0.06269363965629807)
(-0.05297296055404682,0.062980691517893)
(-0.05210292891473831,0.06326154613994622)
(-0.051234097867764464,0.06353621085659242)
(-0.050366519385722654,0.06380469341104072)
(-0.049500245142625174,0.06406700195311879)
(-0.04863532651211618,0.06432314503681218)
(-0.04777181456571925,0.0645731316177765)
(-0.046909760071096936,0.06481697105085425)
(-0.04604921349033715,0.06505467308756682)
(-0.045190224978249476,0.06528624787360633)
(-0.044332844380689296,0.065511705946303)
(-0.04347712123290233,0.06573105823209711)
(-0.04262310475788534,0.0659443160439866)
(-0.04177084386476443,0.066151491078968)
(-0.04092038714720195,0.06635259541547164)
(-0.04007178288182104,0.06654764151077998)
(-0.03922507902664276,0.0667366421984375)
(-0.038380323219552245,0.06691961068565166)
(-0.037537562776786874,0.06709656055068246)
(-0.0366968446914347,0.06726750574022292)
(-0.03585821563196236,0.06743246056677032)
(-0.035021721940759455,0.06759143970598362)
(-0.034187409632711774,0.06774445819403728)
(-0.03335532439377506,0.06789153142496682)
(-0.03252551157959975,0.06803267514799452)
(-0.03169801621414534,0.06816790546485835)
(-0.030872882988342037,0.06829723882712414)
(-0.03005015625875281,0.0684206920335002)
(-0.029229880046271167,0.06853828222712345)
(-0.0284120980348307,0.06865002689285947)
(-0.027596853570142337,0.06875594385457678)
(-0.02678418965844848,0.0688560512724262)
(-0.025974148965296102,0.06895036764010655)
(-0.025166773814340574,0.06903891178211957)
(-0.02436210618616052,0.0691217028510196)
(-0.023560187717098852,0.06919876032466486)
(-0.022761059698131084,0.06927010400344644)
(-0.0219647630737267,0.06933575400751778)
(-0.02117133844078262,0.06939573077402139)
(-0.020380826047532396,0.06945005505430431)
(-0.01959326579249308,0.0694987479111201)
(-0.018808697223439717,0.06954183071583826)
(-0.018027159536394128,0.06957932514564302)
(-0.01724869157463113,0.06961125318071451)
(-0.016473331827722076,0.06963763710142441)
(-0.01570111843058145,0.06965849948550315)
(-0.014932089162543932,0.06967386320522431)
(-0.014166281446465243,0.06968375142456383)
(-0.013403732347844581,0.06968818759636862)
(-0.01264447857395678,0.06968719545950781)
(-0.011888556473022383,0.0696807990360336)
(-0.011136002033389795,0.06966902262831905)
(-0.010386850882746837,0.06965189081621075)
(-0.009641138287334615,0.06962942845416249)
(-0.008898899151215047,0.06960166066836668)
(-0.008160168015527368,0.06956861285389118)
(-0.007424979057788832,0.06953031067180222)
(-0.006693366091208142,0.06948678004628396)
(-0.0059653625640173555,0.0694380471617627)
(-0.005241001558834694,0.06938413846001863)
(-0.004520315792045824,0.06932508063729803)
(-0.0038033376131966575,0.0692609006414233)
(-0.0030900990044220077,0.06919162566889586)
(-0.0023806315798918574,0.06911728316200225)
(-0.001674966585273867,0.06903790080591005)
(-0.0009731348972202592,0.06895350652576894)
(-0.0002751670228813486,0.06886412848380451)
(0.000418906900563612,0.06876979507641269)
(0.0011090571063610782,0.06867053493124255)
(0.0017952541985965561,0.06856637690429931)
(0.0024774691526137705,0.06845735007701576)
(0.003155673315383667,0.06834348375334895)
(0.0038298384058716444,0.06822480745686293)
(0.00449993651537845,0.06810135092779993)
(0.0051659401078581,0.06797314412017862)
(0.005827822020209227,0.0678402171988631)
(0.006485555462554962,0.06770260053664445)
(0.007139114018499036,0.06756032471132502)
(0.00778847164535308,0.06741342050278773)
(0.008433602674348534,0.06726191889008232)
(0.009074481810829364,0.06710585104849902)
(0.009711084134417245,0.06694524834665043)
(0.010343385099163058,0.06678014234353963)
(0.01097136053366545,0.06661056478565087)
(0.011594986641181625,0.06643654760401826)
(0.01221423999971143,0.06625812291131083)
(0.012829097562057684,0.06607532299890718)
(0.013439536655865223,0.06588818033398448)
(0.014045534983644387,0.06569672755658787)
(0.014647070622769189,0.06550099747672065)
(0.015244122025457626,0.06530102307143341)
(0.015836668018726147,0.06509683748189708)
(0.01642468780432681,0.06488847401050027)
(0.01700816095866703,0.06467596611793061)
(0.017587067432698517,0.06445934742027341)
(0.018161387551791003,0.06423865168609875)
(0.018731102015598015,0.06401391283356048)
(0.019296191897873145,0.06378516492748591)
(0.019856638646290184,0.06355244217648771)
(0.02041242408223986,0.06331577893005501)
(0.020963530400590454,0.06307520967566674)
(0.021509940169447097,0.06283076903589689)
(0.022051636329879873,0.06258249176552648)
(0.022588602195630022,0.06233041274865549)
(0.02312082145280852,0.06207456699582504)
(0.02364827815955759,0.0618149896411399)
(0.02417095674570317,0.0615517159393867)
(0.024688842012385085,0.06128478126316882)
(0.025201919131668547,0.0610142211000391)
(0.025710173646130548,0.06074007104963786)
(0.026213591468429782,0.060462366820828874)
(0.026712158880857578,0.06018114422884863)
(0.027205862534871627,0.05989643919246128)
(0.02769468945059655,0.05960828773110589)
(0.028178627016329495,0.0593167259620588)
(0.02865766298799723,0.05902179009760318)
(0.02913178548861684,0.058723516442189184)
(0.02960098300772463,0.058421941389622485)
(0.030065244400793726,0.05811710142023072)
(0.030524558888623012,0.05780903309805834)
(0.03097891605671124,0.057497773068056264)
(0.03142830585462197,0.0571833580532786)
(0.031872718595308616,0.05686582485208612)
(0.032312144954440944,0.056545210335357636)
(0.03274657596969923,0.05622155144370085)
(0.03317600304005644,0.055894885184680804)
(0.033600417925039885,0.0555652486300425)
(0.03401981274397465,0.055232678912947926)
(0.03443417997520571,0.05489721322522103)
(0.03484351245530758,0.054558888814591706)
(0.035247803378265566,0.054217742981952394)
(0.03564704629465439,0.05387381307862153)
(0.03604123511078538,0.05352713650361735)
(0.036430364087831534,0.05317775070092519)
(0.036814427840957654,0.052825693156792856)
(0.03719342133840375,0.05247100139701812)
(0.03756733990057395,0.05211371298424741)
(0.03793617919909604,0.05175386551528768)
(0.03829993525586089,0.0513914966184223)
(0.03865860444205336,0.051026643950730595)
(0.03901218347715961,0.05065934519542745)
(0.03936066942796405,0.05028963805919932)
(0.039704059707513506,0.049917560269554136)
(0.04004235207408365,0.04954314957218074)
(0.040375544630115195,0.04916644372831795)
(0.04070363582113765,0.048787480512121624)
(0.041026624434677535,0.04840629770806368)
(0.04134450959914438,0.04802293310830921)
(0.041657290782707614,0.0476374245101337)
(0.04196496779215314,0.04724980971333066)
(0.042267540771717765,0.04686012651762722)
(0.042565010201919676,0.04646841272012597)
(0.04285737689836216,0.046074706112741184)
(0.04314464201052823,0.04567904447964829)
(0.04342680702054766,0.045281465594746426)
(0.043703873741966805,0.04488200721913285)
(0.04397584431848708,0.0444807070985781)
(0.0442427212226925,0.04407760296102093)
(0.0445045072547613,0.043672732514070216)
(0.0447612055411669,0.043266133442518506)
(0.045012819533352524,0.04285784340586052)
(0.04525935300640273,0.04244790003583055)
(0.04550081005769173,0.04203634093394361)
(0.04573719510552314,0.04162320366905951)
(0.04596851288774477,0.0412085257749382)
(0.04619476846035524,0.040792344747820855)
(0.04641596719610545,0.04037469804402516)
(0.04663211478306092,0.03995562307753595)
(0.04684321722317535,0.03953515721762419)
(0.04704928083082765,0.039113337786465446)
(0.04725031223137276,0.03869020205677873)
(0.04744631835964252,0.038265787249469274)
(0.04763730645846186,0.037840130531289644)
(0.04782328407713634,0.03741326901250752)
(0.048004259069935405,0.03698523974459304)
(0.04818023959455119,0.03655607971790808)
(0.048351234110550353,0.03612582585941573)
(0.048517251377814055,0.03569451503040075)
(0.048678300454959474,0.035262184024197465)
(0.0488343906977517,0.03482886956393874)
(0.04898553175749772,0.03439460830030563)
(0.04913173357944233,0.03395943680930717)
(0.049273006401126626,0.03352339159005316)
(0.04940936075075512,0.03308650906255293)
(0.04954080744554483,0.03264882556552757)
(0.04966735759004992,0.0322103773542224)
(0.0497890225744964,0.03177120059824946)
(0.04990581407308159,0.03133133137943149)
(0.050017744042280786,0.030890805689663573)
(0.050124824719124626,0.030449659428786278)
(0.050227068619480564,0.030007928402477072)
(0.05032448853631203,0.029565648320145178)
(0.05041709753793063,0.02912285479285526)
(0.050504908966234933,0.028679583331248957)
(0.05058793643494099,0.028235869343493127)
(0.050666193827796996,0.02779174813323103)
(0.05073969529679053,0.027347254897557252)
(0.050808455260346594,0.02690242472500155)
(0.050872488401507605,0.0264572925935243)
(0.050931809666108226,0.02601189336853249)
(0.050986434260944936,0.02556626180090747)
(0.05103637765192001,0.025120432525044013)
(0.05108165556219427,0.02467444005690889)
(0.05112228397031089,0.02422831879210855)
(0.05115827910832428,0.023782103003976048)
(0.0511896574599107,0.023335826841670737)
(0.051216435758472185,0.022889524328290525)
(0.051238630985231085,0.0224432293590044)
(0.05125626036731301,0.021996975699192144)
(0.051269341375825964,0.02155079698260859)
(0.051277891723919874,0.021104726709551224)
(0.05128192936484898,0.020658798245053785)
(0.0512814724900165,0.020213044817087567)
(0.05127653952702018,0.01976749951478258)
(0.05126714913767302,0.019322195286659172)
(0.05125332021603418,0.018877164938878897)
(0.05123507188641946,0.01843244113351001)
(0.0512124235014051,0.017988056386805337)
(0.05118539463983505,0.017544043067502908)
(0.051154005104795425,0.01710043339513042)
(0.05111827492161027,0.01665725943833654)
(0.05107822433580784,0.016214553113231243)
(0.051033873811090376,0.0157723461817444)
(0.05098524402729602,0.015330670250000475)
(0.050932355878345464,0.01488955676670468)
(0.050875230470191594,0.014449037021551406)
(0.050813889118756776,0.014009142143644352)
(0.05074835334785929,0.013569903099930267)
(0.05067864488715085,0.013131350693658863)
(0.05060478567001779,0.012693515562843307)
(0.05052679783150821,0.012256428178751807)
(0.050444703706224996,0.011820118844403099)
(0.05035852582623683,0.011384617693088975)
(0.05026828691896272,0.010949954686902817)
(0.050174009905061816,0.01051615961529075)
(0.05007571789631816,0.010083262093617887)
(0.049973434193514285,0.009651291561749275)
(0.04986718228430365,0.009220277282648423)
(0.049756985841072486,0.008790248340991073)
(0.04964286871880864,0.008361233641797845)
(0.04952485495294577,0.007933261909079196)
(0.049402968757224774,0.007506361684501479)
(0.049277234521529954,0.0070805613260647325)
(0.049147676809739894,0.006655889006802096)
(0.049014320357556304,0.006232372713490618)
(0.04887719007033989,0.005810040245382177)
(0.048736311020939636,0.0053889192129503325)
(0.04859170844751593,0.004969037036651895)
(0.0484434077513623,0.004550420945708653)
(0.04829143449471742,0.004133097976900839)
(0.04813581439858522,0.0037170949733831126)
(0.04797657334053866,0.0033024385835121995)
(0.04781373735253128,0.002889155259694165)
(0.04764733261869422,0.0024772712572474083)
(0.04747738547314259,0.0020668126332828367)
(0.04730392239776788,0.0016578052456000464)
(0.04712697002003533,0.0012502747516016717)
(0.04694655511077342,0.0008442466072232117)
(0.04676270458196244,0.00043974606588000997)
(0.04657544548452819,0.000036798177432031364)
(0.04638480500611715,-0.0003645722128355204)
(0.04619081046888365,-0.0007643404652147545)
(0.04599348932727455,-0.0011624821465599116)
(0.04579286916579936,-0.0015589730312563445)
(0.045588977696813304,-0.0019537891021707094)
(0.04538184275829535,-0.002346906551588278)
(0.045171492311613895,-0.002738301782126856)
(0.04495795443930833,-0.0031279514076413503)
(0.0447412573428557,-0.0035158322541043387)
(0.0445214293404454,-0.0039019213604756004)
(0.044298498864745,-0.0042861959795498965)
(0.04407249446067456,-0.0046686335787914455)
(0.04384344478316996,-0.00504921184114902)
(0.043611378594959296,-0.005427908665857009)
(0.043376324764320774,-0.005804702169214033)
(0.043138312262859024,-0.006179570685351772)
(0.042897370163268354,-0.006552492766980861)
(0.04265352763710541,-0.0069234471861239774)
(0.042406813952551144,-0.0072924129348291575)
(0.042157258472185426,-0.007659369225867556)
(0.0419048906507528,-0.00802429549341473)
(0.04164974003293107,-0.008387171393712527)
(0.041391836251108975,-0.008747976805718783)
(0.04113120902314822,-0.009106691831734261)
(0.04086788815016455,-0.009463296798018802)
(0.04060190351429496,-0.00981777225538378)
(0.0403332850764771,-0.01017009897977506)
(0.04006206287422502,-0.010520257972833378)
(0.03978826701940344,-0.010868230462440162)
(0.0395119276960133,-0.011213997903247345)
(0.03923307515797199,-0.011557541977189233)
(0.038951739726892705,-0.01189884459397672)
(0.0386679517898769,-0.0122378878915782)
(0.03838174179729582,-0.012574654236677984)
(0.03809314026058471,-0.012909126225124225)
(0.0378021777500353,-0.013241286682356685)
(0.03750888489259075,-0.013571118663818084)
(0.03721329236964179,-0.013898605455348774)
(0.03691543091483287,-0.014223730573567548)
(0.03661533131186061,-0.014546477766229908)
(0.03631302439228458,-0.014866831012577011)
(0.03600854103333704,-0.015184774523661954)
(0.03570191215573345,-0.015500292742662581)
(0.03539316872149839,-0.015813370345179326)
(0.03508234173177479,-0.016123992239510818)
(0.03476946222465891,-0.016432143566920365)
(0.03445456127302198,-0.01673780970187973)
(0.03413766998234761,-0.017040976252302494)
(0.033818819488565556,-0.017341629059753796)
(0.03349804095589551,-0.017639754199652493)
(0.03317536557468417,-0.017935337981446385)
(0.03285082455927002,-0.01822836694878534)
(0.03252444914582555,-0.018518827879663705)
(0.03219627059021535,-0.018806707786553113)
(0.031866320165873,-0.019091993916525177)
(0.03153462916165619,-0.01937467375134545)
(0.031201228879729228,-0.019654735007561475)
(0.0308661506334385,-0.01993216563657082)
(0.030529425745198825,-0.02020695382467285)
(0.030191085544382552,-0.020479087993106413)
(0.0298511613652139,-0.020748556798069192)
(0.029509684544678023,-0.0210153491307266)
(0.02916668642041373,-0.021279454117196256)
(0.02882219832864185,-0.021540861118524768)
(0.02847625160207218,-0.02179955973064307)
(0.028128877567837326,-0.022055539784313127)
(0.027780107545418466,-0.02230879134504967)
(0.02742997284458533,-0.022559304713034953)
(0.027078504763342313,-0.02280707042301344)
(0.02672573458587371,-0.02305207924416886)
(0.02637169358050881,-0.02329432217999866)
(0.02601641299767915,-0.02353379046814979)
(0.02565992406789486,-0.02377047558026764)
(0.025302257999718546,-0.024004369221800936)
(0.024943445977756974,-0.02423546333182137)
(0.024583519160646126,-0.024463750082795676)
(0.024222508679056624,-0.024689221880375315)
(0.023860445633698307,-0.024911871363144194)
(0.02349736109333775,-0.025131691402367415)
(0.02313328609281859,-0.025348675101722593)
(0.02276825163109482,-0.025562815797007893)
(0.022402288669263172,-0.025774107055847338)
(0.022035428128618115,-0.02598254267737315)
(0.021667700888694907,-0.02618811669189337)
(0.02129913778534647,-0.02639082336056049)
(0.02092976960879947,-0.026590657174992805)
(0.02055962710174565,-0.02678761285691845)
(0.0201887409574202,-0.026981685357777774)
(0.01981714181770238,-0.027172869858327987)
(0.019444860271221408,-0.027361161768222092)
(0.01907192685146826,-0.027546556725585203)
(0.018698372034916894,-0.02772905059655783)
(0.01832422623915725,-0.02790863947485566)
(0.017949519821039452,-0.02808531968128459)
(0.01757428307481268,-0.028259087763254382)
(0.017198546230299185,-0.028429940494288968)
(0.016822339451048385,-0.02859787487350081)
(0.016445692832523763,-0.028762888125073577)
(0.016068636400283953,-0.02892497769771473)
(0.015691200108183607,-0.02908414126410327)
(0.015313413836579125,-0.029240376720323775)
(0.014935307390545063,-0.029393682185284233)
(0.01455691049809787,-0.029544056000119563)
(0.014178252808433385,-0.029691496727589185)
(0.01379936389017371,-0.02983600315144786)
(0.013420273229623145,-0.0299775742758207)
(0.013041010229034365,-0.03011620932455135)
(0.01266160420488548,-0.03025190774054545)
(0.012282084386163402,-0.03038466918509113)
(0.011902479912667924,-0.030514493537184727)
(0.011522819833317405,-0.0306413808928266)
(0.011143133104465047,-0.03076533156430801)
(0.010763448588230534,-0.03088634607949409)
(0.01038379505083811,-0.031004425181084032)
(0.010004201160972823,-0.031119569825866018)
(0.009624695488136102,-0.031231781183958758)
(0.0092453065010227,-0.03134106063803139)
(0.00886606256590153,-0.03144740978252957)
(0.008486991945020079,-0.031550830422876625)
(0.008108122794997128,-0.03165132457465852)
(0.007729483165248517,-0.03174889446281191)
(0.007351100996418071,-0.03184354252078671)
(0.0069730041188158605,-0.03193527138971417)
(0.006595220250865243,-0.03202408391753503)
(0.006217776997577809,-0.03210998315814411)
(0.005840701849015313,-0.03219297237051029)
(0.00546402217879442,-0.03227305501779234)
(0.005087765242561291,-0.032350234766427045)
(0.004711958176527761,-0.032424515485230176)
(0.00433662799597855,-0.032495901244469)
(0.003961801593809786,-0.03256439631492462)
(0.0035875057390754857,-0.03263000516695693)
(0.0032137670755490264,-0.03269273246954291)
(0.002840612120293523,-0.03275258308931688)
(0.002468067262237466,-0.032809562089584625)
(0.0020961587607847454,-0.03286367472935228)
(0.0017249127444084482,-0.03291492646231424)
(0.0013543552092852116,-0.032963322935854536)
(0.0009845120179075475,-0.03300886999002828)
(0.0006154088977555578,-0.033051573656529804)
(0.0002470714399334944,-0.033091440157666366)
(-0.00012047490214754247,-0.03312847590529718)
(-0.0004872048140953892,-0.03316268749978442)
(-0.0008530931218305593,-0.03319408172892396)
(-0.0012181147928864771,-0.03322266556687225)
(-0.0015822449376785817,-0.03324844617305831)
(-0.0019454588107847524,-0.03327143089108193)
(-0.0023077318121765924,-0.03329162724762019)
(-0.0026690394884775403,-0.033309042951309244)
(-0.0030293575341803886,-0.03332368589161925)
(-0.0033886617928635667,-0.03333556413772373)
(-0.003746928258385859,-0.033344685937358357)
(-0.0041041330760833205,-0.03335105971567219)
(-0.004460252543933848,-0.03335469407407168)
(-0.0048152631137191124,-0.03335559778904746)
(-0.005169141392179809,-0.03335377981100329)
(-0.005521864142139412,-0.03334924926307072)
(-0.005873408283630017,-0.033342015439917896)
(-0.0062237508949957165,-0.033332087806549164)
(-0.006572869213994599,-0.0333194759970942)
(-0.006920740638867203,-0.033304189813593614)
(-0.007267342729411012,-0.033286239224774056)
(-0.007612653208029956,-0.03326563436481627)
(-0.007956649960778722,-0.03324238553211297)
(-0.008299311038381383,-0.03321650318802302)
(-0.008640614657247594,-0.03318799795562152)
(-0.008980539200469309,-0.033156880618422514)
(-0.009319063218807508,-0.033123162119127)
(-0.009656165431663673,-0.033086853558334496)
(-0.009991824728032632,-0.033047966193263695)
(-0.010326020167447759,-0.03300651143645758)
(-0.010658730980913453,-0.032962500854492295)
(-0.010989936571815908,-0.03291594616666651)
(-0.01131961651682924,-0.03286685924369252)
(-0.011647750566795298,-0.03281525210637524)
(-0.011974318647609597,-0.032761136924297524)
(-0.012299300861072825,-0.03270452601447664)
(-0.012622677485736354,-0.032645431840038125)
(-0.012944428977735513,-0.03258386700886569)
(-0.013264535971611322,-0.03251984427225592)
(-0.013582979281107842,-0.03245337652356404)
(-0.013899739899966273,-0.03238447679683894)
(-0.014214799002697471,-0.03231315826546413)
(-0.014528137945345411,-0.032239434240776244)
(-0.014839738266235497,-0.03216331817069455)
(-0.015149581686704659,-0.03208482363833675)
(-0.015457650111820768,-0.032003964360629536)
(-0.01576392563109358,-0.031920754186917574)
(-0.016068390519155977,-0.03183520709755995)
(-0.016371027236449957,-0.031747337202534774)
(-0.01667181842987905,-0.03165715874002085)
(-0.016970746933467642,-0.031564686074997954)
(-0.01726779576898278,-0.03146993369781426)
(-0.01756294814657118,-0.03137291622277626)
(-0.017856187465342732,-0.03127364838671647)
(-0.01814749731398116,-0.031172145047565183)
(-0.018436861471310437,-0.03106842118291224)
(-0.018724263906860175,-0.03096249188857072)
(-0.019009688781418302,-0.03085437237712823)
(-0.019293120447558574,-0.03074407797651375)
(-0.019574543450168666,-0.030631624128532903)
(-0.019853942526947697,-0.03051702638741369)
(-0.0201313026089044,-0.030400300418359397)
(-0.020406608820835753,-0.030281461996074486)
(-0.02067984648178082,-0.03016052700331251)
(-0.020951001105485284,-0.030037511429396337)
(-0.021220058400819763,-0.02991243136875173)
(-0.021487004272216028,-0.029785303019437034)
(-0.021751824820059263,-0.029656142681658684)
(-0.022014506341094076,-0.02952496675629521)
(-0.02227503532878852,-0.02939179174341299)
(-0.022533398473711306,-0.02925663424078489)
(-0.022789582663876016,-0.02911951094239673)
(-0.023043574985076417,-0.02898043863695785)
(-0.023295362721205803,-0.028839434206415833)
(-0.023544933354569128,-0.028696514624450546)
(-0.023792274566179952,-0.028551696954988538)
(-0.024037374236023062,-0.028404998350693166)
(-0.024280220443341324,-0.02825643605147345)
(-0.024520801466871075,-0.028106027382980826)
(-0.024759105785088418,-0.027953789755094206)
(-0.024995122076424417,-0.027799740660428836)
(-0.025228839219481863,-0.02764389767281977)
(-0.02546024629322859,-0.027486278445820474)
(-0.025689332577170706,-0.02732690071118733)
(-0.025916087551534173,-0.02716578227737088)
(-0.026140500897403038,-0.0270029410280035)
(-0.026362562496869645,-0.02683839492038937)
(-0.026582262433154504,-0.026672161983990587)
(-0.02679959099072592,-0.026504260318910823)
(-0.027014538655383655,-0.02633470809437895)
(-0.027227096114354726,-0.02616352354723887)
(-0.027437254256361756,-0.02599072498043088)
(-0.027645004171677028,-0.02581633076147714)
(-0.027850337152165488,-0.025640359320963098)
(-0.028053244691313914,-0.02546282915102517)
(-0.028253718484250685,-0.02528375880382729)
(-0.02845175042774254,-0.025103166890056063)
(-0.02864733262018496,-0.024921072077396456)
(-0.028840457361574805,-0.024737493089012134)
(-0.029031117153478607,-0.02455244870204598)
(-0.029219304698970598,-0.02436595774609036)
(-0.029405012902574586,-0.024178039101680687)
(-0.029588234870178556,-0.023988711698776942)
(-0.02976896390895261,-0.023797994515260615)
(-0.029947193527229816,-0.023605906575410174)
(-0.0301229174343984,-0.02341246694840207)
(-0.030296129540760563,-0.023217694746794415)
(-0.030466823957397627,-0.02302160912502211)
(-0.03063499499599903,-0.02282422927789005)
(-0.030800637168699862,-0.022625574439062632)
(-0.03096374518788809,-0.02242566387956699)
(-0.03112431396602065,-0.022224516906287)
(-0.0312823386153952,-0.022022152860464283)
(-0.03143781444793538,-0.02181859111619513)
(-0.031590736974955354,-0.021613851078941305)
(-0.03174110190690476,-0.021407952184024713)
(-0.03188890515310872,-0.0212009138951443)
(-0.0320341428214978,-0.020992755702883326)
(-0.032176811218307955,-0.02078349712321402)
(-0.03231690684779726,-0.0205731576960247)
(-0.03245442641190788,-0.02036175698361995)
(-0.03258936680996803,-0.02014931456925546)
(-0.032721725138334906,-0.0199358500556495)
(-0.03285149869004831,-0.0197213830635101)
(-0.03297868495447161,-0.019505933230066823)
(-0.033103281616912256,-0.01928952020759259)
(-0.03322528655823306,-0.01907216366194576)
(-0.033344697854454916,-0.018853883271100942)
(-0.03346151377634402,-0.018634698723690276)
(-0.03357573278898564,-0.018414629717547006)
(-0.03368735355134907,-0.018193695958252667)
(-0.03379637491583796,-0.017971917157685518)
(-0.033902795927830985,-0.017749313032570845)
(-0.03400661582520999,-0.017525903303046767)
(-0.03410783403786917,-0.017301707691215796)
(-0.03420645018723531,-0.01707674591971893)
(-0.0343024640857344,-0.016851037710291814)
(-0.03439587573630167,-0.016624602782354034)
(-0.03448668533182454,-0.016397460851568627)
(-0.034574893254613305,-0.016169631628433725)
(-0.034660500075852065,-0.015941134816867993)
(-0.03474350655501537,-0.015711990112794182)
(-0.034823913639310665,-0.015482217202739186)
(-0.034901722463074075,-0.01525183576242652)
(-0.03497693434718393,-0.015020865455386228)
(-0.03504955079844395,-0.014789325931558696)
(-0.03511957350896152,-0.014557236825909573)
(-0.03518700435551476,-0.01432461775704311)
(-0.03525184539891167,-0.014091488325829649)
(-0.035314098883334734,-0.013857868114031023)
(-0.03537376723567324,-0.013623776682933261)
(-0.03543085306485125,-0.013389233571983345)
(-0.035485359161138146,-0.01315425829743557)
(-0.03553728849544989,-0.012918870350995915)
(-0.035586644218649655,-0.012683089198480034)
(-0.03563342966081578,-0.012446934278467622)
(-0.03567764833052505,-0.012210425000972245)
(-0.03571930391410957,-0.011973580746109144)
(-0.035758400274903686,-0.011736420862771622)
(-0.03579494145249432,-0.011498964667316411)
(-0.03582893166193939,-0.01126123144224563)
(-0.03586037529299904,-0.011023240434908002)
(-0.03588927690934035,-0.010785010856192708)
(-0.0359156412477357,-0.010546561879235786)
(-0.03593947321726319,-0.01030791263814054)
(-0.03596077789848219,-0.01006908222668655)
(-0.03597956054259649,-0.009830089697056526)
(-0.03599582657063375,-0.009590954058572729)
(-0.036009581572591404,-0.009351694276430384)
(-0.036020831306563625,-0.009112329270440471)
(-0.03602958169790003,-0.008872877913784083)
(-0.036035838838317395,-0.008633359031769405)
(-0.03603960898501624,-0.008393791400594677)
(-0.03604089855978905,-0.008154193746120723)
(-0.03603971414811251,-0.007914584742645616)
(-0.03603606249824774,-0.007674983011695552)
(-0.036029950520305366,-0.007435407120810922)
(-0.03602138528532574,-0.007195875582347594)
(-0.036010374024335476,-0.0069564068522826854)
(-0.035996924127409194,-0.006717019329030236)
(-0.03598104314271055,-0.006477731352258204)
(-0.03596273877552286,-0.006238561201718506)
(-0.03594201888728427,-0.005999527096080613)
(-0.03591889149461056,-0.005760647191776799)
(-0.03589336476829734,-0.0055219395818502616)
(-0.035865447032329134,-0.005283422294813043)
(-0.03583514676287943,-0.005045113293512266)
(-0.03580247258729112,-0.004807030474003689)
(-0.035767433283069486,-0.004569191664432455)
(-0.035730037776830675,-0.004331614623919322)
(-0.0356902951432897,-0.004094317041460156)
(-0.03564821460420764,-0.0038573165348289675)
(-0.035603805527346696,-0.0036206306494913796)
(-0.035557077425400145,-0.0033842768575235243)
(-0.03550803995494356,-0.003148272556541659)
(-0.03545670291534948,-0.0029126350686385777)
(-0.03540307624771843,-0.00267738163932815)
(-0.035347170033781086,-0.0024425294364985753)
(-0.03528899449481978,-0.0022080955493742793)
(-0.0352285599905539,-0.001974096987484894)
(-0.035165877018037695,-0.001740550679642695)
(-0.03510095621055841,-0.0015074734729316713)
(-0.03503380833649551,-0.0012748821316999658)
(-0.034964444298208275,-0.0010427933365637382)
(-0.03489287513089825,-0.0008112236834209429)
(-0.03481911200147429,-0.0005801896824704484)
(-0.03474316620739627,-0.0003497077572420212)
(-0.0346650491755396,-0.00011979424363493263)
(-0.03458477246102027,0.00010953461103601572)
(-0.03450234774604193,0.0003382626489843545)
(-0.03441778683872404,0.0005663738028866795)
(-0.03433110167192637,0.000793852096810794)
(-0.034242304302068136,0.0010206816471311263)
(-0.03415140690794096,0.0012468466634398762)
(-0.03405842178951321,0.0014723314494441636)
(-0.03396336136674386,0.0016971204038584717)
(-0.03386623817836728,0.0019211980212847375)
(-0.03376706488068599,0.002144548893085629)
(-0.03366585424637428,0.002367157708247082)
(-0.03356261916323907,0.0025890092542326733)
(-0.033457372633006674,0.0028100884178275986)
(-0.03335012777009459,0.0030303801859755597)
(-0.03324089780038303,0.0032498696466027504)
(-0.03312969605996409,0.0034685419894359493)
(-0.03301653599391914,0.0036863825068102507)
(-0.03290143115505675,0.0039033765944660264)
(-0.03278439520266763,0.004119509752337256)
(-0.03266544190127974,0.004334767585332767)
(-0.0325445851193754,0.004549135804101579)
(-0.03242183882815475,0.004762600225797917)
(-0.032297217100249596,0.004975146774826724)
(-0.03217073410846731,0.00518676148358929)
(-0.032042404124504015,0.005397430493210129)
(-0.031912241517668145,0.00560714005426117)
(-0.03178026075360513,0.005815876527471785)
(-0.031646476393014634,0.006023626384434026)
(-0.03151090309034206,0.006230376208291693)
(-0.031373555592508845,0.00643611269442394)
(-0.0312344487376034,0.006640822651120363)
(-0.03109359745359056,0.006844493000239933)
(-0.030951016757002993,0.007047110777869005)
(-0.030806721751643663,0.007248663134961481)
(-0.030660727627274793,0.0074491373379739064)
(-0.030513049658301632,0.007648520769487261)
(-0.030363703202473582,0.007846800928824057)
(-0.03021270369956151,0.00804396543265052)
(-0.030060066670035336,0.008240002015568385)
(-0.029905807713756408,0.008434898530704478)
(-0.02974994250863315,0.008628642950276082)
(-0.029592486809330115,0.008821223366167317)
(-0.02943345644590764,0.009012627990468943)
(-0.0292728673225136,0.009202845156034593)
(-0.02911073541604563,0.009391863317007804)
(-0.028947076774822948,0.009579671049348286)
(-0.028781907517251085,0.009766257051346707)
(-0.02861524383047712,0.009951610144124686)
(-0.02844710196906962,0.01013571927213622)
(-0.028277498253665653,0.010318573503639789)
(-0.02810644906964465,0.010500162031187168)
(-0.027933970865766863,0.01068047417207161)
(-0.02776008015285325,0.010859499368791749)
(-0.027584793502432745,0.011037227189491697)
(-0.027408127545393568,0.011213647328392687)
(-0.02723009897064419,0.011388749606217977)
(-0.027050724523768915,0.011562523970606321)
(-0.026870021005676113,0.011734960496512408)
(-0.026688005271255942,0.011906049386602153)
(-0.026504694228029327,0.01207578097163402)
(-0.026320104834801794,0.012244145710830179)
(-0.02613425410031853,0.012411134192242467)
(-0.02594715908191066,0.012576737133101106)
(-0.025758836884144733,0.012740945380155116)
(-0.02556930465748449,0.012903749910011078)
(-0.02537857959693659,0.013065141829448608)
(-0.025186678940698544,0.013225112375732333)
(-0.024993619968816164,0.013383652916916313)
(-0.02479942000183773,0.013540754952134536)
(-0.024604096399457268,0.013696410111879631)
(-0.024407666559182813,0.01385061015827685)
(-0.0242101479149682,0.014003346985341293)
(-0.02401155793589954,0.014154612619234397)
(-0.023811914124818128,0.014304399218500012)
(-0.023611234016996833,0.014452699074294589)
(-0.023409535178791678,0.014599504610610685)
(-0.023206835206302418,0.014744808384488028)
(-0.023003151724029672,0.014888603086210137)
(-0.022798502383532374,0.0150308815394944)
(-0.02259290486210257,0.015171636701678398)
(-0.022386376861413287,0.015310861663881651)
(-0.022178936106196846,0.01544854965117423)
(-0.02197060034290236,0.015584694022720226)
(-0.021761387338372937,0.015719288271921348)
(-0.021551314878503012,0.015852326026544954)
(-0.021340400766928322,0.01598380104884869)
(-0.02112866282367976,0.01611370723568435)
(-0.02091611888388098,0.01624203861860245)
(-0.02070278679640812,0.01636878936394133)
(-0.02048868442258269,0.016493953772909912)
(-0.020273829634845777,0.01661752628165246)
(-0.020058240315448308,0.01673950146131678)
(-0.019841934355140114,0.01685987401809983)
(-0.019624929651852606,0.01697863879328895)
(-0.019407244109400597,0.017095790763295964)
(-0.01918889563617288,0.017211325039676612)
(-0.018969902143831593,0.0173252368691433)
(-0.018750281546012604,0.017437521633567887)
(-0.018530051757026104,0.01754817484996594)
(-0.018309230690583305,0.017657192170495953)
(-0.018087836258472597,0.01776456938241301)
(-0.017865886369303113,0.0178703024080433)
(-0.01764339892721011,0.017974387304739967)
(-0.017420391830576983,0.018076820264816804)
(-0.017196882970755525,0.01817759761548989)
(-0.016972890230794555,0.018276715818801952)
(-0.016748431484178566,0.018374171471538456)
(-0.016523524593547168,0.01846996130512489)
(-0.016298187409451492,0.018564082185537834)
(-0.016072437769080895,0.018656531113180195)
(-0.015846293495016327,0.01874730522276226)
(-0.015619772393981626,0.018836401783171745)
(-0.015392892255594315,0.018923818197330414)
(-0.01516567085112544,0.019009552002043722)
(-0.014938125932267834,0.01909360086784482)
(-0.014710275229885678,0.019175962598815644)
(-0.01448213645280869,0.019256635132429423)
(-0.014253727286595505,0.019335616539336523)
(-0.014025065392309789,0.019412905023187484)
(-0.013796168405318835,0.0194884989204182)
(-0.01356705393406756,0.019562396700041874)
(-0.013337739558889861,0.019634596963421517)
(-0.01310824283079077,0.019705098444033526)
(-0.012878581270264124,0.019773900007236098)
(-0.012648772366095948,0.019841000650010324)
(-0.012418833574178705,0.01990639950070618)
(-0.012188782316327414,0.019970095818766104)
(-0.011958635979113735,0.020032088994456826)
(-0.011728411912690584,0.02009237854858544)
(-0.011498127429619191,0.020150964132191678)
(-0.01126779980372088,0.020207845526258192)
(-0.01103744626892357,0.02026302264139211)
(-0.010807084018103331,0.020316495517507274)
(-0.0105767302019494,0.02036826432349601)
(-0.01034640192782015,0.020418329356879608)
(-0.010116116258626611,0.020466691043493128)
(-0.009885890211682022,0.020513349937089143)
(-0.009655740757611522,0.02055830671901493)
(-0.009425684819209126,0.020601562197811448)
(-0.00919573927034935,0.020643117308846968)
(-0.008965920934881086,0.020682973113942307)
(-0.00873624658552726,0.02072113080094027)
(-0.008506732942802547,0.02075759168334178)
(-0.00827739667391592,0.02079235719986428)
(-0.008048254391719115,0.02082542891403747)
(-0.007819322653603144,0.020856808513769403)
(-0.007590617960464375,0.020886497810912313)
(-0.007362156755624101,0.02091449874082209)
(-0.007133955423795833,0.020940813361890364)
(-0.0069060302900232125,0.020965443855113734)
(-0.006678397618654533,0.020988392523599034)
(-0.006451073612307191,0.02100966179210873)
(-0.0062240744108425445,0.021029254206557303)
(-0.005997416090347896,0.021047172433547638)
(-0.005771114662131254,0.02106341925984651)
(-0.005545186071706818,0.021077997591902535)
(-0.0053196461978086826,0.021090910455313694)
(-0.0050945108513958766,0.021102160994321457)
(-0.00486979577467144,0.02111175247127804)
(-0.0046455166401027734,0.021119688266109257)
(-0.004421689049457978,0.021125971875784636)
(-0.00419832853284745,0.02113060691374618)
(-0.003975450547755329,0.021133597109374423)
(-0.0037530704781173992,0.02113494630741598)
(-0.003531203633357261,0.021134658467413036)
(-0.003309865247473223,0.021132737663122493)
(-0.0030890704780981216,0.021129188081947158)
(-0.0028688344056011293,0.02112401402431925)
(-0.002649172032165338,0.021117219903133633)
(-0.002430098280887469,0.021108810243114364)
(-0.002211627994889071,0.02109878968022898)
(-0.00199377593643015,0.021087162961050412)
(-0.0017765567860303887,0.021073934942144535)
(-0.0015599851415963818,0.021059110589437297)
(-0.0013440755175571745,0.02104269497757441)
(-0.0011288423440192728,0.021024693289285756)
(-0.0009142999659199523,0.021005110814728317)
(-0.0007004626421693327,0.020983952950827)
(-0.00048734454484501135,0.020961225200630516)
(-0.00027495975834948143,0.020936933172622144)
(-0.00006332227862194775,0.02091108258005159)
(0.00014755398770705696,0.020883679240266174)
(0.00035765522407597936,0.0208547290740107)
(0.0005669677048010069,0.020824238104742633)
(0.0007754777958547947,0.020792212457931312)
(0.0009831719556378238,0.020758658360356126)
(0.0011900367357447672,0.020723582139397234)
(0.0013960587817188751,0.02068699022232268)
(0.0016012248338007227,0.02064888913555367)
(0.0018055217276689655,0.020609285503966682)
(0.0020089363951715164,0.020568186050136845)
(0.0022114558650461746,0.020525597593605102)
(0.002413067263633376,0.02048152705015813)
(0.0026137578155898816,0.02043598143104862)
(0.0028135148445724,0.02038896784226447)
(0.0030123257739361033,0.020340493483762115)
(0.0032101781274167848,0.02029056564871937)
(0.0034070595297855588,0.02023919172273626)
(0.0036029577075273184,0.02018637918309971)
(0.0037978604894867824,0.02013213559798301)
(0.003991755807518167,0.020076468625663948)
(0.004184631697112233,0.020019386013752218)
(0.004376476298030867,0.019960895598385285)
(0.004567277854917783,0.01990100530343477)
(0.004757024717923454,0.019839723139717488)
(0.004945705343289508,0.019777057204168284)
(0.0051333082939386135,0.019713015679054157)
(0.005319822240069199,0.019647606831146327)
(0.005505235959726685,0.019580839010902656)
(0.0056895383393617514,0.019512720651657618)
(0.0058727183743819645,0.019443260268775006)
(0.006054765169721667,0.019372466458847444)
(0.006235667940343117,0.019300347898836237)
(0.006415416011799915,0.01922691334523869)
(0.006593998820736086,0.019152171633260752)
(0.0067714059153974335,0.01907613167595339)
(0.006947626956140994,0.018998802463377634)
(0.0071226517159204755,0.018920193061737478)
(0.007296470080769328,0.018840312612537748)
(0.0074690720502814875,0.018759170331716746)
(0.007640447738066079,0.01867677550878121)
(0.007810587372206656,0.01859313750594618)
(0.007979481295709615,0.018508265757257402)
(0.008147119966939644,0.018422169767725316)
(0.008313493960043432,0.018334859112445107)
(0.008478593965373307,0.018246343435715323)
(0.008642410789898322,0.01815663245015955)
(0.008804935357593427,0.018065735935842975)
(0.008966158709844897,0.017973663739379527)
(0.009126072005817793,0.017880425773035752)
(0.00928466652283524,0.01778603201385378)
(0.009441933656746036,0.017690492502739096)
(0.009597864922264814,0.017593817343568147)
(0.009752451953327915,0.017496016702287044)
(0.009905686503427913,0.017397100806013026)
(0.010057560445930576,0.017297079942110556)
(0.010208065774399245,0.017195964457308893)
(0.010357194602898365,0.017093764756764687)
(0.010504939166293224,0.016990491303169583)
(0.010651291820534979,0.016886154615824885)
(0.010796245042947806,0.016780765269727386)
(0.010939791432485342,0.016674333894647383)
(0.01108192371000655,0.016566871174217)
(0.011222634718515008,0.016458387844996474)
(0.011361917423410986,0.01634889469555688)
(0.011499764912706949,0.016238402565546442)
(0.011636170397276852,0.016126922344778374)
(0.01177112721104558,0.01601446497228285)
(0.011904628811206302,0.0159010414353894)
(0.012036668778415334,0.015786662768786923)
(0.012167240816978439,0.0156713400536015)
(0.012296338755018482,0.015555084416445061)
(0.01242395654465975,0.015437907028494704)
(0.012550088262169226,0.015319819104551878)
(0.0126747281081158,0.015200831902096236)
(0.012797870407514681,0.015080956720360278)
(0.012919509609938967,0.014960204899378013)
(0.013039640289667169,0.01483858781905008)
(0.013158257145771103,0.014716116898201547)
(0.013275355002231136,0.014592803593638227)
(0.013390928808038546,0.014468659399210456)
(0.013504973637257564,0.014343695844854672)
(0.013617484689120536,0.01421792449566934)
(0.013728457288085593,0.014091356950954849)
(0.013837886883896398,0.013964004843277653)
(0.01394576905163202,0.013835879837524788)
(0.014052099491738593,0.01370699362995223)
(0.014156874030065233,0.013577357947247494)
(0.01426008861789013,0.013446984545582193)
(0.014361739331918895,0.013315885209664062)
(0.01446182237430086,0.013184071751797007)
(0.014560334072611128,0.013051556010928871)
(0.014657270879845126,0.012918349851710302)
(0.014752629374388248,0.012784465163552722)
(0.014846406259983867,0.012649913859679658)
(0.014938598365698757,0.012514707876188063)
(0.015029202645857755,0.012378859171096938)
(0.01511821617999718,0.012242379723412395)
(0.015205636172789123,0.012105281532180856)
(0.01529145995396274,0.011967576615546672)
(0.015375684978225187,0.011829277009816749)
(0.015458308825158792,0.011690394768513291)
(0.015539329199122999,0.011550941961437957)
(0.015618743929136461,0.011410930673736571)
(0.015696550968761273,0.011270373004956175)
(0.015772748395964258,0.0111292810681098)
(0.01584733441298803,0.010987666988744316)
(0.015920307346203155,0.010845542904007483)
(0.01599166564593752,0.010702920961705865)
(0.01606140788633278,0.010559813319386595)
(0.01612953276515607,0.010416232143395343)
(0.016196039103621458,0.010272189607954015)
(0.01626092584620871,0.010127697894237297)
(0.01632419206044785,0.009982769189433015)
(0.016385836936733594,0.009837415685838957)
(0.016445859788085247,0.009691649579917123)
(0.016504260049948826,0.009545483071395286)
(0.016561037279944218,0.009398928362333943)
(0.01661619115763086,0.00925199765621144)
(0.016669721484267267,0.009104703157016248)
(0.016721628182545346,0.008957057068326947)
(0.016771911296326353,0.008809071592405394)
(0.016820570990370022,0.008660758929284444)
(0.01686760755005416,0.008512131275865632)
(0.016913021381075716,0.008363200825009675)
(0.01695681300917098,0.008213979764643551)
(0.016998983079796134,0.008064480276850694)
(0.01703953235781508,0.00791471453698037)
(0.017078461727182994,0.0077646947127502745)
(0.017115772190611674,0.007614432963354211)
(0.01715146486924366,0.0074639414385781816)
(0.017185541002288442,0.007313232277903685)
(0.017218001946685935,0.007162317609631916)
(0.017248849176741986,0.007011209549999705)
(0.017278084283751993,0.006859920202298438)
(0.017305708975642868,0.00670846165600682)
(0.01733172507656724,0.006556845985905445)
(0.017356134526530217,0.0064050852512182194)
(0.0173789393809818,0.006253191494739754)
(0.017400141810417446,0.006101176741976367)
(0.017419744099955753,0.005949053000280879)
(0.01743774864892624,0.0057968322579990085)
(0.017454157970438054,0.005644526483614923)
(0.017468974690940338,0.005492147624899398)
(0.017482201549792808,0.005339707608067171)
(0.017493841398796756,0.005187218336926287)
(0.01750389720174992,0.0050346916920430244)
(0.017512372033985632,0.004882139529905682)
(0.017519269081891334,0.004729573682089332)
(0.0175245916424399,0.004577005954428583)
(0.017528343122694773,0.004424448126188621)
(0.01753052703932372,0.00427191194924739)
(0.01753114701810532,0.004119409147277125)
(0.01753020679341304,0.003966951414928189)
(0.017527710207700043,0.0038145504170175367)
(0.017523661210998995,0.0036622177877295072)
(0.017518063860375334,0.003509965129805483)
(0.01751092231940594,0.0033578040137511745)
(0.01750224085763715,0.003205745977040376)
(0.01749202385003535,0.003053802523324314)
(0.01748027577644642,0.0029019851216490014)
(0.01746700122102138,0.0027503052056708998)
(0.01745220487166041,0.002598774172880686)
(0.01743589151944829,0.0024474033838324046)
(0.017418066058059768,0.0022962041613720993)
(0.017398733483191257,0.0021451877898761907)
(0.01737789889196282,0.001994365514491639)
(0.017355567482325505,0.0018437485403801398)
(0.0173317445524608,0.0016933480319684922)
(0.017306435500164773,0.0015431751122043447)
(0.017279645822245834,0.001393240861811471)
(0.017251381113899705,0.0012435563185595707)
(0.01722164706807587,0.0010941324765250233)
(0.017190449474862576,0.0009449802853720047)
(0.017157794220836027,0.0007961106496247722)
(0.0171236872884251,0.0006475344279544897)
(0.017088134755259284,0.000499262432464786)
(0.017051142793519526,0.0003513054279855728)
(0.017012717669271715,0.00020367413137131762)
(0.016972865741812414,0.00005637921080386086)
(0.016931593462986644,-0.00009056871489960345)
(0.016888907376522395,-0.0002371590769739242)
(0.016844814117347114,-0.00038338135738580836)
(0.01679932041089868,-0.0005292250895124135)
(0.01675243307244087,-0.0006746798588112704)
(0.016704159006362518,-0.000819735303485691)
(0.01665450520547738,-0.0009643811151469515)
(0.016603478750318514,-0.0011086070394680189)
(0.01655108680843193,-0.0012524028768340697)
(0.01649733663365472,-0.001395758482986776)
(0.016442235565395147,-0.0015386637696624841)
(0.016385791027914095,-0.001681108705227109)
(0.016328010529592065,-0.0018230833153042247)
(0.016268901662187543,-0.0019645776833929827)
(0.016208472100111268,-0.002105581951491402)
(0.016146729599674704,-0.0022460863207038936)
(0.016083681998342526,-0.002386081051844709)
(0.016019337213989394,-0.0025255564660441624)
(0.015953703244126944,-0.002664502945333839)
(0.015886788165165398,-0.0028029109332438503)
(0.01581860013162631,-0.0029407709353776305)
(0.015749147375394446,-0.003078073519994276)
(0.015678438204925566,-0.0032148093185735468)
(0.015606481004492209,-0.0033509690263885863)
(0.015533284233381546,-0.003486543403056988)
(0.01545885642512617,-0.0036215232730995384)
(0.015383206186705191,-0.0037558995264820004)
(0.015306342197765202,-0.003889663119163125)
(0.015228273209815171,-0.004022805073624603)
(0.015149008045425278,-0.004155316479398527)
(0.015068555597436403,-0.004287188493597458)
(0.014986924828140735,-0.0044184123414229715)
(0.014904124768485443,-0.004548979316683967)
(0.014820164517247991,-0.004678880782294908)
(0.014735053240230228,-0.004808108170779052)
(0.01464880016943062,-0.004936652984756364)
(0.01456141460223344,-0.005064506797435367)
(0.014472905900569082,-0.0051916612530853124)
(0.01438328349010119,-0.005318108067517224)
(0.014292556859380539,-0.0054438390285442085)
(0.014200735559024206,-0.005568845996448701)
(0.014107829200870335,-0.00569312090443168)
(0.014013847457146034,-0.005816655759067303)
(0.01391880005961374,-0.00593944264073549)
(0.013822696798741495,-0.006061473704067482)
(0.013725547522838619,-0.0061827411783661225)
(0.013627362137226267,-0.006303237368037794)
(0.013528150603366318,-0.006422954652999414)
(0.013427922938015298,-0.00654188548909298)
(0.013326689212369267,-0.0066600224084885935)
(0.01322445955120625,-0.006777358020083309)
(0.013121244132015337,-0.006893885009885725)
(0.013017053184144811,-0.007009596141405602)
(0.012911896987929501,-0.007124484256027626)
(0.012805785873827854,-0.007238542273382518)
(0.012698730221551338,-0.0073517631917136735)
(0.012590740459194314,-0.007464140088233041)
(0.01248182706236036,-0.007575666119469821)
(0.012372000553292227,-0.007686334521621142)
(0.012261271499986522,-0.007796138610881097)
(0.012149650515331721,-0.007905071783783335)
(0.0120371482562125,-0.008013127517512554)
(0.01192377542263847,-0.008120299370232094)
(0.011809542756864633,-0.008226580981391635)
(0.011694461042504356,-0.008331966072031467)
(0.01157854110364823,-0.008436448445085102)
(0.011461793803971936,-0.008540021985659951)
(0.011344230045859644,-0.00864268066133458)
(0.011225860769512501,-0.00874441852242778)
(0.01110669695205831,-0.008845229702274625)
(0.010986749606664075,-0.008945108417485059)
(0.010866029781647132,-0.009044048968211331)
(0.010744548559582194,-0.009142045738385726)
(0.010622317056415354,-0.00923909319598311)
(0.01049934642056288,-0.009335185893237613)
(0.01037564783202553,-0.009430318466888177)
(0.010251232501495117,-0.009524485638399477)
(0.01012611166945937,-0.009617682214175832)
(0.010000296605307157,-0.0097099030857777)
(0.009873798606435773,-0.00980114323011822)
(0.009746628997360045,-0.009891397709668452)
(0.0096187991288043,-0.009980661672639835)
(0.009490320376830235,-0.010068930353175612)
(0.009361204141920204,-0.01015619907152486)
(0.009231461848093448,-0.010242463234204855)
(0.009101104942011539,-0.010327718334180835)
(0.008970144892082888,-0.010411959951007813)
(0.008838593187566341,-0.01049518375098974)
(0.00870646133768247,-0.0105773854873239)
(0.008573760870706576,-0.010658561000221417)
(0.008440503333092946,-0.01073870621705625)
(0.008306700288574725,-0.010817817152485146)
(0.008172363317272136,-0.01089588990855385)
(0.008037504014789679,-0.010972920674812488)
(0.007902133991349702,-0.01104890572842327)
(0.0077662648708819206,-0.011123841434252471)
(0.007629908290137674,-0.01119772424495818)
(0.007493075897809209,-0.011270550701075618)
(0.007355779353632631,-0.011342317431092774)
(0.007218030327505621,-0.011413021151520793)
(0.007079840498603173,-0.011482658666957208)
(0.006941221554494832,-0.01155122687014317)
(0.006802185190249115,-0.011618722742003781)
(0.006662743107563457,-0.011685143351705583)
(0.00652290701388638,-0.011750485856690343)
(0.0063826886215244865,-0.011814747502683888)
(0.006242099646768866,-0.011877925623754474)
(0.006101151809030947,-0.011940017642297783)
(0.005959856829948071,-0.012001021069066323)
(0.005818226432523484,-0.012060933503162646)
(0.005676272340244752,-0.012119752632042412)
(0.005534006276226744,-0.01217747623150251)
(0.005391439962328173,-0.012234102165659597)
(0.005248585118295216,-0.012289628386935127)
(0.005105453460894109,-0.01234405293602962)
(0.004962056703044815,-0.01239737394187103)
(0.004818406552963922,-0.01244958962158344)
(0.004674514713307602,-0.012500698280437535)
(0.004530392880306202,-0.01255069831180358)
(0.004386052742919862,-0.012599588197067831)
(0.004241505981981377,-0.012647366505584777)
(0.004096764269349629,-0.0126940318945988)
(0.003951839267056906,-0.01273958310915512)
(0.0038067426264583887,-0.01278401898202233)
(0.0036614859874156474,-0.0128273384335964)
(0.003516080977415983,-0.012869540471791027)
(0.0033705392107742176,-0.012910624191951312)
(0.0032248722877661735,-0.012950588776730998)
(0.0030790917938198965,-0.012989433495958819)
(0.002933209298668975,-0.013027157706547741)
(0.002787236355539264,-0.013063760852338199)
(0.0026411845003101574,-0.013099242463959337)
(0.0024950652507077895,-0.013133602158703996)
(0.002348890105477523,-0.013166839640372583)
(0.002202670543573944,-0.013198954699104424)
(0.0020564180233444557,-0.013229947211230659)
(0.001910143981720558,-0.01325981713910726)
(0.0017638598334147452,-0.013288564530927457)
(0.0016175769701224278,-0.013316189520560278)
(0.001471306759706678,-0.013342692327342304)
(0.0013250605454238507,-0.01336807325591913)
(0.001178849645106101,-0.013392332696007946)
(0.001032685350393882,-0.01341547112222412)
(0.000886578925941437,-0.013437489093858886)
(0.000740541608635489,-0.013458387254668474)
(0.00059458460680409,-0.013478166332645428)
(0.0004487190994696233,-0.013496827139801224)
(0.00030295623555083405,-0.013514370571932416)
(0.00015730713310626408,-0.013530797608368148)
(0.000011782878568433232,-0.013546109311750884)
(-0.00013360547401453343,-0.013560306827760287)
(-0.0002788469037354996,-0.013573391384880137)
(-0.000423930423585304,-0.013585364294114628)
(-0.000568845081190924,-0.013596226948746518)
(-0.0007135799595753216,-0.013605980824036064)
(-0.0008581241778825889,-0.0136146274769734)
(-0.0010024668921231003,-0.013622168545975095)
(-0.0011465972959050126,-0.01362860575059737)
(-0.0012905046211561997,-0.013633940891246104)
(-0.0014341781388513089,-0.013638175848878283)
(-0.0015776071597473319,-0.013641312584689279)
(-0.0017207810350613922,-0.013643353139807437)
(-0.001863689157215295,-0.013644299634981882)
(-0.0020063209605326415,-0.013644154270254557)
(-0.0021486659219384177,-0.013642919324631533)
(-0.002290713561645809,-0.013640597155768177)
(-0.002432453443873417,-0.013637190199602103)
(-0.0025738751775139946,-0.013632700970045191)
(-0.0027149684168240413,-0.0136271320586134)
(-0.00285572286210117,-0.013620486134079055)
(-0.0029961282603659114,-0.013612765942121052)
(-0.0031361744060187384,-0.013603974304951753)
(-0.0032758511415230257,-0.013594114120960673)
(-0.0034151483580420416,-0.013583188364336838)
(-0.003554055996110597,-0.0135712000846899)
(-0.003692564046284781,-0.01355815240666744)
(-0.0038306625497801583,-0.01354404852957417)
(-0.003968341599112755,-0.013528891726982288)
(-0.004105591338740215,-0.013512685346317372)
(-0.004242401965690003,-0.013495432808476667)
(-0.004378763730186233,-0.013477137607423077)
(-0.004514666936260225,-0.01345780330975617)
(-0.00465010194237361,-0.013437433554316952)
(-0.004785059162040861,-0.013416032051759962)
(-0.004919529064398408,-0.013393602584130967)
(-0.005053502174843319,-0.013370149004432369)
(-0.005186969075604237,-0.01334567523620171)
(-0.005319920406333139,-0.013320185273064335)
(-0.005452346864695054,-0.013293683178294926)
(-0.005584239206938077,-0.01326617308438046)
(-0.005715588248483547,-0.013237659192549862)
(-0.0058463848644611325,-0.013208145772336555)
(-0.005976619990304612,-0.013177637161121972)
(-0.006106284622283157,-0.013146137763651653)
(-0.006235369818072028,-0.013113652051589906)
(-0.006363866697274348,-0.01308018456303505)
(-0.006491766441986872,-0.013045739902062444)
(-0.006619060297308649,-0.013010322738219338)
(-0.006745739571887039,-0.012973937806064427)
(-0.0068717956384404776,-0.012936589904662467)
(-0.006997219934258268,-0.012898283897121176)
(-0.007122003961727487,-0.012859024710060753)
(-0.007246139288831157,-0.012818817333141897)
(-0.007369617549657911,-0.012777666818556839)
(-0.007492430444874056,-0.012735578280517879)
(-0.0076145697422334855,-0.012692556894756702)
(-0.007736027277053083,-0.012648607898005515)
(-0.007856794952680568,-0.012603736587486489)
(-0.007976864740980092,-0.012557948320383589)
(-0.00809622868277479,-0.012511248513325338)
(-0.008214878888330897,-0.012463642641852927)
(-0.008332807537784872,-0.012415136239901158)
(-0.00845000688161306,-0.012365734899247862)
(-0.00856646924105435,-0.01231544426899289)
(-0.008682187008546477,-0.012264270055010382)
(-0.008797152648170973,-0.012212218019407714)
(-0.008911358696055086,-0.012159293979976803)
(-0.009024797760788841,-0.012105503809641587)
(-0.009137462523855258,-0.012050853435920127)
(-0.009249345740015893,-0.011995348840355592)
(-0.00936044023770094,-0.011938996057958404)
