(-9.319263298818214,4.590471622960756e-13)
(-9.317520007597501,0.11473841416714989)
(-9.312293736812432,0.2293381638990424)
(-9.3035952773725,0.34366105412077713)
(-9.2914425552139,0.4575698252808135)
(-9.27586054348482,0.5709286131623359)
(-9.256881140706021,0.683603399254907)
(-9.234543015989207,0.795462448708478)
(-9.208891422678544,0.9063767330316567)
(-9.179977982044361,1.0162203348669314)
(-9.147860438899647,1.1248708323739824)
(-9.112602391225618,1.232209660974972)
(-9.074272996080781,1.338122450459174)
(-9.032946654225883,1.442499335704537)
(-8.988702676023976,1.5452352395467468)
(-8.941624931269729,1.6462301266078745)
(-8.891801485664342,1.7453892271825995)
(-8.83932422668309,1.8426232305662238)
(-8.78428848158164,1.9378484474913393)
(-8.726792630256776,2.0309869416153368)
(-8.666937715618337,2.121966630265642)
(-8.60482705404435,2.210721354900518)
(-8.540565848382991,2.2971909219778306)
(-8.47426080583556,2.381321115140135)
(-8.406019762907052,2.463063679819897)
(-8.335951319448352,2.5423762815423148)
(-8.264164483639124,2.6192224393540076)
(-8.190768329576526,2.6935714359333947)
(-8.115871668944568,2.765398206042555)
(-8.039582738045343,2.8346832050612396)
(-7.962008901278993,2.901412259401828)
(-7.883256371966531,2.9655764006404226)
(-7.80342995122114,3.027171685215023)
(-7.722632785390652,3.086199001538187)
(-7.640966142419291,3.142663866350273)
(-7.558529207310793,3.196576212101955)
(-7.47541889672007,3.2479501671028776)
(-7.391729692556622,3.2968038301090474)
(-7.3075534943514,3.34315904094632)
(-7.222979490019836,3.387041148683373)
(-7.138094044547651,3.4284787787761526)
(-7.052980606032937,3.467503600508988)
(-6.967719628437682,3.5041500959567524)
(-6.882388510334156,3.5384553315891516)
(-6.797061548875834,3.5704587335339073)
(-6.711809908178441,3.600201867411333)
(-6.626701601263531,3.627728223549811)
(-6.541801484695373,3.6530830082922274)
(-6.457171265018362,3.6763129419969247)
(-6.372869516127338,3.697466064269019)
(-6.288951706656028,3.7165915468248882)
(-6.20547024489243,3.733739516435157)
(-6.122474490105068,3.748960877022884)
(-6.04001085501605,3.762307155781958)
(-5.95812283149708,3.773830344822578)
(-5.876851063617757,3.7835827567263927)
(-5.796233417564855,3.7916168878994356)
(-5.716305055957801,3.7979852904945455)
(-5.63709851588311,3.802740452806408)
(-5.558643790009167,3.805934688001353)
(-5.480968410182377,3.8076200310083834)
(-5.4040975329456,3.807848143367035)
(-5.328054026459682,3.806670225801378)
(-5.2528585583484375,3.8041369382674923)
(-5.178529684026349,3.8002983272038424)
(-5.105083935106128,3.795203759699672)
(-5.032535907520152,3.7889018642857883)
(-4.960898349025151,3.7814404780443382)
(-4.890182245793649,3.7728665997293738)
(-4.820396907827926,3.763226348587603)
(-4.751550052963171,3.752564928568723)
(-4.6836478892553775,3.74092659761661)
(-4.616695195576969,3.7283546417364226)
(-4.550695400268529,3.714891353537815)
(-4.485650657718913,3.7005780149610823)
(-4.421561922767955,3.6854548839006402)
(-4.358429022846417,3.669561184448854)
(-4.2962507277865125,3.6529351004924853)
(-4.235024817253417,3.635613772404048)
(-4.174748145763842,3.617633296580548)
(-4.115416705271788,3.5990287275929576)
(-4.057025685327619,3.579834082722714)
(-3.999569530736516,3.560082348658947)
(-3.9430419969236783,3.539805490177281)
(-3.8874362027763794,3.519034460579444)
(-3.8327446811815262,3.4977992137291496)
(-3.778959427223341,3.4761287175072026)
(-3.726071944097629,3.4540509685256784)
(-3.674073286792051,3.431593007950396)
(-3.622954103586175,3.4087809382908607)
(-3.572704675428672,3.385639941026228)
(-3.5233149532518717,3.3621942949451804)
(-3.4747745932862775,3.338467395086302)
(-3.427072990439326,3.3144817721740107)
(-3.3801993098039684,3.290259112453172)
(-3.3341425163634484,3.265820277833134)
(-3.2888914029590857,3.2411853262592474)
(-3.244434616587851,3.21637353223677)
(-3.200760683096393,3.1914034074386346)
(-3.1578580303374877,3.166292721334612)
(-3.115715009854234,3.1410585217852365)
(-3.0743199171562687,3.115717155549297)
(-3.033661010651111,3.0902842886587174)
(-2.9937265292924056,3.0647749266193896)
(-2.954504709005534,3.039203434401102)
(-2.9159837979492558,3.0135835561836393)
(-2.8781520706706822,2.9879284348300885)
(-2.8409978412089485,2.962250631061919)
(-2.8045094752013675,2.9365621423136945)
(-2.7686754010439563,2.910874421248322)
(-2.7334841201564593,2.8851983939165744)
(-2.698924216400146,2.859544477547172)
(-2.6649843646948583,2.8339225979561102)
(-2.6316533388799246,2.8083422065661154)
(-2.598920018861812,2.782812297029036)
(-2.566773397089518,2.7573414214458722)
(-2.535202584397078,2.7319377061807377)
(-2.5041968152506753,2.706608867266574)
(-2.4737454524363294,2.6813622254017884)
(-2.443837991222357,2.6562047205382076)
(-2.414464063029271,2.631142926061843)
(-2.385613438638202,2.6061830625689244)
(-2.3572760309674305,2.5813310112405854)
(-2.3294418974451165,2.5565923268202964)
(-2.3021012420049836,2.5319722501988924)
(-2.2752444167302426,2.5074757206126077)
(-2.2488619231698377,2.483107387460058)
(-2.2229444133497442,2.458871621744583)
(-2.197482690500898,2.4347725271487537)
(-2.1724677095241396,2.410813950748141)
(-2.1478905772114545,2.3869994933717837)
(-2.123742552241723,2.363332519616955)
(-2.100015044968154,2.3398161675260556)
(-2.0766996170136385,2.316453357933583)
(-2.0537879806892656,2.2932468034911913)
(-2.031271998250459,2.270199017379058)
(-2.0091436810041827,2.247312321711604)
(-1.9873951882800542,2.224588855645797)
(-1.966018826277251,2.202030583200205)
(-1.945007046798502,2.1796393007928736)
(-1.9243524458816859,2.1574166445061205)
(-1.9040477623389436,2.135364097086221)
(-1.8840858762125443,2.113482994685872)
(-1.864459807156215,2.091774533357254)
(-1.845162712750025,2.0702397753033224)
(-1.8261878867564236,2.0488796548949324)
(-1.807528757324529,2.027694984461178)
(-1.7891788851492727,2.00668645986025)
(-1.7711319615915697,1.9858546658379248)
(-1.753381806765278,1.965200081180698)
(-1.7359223675962714,1.944723083670372)
(-1.7187477158586228,1.9244239548467825)
(-1.7018520461924909,1.904302884585173)
(-1.6852296741079973,1.8843599754945788)
(-1.6688750339790497,1.8645952471434)
(-1.6527826770307874,1.8450086401182015)
(-1.6369472693239937,1.8256000199215845)
(-1.6213635897396386,1.8063691807148365)
(-1.606026527967115,1.7873158489115064)
(-1.5909310824943081,1.768439686623693)
(-1.5760723586133398,1.7497402949748033)
(-1.5614455664288678,1.7312172172729383)
(-1.5470460188824962,1.7128699420575766)
(-1.5328691297905677,1.6946979060213396)
(-1.5189104118977566,1.6767004968118708)
(-1.5051654749479997,1.6588770557182926)
(-1.4916300237741882,1.6412268802465273)
(-1.47829985640783,1.6237492265876476)
(-1.4651708622098374,1.6064433119832882)
(-1.452239020023419,1.5893083169920117)
(-1.4395003963499788,1.5723433876603976)
(-1.4269511435487994,1.5555476376024862)
(-1.4145874980611763,1.5389201499911154)
(-1.40240577865959,1.5224599794645213)
(-1.3904023847224167,1.5061661539514857)
(-1.3785737945345942,1.4900376764181777)
(-1.366916563614565,1.4740735265397387)
(-1.3554273230677798,1.4582726622995013)
(-1.3441027779670207,1.4426340215187288)
(-1.3329397057596142,1.427156523319481)
(-1.3219349547017403,1.4118390695233107)
(-1.3110854423198495,1.3966805459882439)
(-1.3003881538992517,1.381679823886497)
(-1.289840140999844,1.3668357609252524)
(-1.2794385199989737,1.352147202512754)
(-1.2691804706613103,1.3376129828718986)
(-1.2590632347356647,1.3232319261034204)
(-1.249084114578591,1.3090028472007025)
(-1.2392404718045844,1.2949245530181699)
(-1.2295297259627085,1.280995843195139)
(-1.2199493532393775,1.2672155110369525)
(-1.2104968851870619,1.2535823443551335)
(-1.201169907478618,1.2400951262682212)
(-1.191966058686942,1.226752635964916)
(-1.1828830290896506,1.2135536494310417)
(-1.1739185594984205,1.2004969401417989)
(-1.1650704401126897,1.1875812797207377)
(-1.1563365093973612,1.174805438566755)
(-1.147714652984182,1.162168186450442)
(-1.139202802596439,1.1496682930810134)
(-1.1307989349966627,1.1373045286449999)
(-1.1225010709569994,1.1250756643178512)
(-1.1143072742990532,1.1129804727392658)
(-1.1062156507215033,1.101017728530627)
(-1.0982243471087252,1.0891862086241249)
(-1.0903315504164017,1.07748469276218)
(-1.082535486790208,1.065911963866087)
(-1.0748344206648008,1.054466808407575)
(-1.0672266538829174,1.0431480167603382)
(-1.0597105248342091,1.0319543835323657)
(-1.05228440761345,1.020884707879895)
(-1.0449467111977575,1.0099377938037593)
(-1.03769587864245,0.9991124504288845)
(-1.0305303862951725,0.9884074922676509)
(-1.0234487430279533,0.977821739467807)
(-1.0164494894868297,0.9673540180456063)
(-1.0095311973586576,0.9570031601047883)
(-1.0026924686548095,0.9467680040420378)
(-0.9959319350113637,0.9366473947394793)
(-0.9892482570054794,0.9266401837447928)
(-0.9826401234876008,0.9167452294394793)
(-0.9761062509291656,0.9069613971957984)
(-0.9696453827854821,0.8972875595228668)
(-0.9632562888734605,0.8877225962024128)
(-0.9569377647638669,0.8782653944146211)
(-0.9506886311878003,0.86891484885453)
(-0.9445077334570663,0.8596698618393797)
(-0.9383939408981596,0.8505293434073452)
(-0.9323461462995439,0.8414922114080032)
(-0.9263632653719298,0.8325573915849473)
(-0.9204442362212921,0.8237238176508731)
(-0.9145880188342895,0.814990431355497)
(-0.908793594575861,0.8063561825466274)
(-0.9030599656986881,0.7978200292247078)
(-0.8973861548642701,0.7893809375911356)
(-0.8917712046753445,0.781037882090632)
(-0.8862141772193924,0.7727898454479651)
(-0.8807141536229729,0.764635818699268)
(-0.875270233616644,0.7565748012182275)
(-0.869881535110216,0.7486058007373696)
(-0.8645471937781096,0.7407278333646944)
(-0.859266362654578,0.7329399235958719)
(-0.8540382117385518,0.7252411043222233)
(-0.8488619276079068,0.717630416834684)
(-0.8437367130429189,0.7101069108239652)
(-0.8386617866586825,0.702669644377074)
(-0.8336363825463,0.6953176839704158)
(-0.8286597499226248,0.688050104459603)
(-0.823731152788357,0.680865989066189)
(-0.8188498695942897,0.6737644293614415)
(-0.8140151929155279,0.6667445252473446)
(-0.8092264291334725,0.6598053849349509)
(-0.8044828981253882,0.6529461249202401)
(-0.799783932961388,0.6461658699576134)
(-0.7951288796086368,0.6394637530311472)
(-0.7905170966426187,0.6328389153237427)
(-0.7859479549652904,0.6262905061842763)
(-0.7814208375299488,0.619817683092871)
(-0.7769351390726726,0.6134196116243965)
(-0.7724902658501507,0.6070954654103038)
(-0.7680856353837765,0.6008444260988803)
(-0.763720676209824,0.5946656833140453)
(-0.7593948276355841,0.5885584346127493)
(-0.7551075395013106,0.582521885441084)
(-0.7508582719478166,0.5765552490891779)
(-0.7466464951896267,0.5706577466449564)
(-0.7424716892935006,0.5648286069468419)
(-0.7383333439622383,0.5590670665354791)
(-0.7342309583236155,0.5533723696045308)
(-0.7301640407243262,0.547743767950672)
(-0.726132108528851,0.5421805209226174)
(-0.722134687923049,0.5366818953697738)
(-0.7181713137224333,0.5312471655898823)
(-0.714241529184993,0.5258756132762201)
(-0.7103448858284371,0.520566527464209)
(-0.7064809432517705,0.515319204477523)
(-0.7026492689610842,0.5101329478737244)
(-0.6988494381994672,0.5050070683895046)
(-0.6950810337809273,0.49994088388553587)
(-0.6913436459282409,0.494933719291014)
(-0.6876368721146076,0.4899849065479008)
(-0.6839603169090559,0.4850937845549227)
(-0.6803135918254632,0.4802596991113558)
(-0.6766963151751447,0.4754820028606279)
(-0.6731081119228919,0.47076005523377784)
(-0.6695486135463967,0.4660932223927981)
(-0.6660174578989593,0.46148087717388986)
(-0.6625142890754353,0.4569223990306617)
(-0.6590387572812888,0.45241717397730097)
(-0.6555905187047346,0.44796459453173026)
(-0.65216923539185,0.44356405965879314)
(-0.6487745751246087,0.4392149747134768)
(-0.6454062113017542,0.43491675138420216)
(-0.6420638228224493,0.43066880763619364)
(-0.6387470939726372,0.42647056765496305)
(-0.6354557143140339,0.4223214617899134)
(-0.6321893785757072,0.4182209264980833)
(-0.6289477865481666,0.41416840428805785)
(-0.6257306429799016,0.4101633436640524)
(-0.6225376574763224,0.40620519907018793)
(-0.6193685444010221,0.4022934308349745)
(-0.6162230227793314,0.398427505116013)
(-0.6131008162040771,0.3946068938449334)
(-0.610001652743517,0.39083107467257266)
(-0.60692526485139,0.3870995309144168)
(-0.6038713892790185,0.3834117514962965)
(-0.6008397669894224,0.3797672309003722)
(-0.5978301430734072,0.37616546911139764)
(-0.5948422666675421,0.3726059715632725)
(-0.59187589087403,0.36908824908590293)
(-0.588930772682375,0.3656118178523625)
(-0.5860066728928486,0.36217619932637657)
(-0.5831033560416768,0.3587809202101176)
(-0.5802205903279293,0.3554255123923244)
(-0.5773581475420486,0.35210951289676573)
(-0.5745158029960197,0.34883246383103)
(-0.571693335455083,0.34559391233565734)
(-0.5688905270710185,0.3423934105336218)
(-0.566107163316903,0.33923051548016214)
(-0.5633430329233655,0.33610478911296904)
(-0.5605979278162521,0.33301579820273436)
(-0.557871643055699,0.32996311430406294)
(-0.5551639767765632,0.32694631370675237)
(-0.5524747301302089,0.32396497738744573)
(-0.549803707227552,0.3210186909616608)
(-0.5471507150834127,0.31810704463619693)
(-0.5445155635620761,0.3152296331619196)
(-0.541898065324072,0.31238605578693507)
(-0.5392980357741161,0.3095759162101394)
(-0.5367152930102058,0.30679882253516416)
(-0.5341496577738221,0.3040543872246932)
(-0.5316009534012227,0.30134222705517755)
(-0.5290690057757907,0.2986619630719246)
(-0.526553643281414,0.29601322054457674)
(-0.5240546967568772,0.2933956289229613)
(-0.5215719994512322,0.2908088217933316)
(-0.5191053869801275,0.2882524368349721)
(-0.5166546972830796,0.2857261157771873)
(-0.5142197705816647,0.2832295043566565)
(-0.5118004493385948,0.2807622522751636)
(-0.5093965782176963,0.2783240131576911)
(-0.5070080040447237,0.27591444451088576)
(-0.5046345757690428,0.2735332076818919)
(-0.5022761444261218,0.2711799678175496)
(-0.4999325631008487,0.268854393823963)
(-0.49760368689162765,0.2665561583264398)
(-0.49528937287526564,0.2642849376297981)
(-0.49298948007260684,0.26204041167904946)
(-0.49070386941492133,0.25982226402045444)
(-0.4884324037109981,0.25763018176295654)
(-0.48617494761495655,0.25546385553999346)
(-0.4839313675947351,0.25332297947168414)
(-0.4817015319012382,0.2512072511273996)
(-0.479485310538133,0.2491163714887065)
(-0.47728257523226303,0.2470500449126869)
(-0.4750931994046616,0.24500797909563146)
(-0.47291705814215096,0.24298988503709937)
(-0.47075402816950146,0.24099547700433585)
(-0.46860398782214396,0.23902447249705147)
(-0.4664668170194002,0.2370765922125399)
(-0.46434239723825116,0.23515156001113982)
(-0.46223061148759637,0.2332491028820231)
(-0.46013134428301933,0.23136895090931192)
(-0.4580444816220425,0.22951083723850027)
(-0.45596991095987705,0.22767449804319292)
(-0.45390752118565,0.22585967249214373)
(-0.4518572025991124,0.22406610271659427)
(-0.4498188468878401,0.22229353377791256)
(-0.4477923471049009,0.2205417136355332)
(-0.4457775976471675,0.2188103931153514)
(-0.4437744942332741,0.21709932587768924)
(-0.4417829338837623,0.2154082683869869)
(-0.4398028148999162,0.21373697988047383)
(-0.4378340368439451,0.2120852223378057)
(-0.43587650051943844,0.2104527604509248)
(-0.4339301079522151,0.20883936159425176)
(-0.43199476237159146,0.20724479579524208)
(-0.4300703681920145,0.2056688357052891)
(-0.4281568309950481,0.20411125657097923)
(-0.4262540575116923,0.2025718362057003)
(-0.4243619556050025,0.20105035496159035)
(-0.42248043425298615,0.19954659570182143)
(-0.4206094035317659,0.19806034377319773)
(-0.4187487745989822,0.19659138697905987)
(-0.4168984596774243,0.19513951555246475)
(-0.4150583720388968,0.1937045221296334)
(-0.413228425988301,0.1922862017236379)
(-0.411408536847954,0.1908843516983085)
(-0.4095986209421458,0.18949877174234855)
(-0.4077985955819557,0.18812926384364093)
(-0.4060083790503499,0.1867756322637392)
(-0.40422789058756453,0.18543768351253703)
(-0.40245705037683294,0.18411522632312705)
(-0.4006957795304332,0.18280807162685025)
(-0.398944000076109,0.1815160325285586)
(-0.39720163494385036,0.1802389242821021)
(-0.3954686079530574,0.17897656426607864)
(-0.39374484380007163,0.17772877195985673)
(-0.392030268046055,0.17649536891991913)
(-0.390324807105215,0.17527617875652815)
(-0.3886283882333262,0.1740710271107576)
(-0.3869409395165,0.17287974163189396)
(-0.38526238986018785,0.17170215195522082)
(-0.3835926683369266,0.17053808952796007)
(-0.38193170679149585,0.16938738805826617)
(-0.3802794358753283,0.16824988300570262)
(-0.37863578766052775,0.1671254117444145)
(-0.3770006949819012,0.16601381352822694)
(-0.3753740914264734,0.1649149294697088)
(-0.37375591132318114,0.16382860251944817)
(-0.3721460897327412,0.1627546774455562)
(-0.37054456243769784,0.1616930008133934)
(-0.3689512659326277,0.16064342096551373)
(-0.3673661374145251,0.15960578800182232)
(-0.36578911477333814,0.15857995375995518)
(-0.36422013658267416,0.15756577179586695)
(-0.3626591420906463,0.15656309736462695)
(-0.3611060712108895,0.15557178740143232)
(-0.35956086451371333,0.15459170050281235)
(-0.35802346321740747,0.15362269690805727)
(-0.35649380917968104,0.15266463848082715)
(-0.35497184488926004,0.15171738869098325)
(-0.353457513457603,0.15078081259659584)
(-0.3519507586107667,0.1498547768261654)
(-0.35045152468138346,0.148939149561028)
(-0.34895975660079687,0.1480338005179537)
(-0.34747539989129583,0.1471386009319408)
(-0.34599840065849014,0.1462534235391921)
(-0.3445287055837991,0.14537814256027937)
(-0.343066261917064,0.14451263368349115)
(-0.341611017469271,0.14365677404837016)
(-0.3401629206053989,0.14281044222941477)
(-0.3387219202373646,0.14197351821997853)
(-0.3372879658170988,0.14114588341633338)
(-0.33586100732970275,0.14032742060191342)
(-0.3344409952867301,0.13951801393172722)
(-0.33302788071957246,0.13871754891694812)
(-0.33162161517293187,0.13792591240966648)
(-0.33022215069840927,0.1371429925878182)
(-0.32882943984817575,0.13636867894027035)
(-0.32744343566875667,0.13560286225207818)
(-0.3260640916948863,0.13484543458989834)
(-0.3246913619434837,0.13409628928757453)
(-0.32332520090768685,0.13335532093186103)
(-0.32196556355100464,0.1326224253483306)
(-0.32061240530153423,0.13189749958741304)
(-0.3192656820462802,0.13118044191061015)
(-0.31792535012553824,0.13047115177684152)
(-0.3165913663273832,0.12976952982896128)
(-0.31526368788221737,0.12907547788040927)
(-0.3139422724574131,0.12838889890201735)
(-0.3126270781520212,0.12770969700896243)
(-0.3113180634915653,0.1270377774478589)
(-0.3100151874229076,0.1263730465839992)
(-0.3087184093091817,0.12571541188873278)
(-0.30742768892480393,0.1250647819269874)
(-0.3061429864505584,0.12442106634492686)
(-0.30486426246874454,0.12378417585774766)
(-0.30359147795839175,0.1231540222376106)
(-0.3023245942905527,0.12253051830170529)
(-0.3010635732236456,0.12191357790044963)
(-0.2998083768988791,0.12130311590581935)
(-0.298558967835722,0.12069904819980626)
(-0.29731530892745084,0.12010129166301035)
(-0.2960773634367512,0.11950976416334798)
(-0.2948450949913799,0.11892438454490142)
(-0.29361846757988574,0.11834507261687613)
(-0.29239744554739244,0.11777174914269462)
(-0.29118199359143215,0.11720433582920528)
(-0.289972076757841,0.11664275531600989)
(-0.28876766043670576,0.11608693116492129)
(-0.28756871035836606,0.11553678784951926)
(-0.2863751925894715,0.11499225074484548)
(-0.2851870735290858,0.11445324611719364)
(-0.2840043199048533,0.1139197011140345)
(-0.2828268987691998,0.11339154375402881)
(-0.2816547774955989,0.11286870291717593)
(-0.2804879237748789,0.11235110833505318)
(-0.27932630561157545,0.11183869058118176)
(-0.2781698913203446,0.1113313810614846)
(-0.2770186495223998,0.11082911200486538)
(-0.275872549142026,0.11033181645387909)
(-0.27473155940310107,0.1098394282555196)
(-0.2735956498257008,0.10935188205210479)
(-0.27246479022271,0.10886911327226098)
(-0.27133895069650865,0.10839105812201427)
(-0.27021810163568083,0.10791765357598161)
(-0.26910221371176696,0.1074488373686556)
(-0.2679912578760662,0.10698454798578864)
(-0.2668852053564699,0.10652472465588059)
(-0.26578402765434217,0.10606930734175252)
(-0.264687696541428,0.10561823673222244)
(-0.2635961840568139,0.10517145423386813)
(-0.2625094625039155,0.1047289019628909)
(-0.26142750444750834,0.104290522737059)
(-0.2603502827107939,0.10385626006775692)
(-0.2592777703724954,0.10342605815211103)
(-0.2582099407640021,0.1029998618652108)
(-0.25714676746653803,0.10257761675241114)
(-0.25608822430836387,0.10215926902173389)
(-0.2550342853620249,0.1017447655363384)
(-0.25398492494162106,0.10133405380709125)
(-0.25294011760011226,0.10092708198520936)
(-0.25189983812665523,0.10052379885499574)
(-0.25086406154398067,0.1001241538266471)
(-0.24983276310579286,0.09972809692914963)
(-0.24880591829420165,0.09933557880324911)
(-0.24778350281718273,0.09894655069451055)
(-0.2467654926060818,0.09856096444644447)
(-0.24575186381312775,0.09817877249371186)
(-0.24474259280899505,0.09779992785541967)
(-0.24373765618037435,0.09742438412847196)
(-0.2427370307275942,0.09705209548101373)
(-0.24174069346225102,0.09668301664593373)
(-0.2407486216048761,0.09631710291445471)
(-0.2397607925826369,0.09595431012978306)
(-0.23877718402704315,0.0955945946808432)
(-0.23779777377170452,0.09523791349606925)
(-0.2368225398500962,0.09488422403727763)
(-0.23585146049336236,0.09453348429360654)
(-0.23488451412813752,0.0941856527755149)
(-0.23392167937439137,0.09384068850886436)
(-0.23296293504331,0.09349855102905577)
(-0.2320082601351872,0.09315920037524009)
(-0.23105763383734926,0.09282259708458522)
(-0.2301110355220996,0.0924887021866214)
(-0.22916844474468567,0.09215747719763603)
(-0.22822984124129575,0.09182888411514313)
(-0.22729520492707045,0.09150288541241)
(-0.22636451589413692,0.09117944403304434)
(-0.22543775440967562,0.09085852338564573)
(-0.22451490091399562,0.0905400873385232)
(-0.22359593601864078,0.09022410021445518)
(-0.22268084050450834,0.08991052678552748)
(-0.22176959532000556,0.08959933226802202)
(-0.22086218157919899,0.08929048231736152)
(-0.2199585805600185,0.08898394302311168)
(-0.21905877370244953,0.08867968090404436)
(-0.21816274260677102,0.08837766290325456)
(-0.21727046903179162,0.08807785638333063)
(-0.2163819348931242,0.08778022912157883)
(-0.21549712226146664,0.08748474930530804)
(-0.21461601336090153,0.08719138552715866)
(-0.21373859056723332,0.08690010678049331)
(-0.21286483640630824,0.08661088245483338)
(-0.21199473355239457,0.08632368233135163)
(-0.21112826482654642,0.08603847657841084)
(-0.21026541319500738,0.08575523574716035)
(-0.20940616176761243,0.08547393076716996)
(-0.2085504937962372,0.08519453294213236)
(-0.20769839267322154,0.08491701394559406)
(-0.2068498419298571,0.08464134581675012)
(-0.2060048252348476,0.08436750095627184)
(-0.2051633263928273,0.08409545212220193)
(-0.20432532934285574,0.08382517242587492)
(-0.20349081815696235,0.08355663532789352)
(-0.2026597770386827,0.08328981463415608)
(-0.2018321903216302,0.08302468449191978)
(-0.20100804246806334,0.08276121938590811)
(-0.2001873180674862,0.08249939413447156)
(-0.19937000183525494,0.08223918388578386)
(-0.1985560786111942,0.08198056411408298)
(-0.19774553335824807,0.08172351061595413)
(-0.19693835116112052,0.0814679995066602)
(-0.196134517224951,0.08121400721650474)
(-0.19533401687398919,0.0809615104872457)
(-0.19453683555029586,0.08071048636853861)
(-0.19374295881245288,0.08046091221443094)
(-0.19295237233427917,0.08021276567989137)
(-0.1921650619035751,0.07996602471737538)
(-0.19138101342087402,0.07972066757343517)
(-0.1906002128982019,0.07947667278536202)
(-0.18982264645785552,0.07923401917787636)
(-0.18904830033119274,0.07899268585984102)
(-0.1882771608574389,0.07875265222102583)
(-0.18750921448249772,0.07851389792889868)
(-0.1867444477577823,0.07827640292545777)
(-0.18598284733906006,0.07804014742409704)
(-0.18522439998530027,0.07780511190651068)
(-0.184469092557541,0.07757127711962779)
(-0.1837169120177672,0.07733862407258661)
(-0.18296784542780284,0.07710713403373787)
(-0.18222187994820901,0.07687678852768713)
(-0.18147900283719956,0.07664756933236484)
(-0.18073920144955893,0.0764194584761356)
(-0.1800024632355896,0.07619243823493482)
(-0.1792687757400494,0.07596649112943477)
(-0.1785381266011133,0.07574159992226248)
(-0.17781050354934597,0.0755177476152156)
(-0.17708589440667405,0.07529491744654049)
(-0.17636428708538743,0.07507309288822679)
(-0.1756456695871302,0.07485225764332716)
(-0.17493003000192284,0.07463239564332197)
(-0.17421735650717812,0.0744134910455028)
(-0.1735076373667372,0.07419552823038929)
(-0.17280086092991065,0.07397849179917054)
(-0.1720970156305351,0.07376236657118541)
(-0.17139608998603362,0.07354713758141786)
(-0.17069807259649156,0.07333279007803338)
(-0.17000295214373304,0.0731193095199323)
(-0.16931071739042555,0.07290668157433866)
(-0.16862135717916696,0.0726948921144095)
(-0.16793486043161296,0.07248392721687691)
(-0.16725121614758406,0.07227377315971119)
(-0.16657041340420597,0.07206441641981674)
(-0.16589244135504133,0.07185584367074517)
(-0.16521728922924545,0.07164804178044204)
(-0.16454494633071975,0.07144099780901485)
(-0.1638754020372752,0.07123469900652558)
(-0.16320864579981376,0.07102913281081184)
(-0.16254466714150748,0.07082428684532721)
(-0.1618834556569948,0.07062014891700598)
(-0.16122500101157727,0.07041670701416046)
(-0.16056929294042874,0.07021394930439052)
(-0.15991632124781952,0.07001186413252194)
(-0.1592660758063323,0.06981044001856687)
(-0.15861854655610613,0.06960966565571161)
(-0.15797372350407024,0.06940952990831238)
(-0.15733159672319844,0.0692100218099361)
(-0.15669215635176736,0.06901113056140135)
(-0.15605539259261866,0.06881284552885403)
(-0.155421295712436,0.06861515624186246)
(-0.15478985604102505,0.06841805239152482)
(-0.15416106397060164,0.06822152382861293)
(-0.15353490995508756,0.06802556056172684)
(-0.1529113845094172,0.0678301527554658)
(-0.15229047820884387,0.06763529072863096)
(-0.15167218168825913,0.06744096495244242)
(-0.15105648564152377,0.06724716604877355)
(-0.15044338082079342,0.0670538847884097)
(-0.14983285803586005,0.06686111208932058)
(-0.14922490815349895,0.06666883901495861)
(-0.14861952209682455,0.06647705677257157)
(-0.14801669084464517,0.0662857567115372)
(-0.14741640543083864,0.06609493032170669)
(-0.14681865694371107,0.06590456923178316)
(-0.14622343652539702,0.06571466520770194)
(-0.14563073537123025,0.06552521015104103)
(-0.14504054472914296,0.0653361960974378)
(-0.14445285589906992,0.06514761521503358)
(-0.14386766023234454,0.06495945980292525)
(-0.1432849491311213,0.06477172228965107)
(-0.14270471404778645,0.06458439523166615)
(-0.14212694648439034,0.06439747131186367)
(-0.1415516379920705,0.06421094333808702)
(-0.14097878017049617,0.0640248042416812)
(-0.140408364667307,0.06383904707603973)
(-0.13984038317755848,0.06365366501518493)
(-0.1392748274431888,0.06346865135234687)
(-0.13871168925246533,0.06328399949857398)
(-0.1381509604394552,0.0630997029813488)
(-0.1375926328835069,0.06291575544322178)
(-0.13703669850871183,0.06273215064045876)
(-0.13648314928340313,0.0625488824417071)
(-0.13593197721962985,0.062365944826670364)
(-0.13538317437266253,0.06218333188480327)
(-0.13483673284048803,0.062001037814019354)
(-0.13429264476331385,0.061819056919404355)
(-0.1337509023230777,0.0616373836119662)
(-0.13321149774296917,0.061456012407361954)
(-0.13267442328694237,0.06127493792468277)
(-0.132139671259245,0.06109415488521275)
(-0.13160723400394964,0.06091365811122772)
(-0.13107710390449104,0.06073344252478761)
(-0.130549273383205,0.060553503146564484)
(-0.13002373490087432,0.060373835094655444)
(-0.1295004809562778,0.0601944335834384)
(-0.128979504085752,0.060015293922413386)
(-0.12846079686274461,0.05983641151507389)
(-0.12794435189738323,0.05965778185778075)
(-0.12743016183604697,0.059479400538662526)
(-0.12691821936093572,0.05930126323650021)
(-0.12640851718965246,0.0591233657196556)
(-0.12590104807478916,0.05894570384499011)
(-0.12539580480351195,0.05876827355680404)
(-0.12489278019715101,0.05859107088578197)
(-0.124391967110806,0.05841409194795734)
(-0.12389335843293868,0.058237332943678256)
(-0.12339694708498772,0.058060790156596)
(-0.12290272602096844,0.05788445995264925)
(-0.12241068822709901,0.05770833877907492)
(-0.12192082672140657,0.05753242316342012)
(-0.12143313455336167,0.05735670971256268)
(-0.12094760480349731,0.057181195111758294)
(-0.12046423058304308,0.057005876123672715)
(-0.11998300503356202,0.056830749587443365)
(-0.1195039213265868,0.0566558124177489)
(-0.11902697266326213,0.05648106160387613)
(-0.11855215227399703,0.056306494208815804)
(-0.11807945341810895,0.05613210736834987)
(-0.11760886938348569,0.05595789829015761)
(-0.11714039348624002,0.05578386425293681)
(-0.1166740190703668,0.0556100026055181)
(-0.11620973950742834,0.05543631076600467)
(-0.1157475481961932,0.05526278622091279)
(-0.1152874385623444,0.05508942652432331)
(-0.11482940405813204,0.054916229297037385)
(-0.11437343816206318,0.054743192225756285)
(-0.11391953437858676,0.054570313062246245)
(-0.11346768623777846,0.054397589622536296)
(-0.11301788729503885,0.05422501978610873)
(-0.11257013113077935,0.054052601495100126)
(-0.11212441135012671,0.05388033275351681)
(-0.11168072158262156,0.05370821162645749)
(-0.11123905548192939,0.05353623623933116)
(-0.11079940672554221,0.053364404777110463)
(-0.11036176901449396,0.05319271548355917)
(-0.10992613607307676,0.053021166660494654)
(-0.10949250164855846,0.0528497566670494)
(-0.10906085951089982,0.05267848391892754)
(-0.10863120345248511,0.05250734688769497)
(-0.10820352728785095,0.052336344100051245)
(-0.10777782485341345,0.05216547413712771)
(-0.10735409000720192,0.05199473563377809)
(-0.10693231662859831,0.05182412727789129)
(-0.1065124986180827,0.051653647809700616)
(-0.10609462989696679,0.051483296021100015)
(-0.10567870440714379,0.05131307075497741)
(-0.1052647161108423,0.05114297090454185)
(-0.1048526589903718,0.05097299541267033)
(-0.10444252704788559,0.050803143271247714)
(-0.10403431430512854,0.05063341352052893)
(-0.10362801480321046,0.05046380524849037)
(-0.10322362260235855,0.050294317590208096)
(-0.10282113178168689,0.0501249497272206)
(-0.1024205364389732,0.04995570088691936)
(-0.1020218306904183,0.049786570341924706)
(-0.10162500867043142,0.04961755740949073)
(-0.10123006453140025,0.04944866145089129)
(-0.10083699244348086,0.049279881870836685)
(-0.10044578659436397,0.049111218116880906)
(-0.10005644118907903,0.04894266967883411)
(-0.09966895044976629,0.048774236088191675)
(-0.09928330861548157,0.048605916917567674)
(-0.09889950994197098,0.048437711780114814)
(-0.09851754870148614,0.04826962032897953)
(-0.09813741918256759,0.04810164225674564)
(-0.09775911568985796,0.04793377729487915)
(-0.09738263254388911,0.04776602521319551)
(-0.0970079640809025,0.04759838581931601)
(-0.09663510465264492,0.047430858958135855)
(-0.09626404862619475,0.047263444511306)
(-0.09589479038374618,0.047096142396705676)
(-0.09552732432245936,0.046928952567926875)
(-0.09516164485425019,0.04676187501376665)
(-0.0947977464056217,0.04659490975772202)
(-0.0944356234174853,0.04642805685748564)
(-0.09407527034497953,0.046261316404459754)
(-0.09371668165730089,0.04609468852325553)
(-0.09335985183753372,0.04592817337121763)
(-0.09300477538247359,0.045761771137934726)
(-0.09265144680246414,0.045595482044770715)
(-0.09229986062123689,0.0454293063443963)
(-0.0919500113757389,0.04526324432031107)
(-0.0916018936159788,0.04509729628639743)
(-0.09125550190486563,0.044931462586450394)
(-0.0909108308180485,0.04476574359374029)
(-0.09056787494377111,0.04460013971054635)
(-0.09022662888270978,0.04443465136773335)
(-0.089887087247827,0.044269279024294936)
(-0.08954924466421964,0.04410402316693797)
(-0.08921309576898005,0.04393888430963252)
(-0.08887863521104407,0.0437738629932015)
(-0.08854585765104764,0.04360895978489263)
(-0.08821475776119346,0.04344417527796185)
(-0.08788533022510059,0.043279510091261277)
(-0.08755756973768275,0.04311496486882826)
(-0.08723147100499062,0.0429505402794841)
(-0.08690702874410729,0.04278623701642534)
(-0.0865842376829922,0.04262205579683586)
(-0.08626309256035997,0.042457997361487775)
(-0.08594358812556047,0.042294062474355326)
(-0.08562571913843885,0.04213025192222684)
(-0.08530948036922044,0.04196656651432469)
(-0.08499486659838425,0.041803007081926497)
(-0.0846818726165434,0.04163957447799282)
(-0.08437049322432638,0.041476269576792665)
(-0.08406072323225795,0.04131309327354322)
(-0.08375255746064797,0.04115004648403902)
(-0.08344599073946682,0.04098713014429883)
(-0.08314101790824754,0.04082434521020784)
(-0.08283763381595957,0.040661692657158154)
(-0.08253583332091445,0.04049917347971054)
(-0.08223561129064647,0.04033678869124208)
(-0.08193696260181278,0.04017453932360297)
(-0.08163988214008767,0.04001242642678408)
(-0.08134436480005805,0.03985045106857171)
(-0.08105040548512582,0.039688614334225554)
(-0.08075799910740496,0.03952691732613882)
(-0.0804671405876234,0.03936536116352192)
(-0.08017782485502897,0.03920394698207372)
(-0.07989004684729287,0.03904267593366205)
(-0.07960380151041299,0.038881549186010556)
(-0.07931908379862489,0.03872056792238145)
(-0.07903588867431303,0.038559733341271295)
(-0.07875421110791402,0.038399046656092894)
(-0.07847404607783737,0.038238509094883036)
(-0.07819538857037307,0.03807812189999219)
(-0.07791823357960825,0.03791788632778853)
(-0.07764257610734468,0.03775780364836483)
(-0.07736841116301522,0.037597875145242245)
(-0.07709573376360106,0.03743810211508497)
(-0.07682453893355373,0.03727848586740613)
(-0.07655482170472083,0.037119027724290495)
(-0.07628657711625911,0.03695972902010745)
(-0.07601980021457286,0.03680059110123885)
(-0.07575448605322165,0.036641615325792666)
(-0.07549062969286807,0.03648280306334276)
(-0.07522822620118925,0.03632415569464686)
(-0.07496727065280856,0.03616567461138357)
(-0.07470775812923586,0.036007361215884326)
(-0.07444968371879318,0.03584921692087756)
(-0.0741930425165464,0.035691243149215485)
(-0.07393782962424171,0.03553344133362865)
(-0.07368404015024266,0.035375812916465695)
(-0.07343166920946308,0.035218359349434195)
(-0.07318071192331038,0.03506108209336547)
(-0.0729311634196201,0.03490398261794835)
(-0.07268301883259849,0.03474706240150115)
(-0.07243627330276349,0.0345903229307105)
(-0.07219092197688919,0.034433765700408514)
(-0.07194696000794441,0.03427739221331874)
(-0.07170438255504484,0.034121203979831295)
(-0.07146318478339535,0.03396520251776315)
(-0.0712233618642334,0.03380938935212569)
(-0.0709849089747845,0.033653766014902546)
(-0.0707478212982079,0.03349833404480924)
(-0.07051209402354608,0.03334309498708435)
(-0.07027772234567718,0.0331880503932534)
(-0.07004470146526943,0.03303320182091538)
(-0.06981302658873023,0.03287855083352067)
(-0.06958269292816666,0.03272409900015843)
(-0.06935369570133369,0.032569847895341814)
(-0.06912603013159835,0.03241579909878611)
(-0.06889969144789286,0.03226195419521991)
(-0.06867467488467265,0.0321083147741517)
(-0.06845097568187927,0.03195488242968454)
(-0.06822858908489729,0.03180165876029766)
(-0.06800751034452122,0.03164864536865634)
(-0.06778773471691077,0.03149584386140144)
(-0.06756925746355975,0.03134325584896021)
(-0.06735207385125798,0.031190882945341575)
(-0.06713617915205661,0.031038726767947444)
(-0.0669215686432368,0.03088678893738417)
(-0.06670823760727458,0.030735071077262262)
(-0.06649618133180717,0.030583574814012963)
(-0.06628539510960643,0.030432301776705084)
(-0.06607587423854507,0.030281253596854962)
(-0.0658676140215694,0.03013043190823975)
(-0.06566060976666728,0.029979838346732852)
(-0.06545485678684905,0.02982947455010388)
(-0.06525035040010707,0.029679342157856555)
(-0.06504708592940311,0.029529442811041265)
(-0.06484505870263647,0.029379778152089735)
(-0.06464426405262268,0.029230349824639713)
(-0.064444697317064,0.029081159473364763)
(-0.06424635383853754,0.028932208743797937)
(-0.06404922896446369,0.028783499282180044)
(-0.06385331804708672,0.028635032735279217)
(-0.06365861644346303,0.028486810750233696)
(-0.06346511951542781,0.028338834974389063)
(-0.06327282262958883,0.028191107055137537)
(-0.06308172115730093,0.028043628639758997)
(-0.06289181047465332,0.027896401375257618)
(-0.06270308596245061,0.027749426908222345)
(-0.06251554300619773,0.02760270688464577)
(-0.06232917699608387,0.02745624294980363)
(-0.062143983326973254,0.027310036748073148)
(-0.061959957398388665,0.027164089922805452)
(-0.06177709461448206,0.027018404116170455)
(-0.06159539038405815,0.02687298096900422)
(-0.061414840120536586,0.026727822120667776)
(-0.06123543924194803,0.026582929208909367)
(-0.06105718317092206,0.026438303869714817)
(-0.06088006733468352,0.026293947737168838)
(-0.06070408716503723,0.02614986244331632)
(-0.06052923809836386,0.026006049618025922)
(-0.06035551557561183,0.02586251088885119)
(-0.06018291504229442,0.02571924788089515)
(-0.060011431948471104,0.02557626221668062)
(-0.059841061748761824,0.02543355551601377)
(-0.05967179990232146,0.025291129395857415)
(-0.059503641872851384,0.0251489854701978)
(-0.05933658312859318,0.02500712534991711)
(-0.059170619142312385,0.02486555064266866)
(-0.059005745391316984,0.02472426295275304)
(-0.05884195735743895,0.024583263880987867)
(-0.05867925052704194,0.024442555024589106)
(-0.05851762039101924,0.02430213797705353)
(-0.05835706244478846,0.024162014328030414)
(-0.05819757218830151,0.024022185663207834)
(-0.05803914512603624,0.023882653564195076)
(-0.057881776767008515,0.023743419608403874)
(-0.05772546262476191,0.023604485368937462)
(-0.057570198217382365,0.023465852414470644)
(-0.057415979067492885,0.02332752230914189)
(-0.05726280070226431,0.023189496612443322)
(-0.05711065865341273,0.02305177687910807)
(-0.056959548457212884,0.022914364658999653)
(-0.05680946565449483,0.0227772614970073)
(-0.05666040579065432,0.0226404689329374)
(-0.056512364415663194,0.022503988501413004)
(-0.05636533708406686,0.022367821731762424)
(-0.05621931935500233,0.022231970147921415)
(-0.05607430679219401,0.022096435268331126)
(-0.05593029496397547,0.02196121860583674)
(-0.05578727944328981,0.02182632166758192)
(-0.055645255807702874,0.021691745954926765)
(-0.05550421963940645,0.021557492963331145)
(-0.05536416652524037,0.021423564182269927)
(-0.0552250920566906,0.021289961095138844)
(-0.05508699182991075,0.021156685179152774)
(-0.054949861445727805,0.02102373790526129)
(-0.05481369650965658,0.02089112073805311)
(-0.0546784926319099,0.020758835135662495)
(-0.054544245427414095,0.020626882549687524)
(-0.054410950515824875,0.020495264425095243)
(-0.05427860352153303,0.020363982200134512)
(-0.054147200073684836,0.0202330373062522)
(-0.054016735806196606,0.02010243116800854)
(-0.05388720635776925,0.019972165202990347)
(-0.0537586073719007,0.01984224082172815)
(-0.053630934496903954,0.019712659427614583)
(-0.053504183385925205,0.01958342241682508)
(-0.053378349696958344,0.019454531178230924)
(-0.05325342909285922,0.019325987093332497)
(-0.053129417241371886,0.019197791536165795)
(-0.05300630981513229,0.019069945873237994)
(-0.05288410249170301,0.018942451463442225)
(-0.05276279095357726,0.018815309657990765)
(-0.052642370888203976,0.018688521800333514)
(-0.052522837988008574,0.01856208922608473)
(-0.05240418795041035,0.018436013262959877)
(-0.05228641647784052,0.018310295230691637)
(-0.05216951927776622,0.01818493644096837)
(-0.05205349206270647,0.01805993819736103)
(-0.051938330550258247,0.017935301795253693)
(-0.05182403046311305,0.01781102852177921)
(-0.05171058752907878,0.017687119655750524)
(-0.051597997481106224,0.017563576467593687)
(-0.05148625605730577,0.01744040021928525)
(-0.05137535900097143,0.017317592164283885)
(-0.05126530206060318,0.017195153547474445)
(-0.05115608098993435,0.01707308560510225)
(-0.051047691547945154,0.016951389564704385)
(-0.05094012949889676,0.01683006664506432)
(-0.050833390612349295,0.016709118056135838)
(-0.0507274706631847,0.01658854499899791)
(-0.05062236543163533,0.01646834866579077)
(-0.050518070703306654,0.016348530239656458)
(-0.05041458226920128,0.01622909089468702)
(-0.05031189592574606,0.016110031795865832)
(-0.05021000747481621,0.01599135409901918)
(-0.05010891272376027,0.015873058950753027)
(-0.0500086074854252,0.015755147488409414)
(-0.049909087578190146,0.015637620840006517)
(-0.04981034882597738,0.01552048012419442)
(-0.04971238705829818,0.015403726450200918)
(-0.049615198110261126,0.015287360917780657)
(-0.04951877782261263,0.0151713846171716)
(-0.049423122041761205,0.015055798629040395)
(-0.04932822661979595,0.014940604024440187)
(-0.049234087414527235,0.014825801864763124)
(-0.04914070028950817,0.014711393201691991)
(-0.04904806111406078,0.014597379077161982)
(-0.04895616576330785,0.01448376052330642)
(-0.04886501011820352,0.014370538562420838)
(-0.04877459006555372,0.014257714206922777)
(-0.04868490149805222,0.01414528845930332)
(-0.04859594031430941,0.01403326231208788)
(-0.048507702418879195,0.013921636747799728)
(-0.04842018372228838,0.01381041273891396)
(-0.04833338014106709,0.013699591247825006)
(-0.04824728759777555,0.013589173226806405)
(-0.04816190202104475,0.013479159617972952)
(-0.04807721934559292,0.01336955135324377)
(-0.04799323551226111,0.013260349354304002)
(-0.04790994646804726,0.013151554532581168)
(-0.047827348166131066,0.013043167789193998)
(-0.04774543656591085,0.012935190014932514)
(-0.04766420763302746,0.012827622090212182)
(-0.04758365733940062,0.01272046488506153)
(-0.04750378166325815,0.012613719259067844)
(-0.04742457658916761,0.012507386061359383)
(-0.04734603810806423,0.012401466130571534)
(-0.04726816221729049,0.012295960294821816)
(-0.04719094492062036,0.012190869371674674)
(-0.047114382228294845,0.012086194168114954)
(-0.04703847015705209,0.01198193548052507)
(-0.04696320473015995,0.01187809409465288)
(-0.04688858197745095,0.011774670785586498)
(-0.04681459793534597,0.011671666317729496)
(-0.04674124864689952,0.011569081444780435)
(-0.046668530161820855,0.0114669169096996)
(-0.04659643853651096,0.011365173444693824)
(-0.046524969834099386,0.011263851771189508)
(-0.04645412012446602,0.011162952599810044)
(-0.04638388548428537,0.011062476630357957)
(-0.04631426199705386,0.010962424551789302)
(-0.04624524575312351,0.010862797042198462)
(-0.0461768328497337,0.010763594768792798)
(-0.04610901939105074,0.010664818387876014)
(-0.046041801488186096,0.010566468544834472)
(-0.04597517525925051,0.010468545874111848)
(-0.04590913682936924,0.010371050999195873)
(-0.04584368233072818,0.010273984532600894)
(-0.04577880790259698,0.010177347075855445)
(-0.045714509691370225,0.010081139219477769)
(-0.04565078385060032,0.009985361542972667)
(-0.045587626541023676,0.00989001461481)
(-0.045525033930602844,0.009795098992409297)
(-0.04546300219455719,0.009700615222137098)
(-0.04540152751539603,0.009606563839281587)
(-0.045340606082954434,0.009512945368051962)
(-0.04528023409442501,0.009419760321557098)
(-0.04522040775439078,0.009327009201806418)
(-0.04516112327486348,0.009234692499688621)
(-0.04510237687531089,0.009142810694970345)
(-0.045044164782699125,0.009051364256280652)
(-0.04498648323151819,0.008960353641108207)
(-0.044929328463824005,0.008869779295793894)
(-0.0448726967292636,0.008779641655517702)
(-0.04481658428511688,0.008689941144296493)
(-0.044760987396325704,0.008600678174974742)
(-0.04470590233553316,0.00851185314922697)
(-0.04465132538311087,0.008423466457540529)
(-0.04459725282719685,0.008335518479220701)
(-0.04454368096372943,0.008248009582382481)
(-0.04449060609647905,0.008160940123948508)
(-0.044438024537090594,0.008074310449646648)
(-0.044385932605103436,0.007988120894004762)
(-0.044334326627997266,0.007902371780353535)
(-0.04428320294121837,0.007817063420820012)
(-0.044232557888219094,0.007732196116331704)
(-0.044182387820492657,0.0076477701566126715)
(-0.04413268909759882,0.007563785820186152)
(-0.04408345808720592,0.007480243374372841)
(-0.04403469116512275,0.007397143075295338)
(-0.043986384715325504,0.007314485167875872)
(-0.04393853513000836,0.0072322698858454226)
(-0.04389113880959481,0.007150497451738015)
(-0.04384419216279391,0.007069168076899357)
(-0.043797691606612704,0.006988281961487868)
(-0.04375163356641012,0.006907839294483722)
(-0.04370601447591469,0.006827840253688589)
(-0.043660830777265965,0.006748285005730877)
(-0.04361607892104643,0.006669173706073573)
(-0.04357175536631466,0.006590506499021727)
(-0.04352785658064012,0.006512283517727658)
(-0.04348437904013049,0.006434504884195171)
(-0.04344131922947901,0.006357170709291912)
(-0.04339867364197921,0.006280281092752702)
(-0.04335643877957365,0.006203836123195227)
(-0.043314611152874105,0.006127835878120556)
(-0.043273187281209595,0.0060522804239293015)
(-0.043232163692645154,0.005977169815925903)
(-0.04319153692402124,0.005902504098333929)
(-0.04315130352098701,0.005828283304305287)
(-0.04311146003803163,0.005754507455929815)
(-0.04307200303852092,0.00568117656424933)
(-0.043032929094715906,0.005608290629267376)
(-0.042994234787827074,0.005535849639966009)
(-0.04295591670802678,0.005463853574313189)
(-0.04291797145449606,0.0053923023992801826)
(-0.0428803956354468,0.005321196070854978)
(-0.042843185868160855,0.005250534534055052)
(-0.04280633877901692,0.00518031772294345)
(-0.042769851003527405,0.005110545560644182)
(-0.04273371918636593,0.005041217959357494)
(-0.042697939981397114,0.004972334820374483)
(-0.042662510051720524,0.004903896034096035)
(-0.042627426069685455,0.004835901480047018)
(-0.04259268471693344,0.004768351026896666)
(-0.042558282684429204,0.004701244532472942)
(-0.042524216672483434,0.004634581843782147)
(-0.042490483390793476,0.004568362797031885)
(-0.042457079558471715,0.00450258721763571)
(-0.042424001904073284,0.004437254920254733)
(-0.04239124716562661,0.004372365708792002)
(-0.04235881209067143,0.004307919376436908)
(-0.04232669343627966,0.004243915705663835)
(-0.04229488796909051,0.004180354468271682)
(-0.042263392465343656,0.004117235425390642)
(-0.04223220371090125,0.004054558327515413)
(-0.04220131850128909,0.003992322914512552)
(-0.04217073364171367,0.003930528915662022)
(-0.042140445947102666,0.0038691760496629415)
(-0.04211045224212562,0.003808264024665102)
(-0.04208074936123664,0.0037477925382945337)
(-0.0420513341486843,0.003687761277665189)
(-0.042022203458561,0.0036281699194200268)
(-0.04199335415481761,0.003569018129741891)
(-0.041964783111295735,0.0035103055643867986)
(-0.04193648721176409,0.0034520318687038345)
(-0.04190846334993423,0.0033941966776643863)
(-0.04188070842950265,0.003336799615884276)
(-0.041853219364166146,0.003279840297656023)
(-0.041825993077661536,0.0032233183269708902)
(-0.0417990265037843,0.003167233297544956)
(-0.04177231658642051,0.003111584792852054)
(-0.04174586027957498,0.0030563723861442684)
(-0.041719654547401015,0.0030015956404868573)
(-0.04169369636422052,0.002947254108782955)
(-0.041667982714558335,0.002893347333798369)
(-0.04164251059316583,0.002839874848203444)
(-0.04161727700504654,0.002786836174585621)
(-0.04159227896548742,0.0027342308254947097)
(-0.04156751350008062,0.002682058303456419)
(-0.04154297764475463,0.0026303181010259745)
(-0.04151866844579492,0.0025790097007898417)
(-0.04149458295987248,0.002528132575419593)
(-0.04147071825407243,0.0024776861876944327)
(-0.04144707140591587,0.0024276699905308326)
(-0.04142363950338768,0.002378083427025051)
(-0.041400419644960086,0.0023289259304640967)
(-0.041377408939617284,0.0022801969243830818)
(-0.04135460450688423,0.0022318958225799068)
(-0.041332003476845534,0.0021840220291587734)
(-0.04130960299017874,0.002136574938557418)
(-0.041287400198166416,0.0020895539355828153)
(-0.041265392262735456,0.002042958395446251)
(-0.04124357635646241,0.0019967876837976824)
(-0.041221949662618655,0.0019510411567572983)
(-0.04120050937517742,0.0019057181609516982)
(-0.041179252698840194,0.0018608180335531613)
(-0.04115817684907018,0.0018163401023066782)
(-0.04113727905210294,0.0017722836855766136)
(-0.0411165565449757,0.0017286480923712844)
(-0.04109600657554998,0.0016854326223858748)
(-0.04107562640252871,0.001642636566036899)
(-0.04105541329548629,0.0016002592045004666)
(-0.04103536453488476,0.0015582998097510466)
(-0.041015477412099856,0.0015167576445865689)
(-0.04099574922943929,0.00147563196268757)
(-0.04097617730016516,0.0014349220086328851)
(-0.04095675894851378,0.001394627017953298)
(-0.040937491509723097,0.0013547462171620728)
(-0.040918372330044736,0.0013152788237945849)
(-0.04089939876677119,0.0012762240464505783)
(-0.04088056818825446,0.0012375810848293705)
(-0.040861877973918485,0.0011993491297695848)
(-0.040843325514300866,0.0011615273632913116)
(-0.04082490821104133,0.0011241149586319781)
(-0.04080662347693185,0.00108711108029128)
(-0.04078846873591059,0.0010505148840671322)
(-0.04077044142310481,0.0010143255170972298)
(-0.04075253898482424,0.0009785421178998962)
(-0.04073475887860541,0.0009431638164181076)
(-0.04071709857321115,0.0009081897340555907)
(-0.0406995555486545,0.0008736189837202837)
(-0.04068212729622569,0.000839450669868371)
(-0.04066481131849328,0.0008056838885400408)
(-0.04064760512933606,0.0007723177274098268)
(-0.04063050625395076,0.0007393512658189587)
(-0.040613512228872634,0.0007067835748308734)
(-0.04059662060200552,0.0006746137172602066)
(-0.040579828932610286,0.0006428407477242994)
(-0.04056313479134479,0.0006114637126808897)
(-0.04054653576027082,0.0005804816504785317)
(-0.04053002943287485,0.0005498935913953568)
(-0.04051361341407528,0.0005196985576794327)
(-0.040497285320252215,0.0004898955636003212)
(-0.04048104277923919,0.00046048361548721846)
(-0.04046488343036912,0.0004314617117780451)
(-0.040448804924465426,0.00040282884305605404)
(-0.04043280492386296,0.00037458399210731763)
(-0.04041688110242776,0.0003467261339498876)
(-0.04040103114556463,0.0003192542358926301)
(-0.040385252750235426,0.000292167257571152)
(-0.04036954362497089,0.0002654641510009217)
(-0.040353901489880106,0.00023914386061568604)
(-0.04033832407667368,0.00021320532331694408)
(-0.04032280912866679,0.00018764746851722191)
(-0.04030735440079704,0.00016246921818984086)
(-0.040291957659639284,0.00013766948691526834)
(-0.040276616683406215,0.00011324718192217089)
(-0.04026132926197641,0.0000892012031395652)
(-0.040246093196893255,0.00006553044324000293)
(-0.04023090630138614,0.00004223378768894867)
(-0.040215766400369383,0.000019310114792022204)
(-0.040200671330469166,-3.2417042593792595e-6)
(-0.040185618940022746,-0.000025422805342331974)
(-0.04017060708909216,-0.000047234331352014615)
(-0.040155633649472486,-0.00006867743215349289)
(-0.04014069650470804,-0.00008975326453472546)
(-0.04012579355009393,-0.00011046299216203339)
(-0.040110922692695554,-0.00013080778552578055)
(-0.0400960818513445,-0.0001507888218969206)
(-0.0400812689566613,-0.00017040728527507662)
(-0.040066481951059156,-0.00018966436634715788)
(-0.04005171878874551,-0.0002085612624279994)
(-0.040036977435741666,-0.00022709917741856305)
(-0.0400222558698802,-0.000245279321756353)
(-0.040007552080828214,-0.0002631029123664474)
(-0.039992864070075455,-0.0002805711726081894)
(-0.03997818985095335,-0.00029768533223334046)
(-0.039963527448639034,-0.00031444662732599667)
(-0.03994887490016681,-0.0003308563002704859)
(-0.0399342302544262,-0.0003469155996759334)
(-0.03991959157217628,-0.00036262578035260425)
(-0.03990495692604737,-0.00037798810324775377)
(-0.039890324400545026,-0.0003930038353958405)
(-0.039875692092060974,-0.00040767424987309066)
(-0.03986105810887386,-0.00042200062574516826)
(-0.039846420571159946,-0.0004359842480187549)
(-0.03983177761098675,-0.00044962640758343636)
(-0.039817127372334164,-0.00046292840117394485)
(-0.03980246801108251,-0.0004758915313073165)
(-0.03978779769502406,-0.0004885171062438658)
(-0.03977311460387036,-0.0005008064399188017)
(-0.039758416929243964,-0.0005127608519145051)
(-0.0397437028747001,-0.0005243816673904477)
(-0.03972897065570861,-0.0005356702170426266)
(-0.03971421849967342,-0.0005466278370436456)
(-0.039699444645921955,-0.0005572558690031874)
(-0.03968464734572244,-0.0005675556599048965)
(-0.03966982486227222,-0.0005775285620666689)
(-0.03965497547070275,-0.0005871759330715998)
(-0.03964009745808377,-0.0005964991357396209)
(-0.03962518912342714,-0.0006054995380566859)
(-0.039610248777682454,-0.0006141785131316188)
(-0.03959527474373808,-0.0006225374391412066)
(-0.039580265356421875,-0.0006305776992836154)
(-0.03956521896250463,-0.0006383006817175032)
(-0.039550133920698484,-0.0006457077795189464)
(-0.03953500860165332,-0.0006528003906267002)
(-0.039519841387959574,-0.000659579917783453)
(-0.039504630674146744,-0.0006660477684933611)
(-0.039489374866680395,-0.0006722053549647548)
(-0.03947407238396424,-0.0006780540940596304)
(-0.039458721656336675,-0.0006835954072363935)
(-0.03944332112606551,-0.0006888307205052906)
(-0.03942786924735152,-0.0006937614643702476)
(-0.039412364486324264,-0.0006983890737805034)
(-0.03939680532103714,-0.0007027149880707033)
(-0.03938119024146315,-0.0007067406509154452)
(-0.03936551774950398,-0.0007104675102784449)
(-0.03934978635896251,-0.0007138970183508339)
(-0.03933399459556644,-0.0007170306315061784)
(-0.0393181409969448,-0.0007198698102419606)
(-0.03930222411263298,-0.0007224160191324165)
(-0.039286242504062825,-0.0007246707267737683)
(-0.039270194744564786,-0.0007266354057278761)
(-0.03925407941935579,-0.0007283115324748064)
(-0.039237895125538026,-0.0007297005873549766)
(-0.03922164047208929,-0.0007308040545226126)
(-0.03920531407986675,-0.0007316234218844906)
(-0.03918891458158843,-0.0007321601810512187)
(-0.03917244062183736,-0.0007324158272874722)
(-0.03915589085704667,-0.000732391859454956)
(-0.03913926395549883,-0.0007320897799576203)
(-0.03912255859731648,-0.0007315110946935099)
(-0.03910577347445432,-0.000730657312998463)
(-0.03908890729069407,-0.0007295299475951943)
(-0.039071958761632185,-0.0007281305145379931)
(-0.03905492661467545,-0.000726460533158772)
(-0.03903780958903239,-0.0007245215260191407)
(-0.03902060643570259,-0.0007223150188540972)
(-0.039003315917471075,-0.0007198425405150087)
(-0.03898593680889528,-0.000717105622924449)
(-0.038968467896301005,-0.0007141058010162037)
(-0.03895090797776226,-0.0007108446126875303)
(-0.038933255863109154,-0.0007073235987418949)
(-0.03891551037389555,-0.0007035443028398498)
(-0.03889767034341054,-0.0006995082714381993)
(-0.038879734616651306,-0.000695217053749533)
(-0.038861702050322175,-0.0006906722016777334)
(-0.038843571512817615,-0.0006858752697717802)
(-0.038825341884214284,-0.0006808278151698426)
(-0.038807012056253545,-0.0006755313975428643)
(-0.03878858093234353,-0.0006699875790526653)
(-0.03877004742753384,-0.0006641979242873308)
(-0.03875141046850177,-0.0006581640002130382)
(-0.038732668993550864,-0.0006518873761242603)
(-0.03871382195258836,-0.0006453696235818488)
(-0.03869486830711944,-0.0006386123163744542)
(-0.03867580703022924,-0.0006316170304479393)
(-0.03865663710656678,-0.0006243853438693838)
(-0.03863735753234039,-0.0006169188367619275)
(-0.03861796731529255,-0.0006092190912616667)
(-0.038598465474694844,-0.0006012876914551993)
(-0.03857885104132265,-0.0005931262233387435)
(-0.03855912305745428,-0.0005847362747550565)
(-0.038539280576845254,-0.0005761194353435297)
(-0.03851932266471346,-0.0005672772964898868)
(-0.038499248397731646,-0.0005582114512782144)
(-0.038479056864000036,-0.000548923494427482)
(-0.03845874716304374,-0.0005394150222439151)
(-0.03843831840577914,-0.0005296876325767141)
(-0.038417769714515014,-0.0005197429247528807)
(-0.03839710022292912,-0.0005095824995360922)
(-0.038376309076041136,-0.000499207959062122)
(-0.03835539543021064,-0.0004886209068028128)
(-0.03833435845311073,-0.00047782294749811266)
(-0.038313197323716054,-0.00046681568711496956)
(-0.03829191123227795,-0.0004556007327951448)
(-0.038270499380311365,-0.00044417969279249243)
(-0.03824896098057162,-0.00043255417643539335)
(-0.038227295257041265,-0.00042072579406651436)
(-0.03820550144490901,-0.00040869615699387244)
(-0.03818357879055173,-0.00039646687743475826)
(-0.03816152655150677,-0.00038403956847397896)
(-0.03813934399646402,-0.00037141584400338535)
(-0.038117030405240025,-0.00035859731867336336)
(-0.03809458506875896,-0.0003455856078436289)
(-0.03807200728903074,-0.00033238232752910674)
(-0.0380492963791341,-0.0003189890943524707)
(-0.03802645166318791,-0.00030540752548658464)
(-0.0380034724763448,-0.0002916392386127213)
(-0.03798035816475425,-0.0002776858518622398)
(-0.03795710808554385,-0.0002635489837673558)
(-0.03793372160681205,-0.0002492302532125342)
(-0.037910198107587,-0.00023473127938435437)
(-0.03788653697781648,-0.00022005368171790094)
(-0.037862737618336896,-0.0002051990798477807)
(-0.03783879944086471,-0.00019016909355903459)
(-0.037814721867954065,-0.0001749653427355592)
(-0.03779050433299071,-0.00015958944730886157)
(-0.03776614628015881,-0.00014404302721382023)
(-0.037741647164423214,-0.00012832770232696605)
(-0.03771700645150287,-0.00011244509243387908)
(-0.037692223617842316,-0.0000963968171602242)
(-0.03766729815059571,-0.00008018449594059954)
(-0.03764222954760076,-0.00006380974795112531)
(-0.037617017317352196,-0.000047274192075676004)
(-0.037591660978972166,-0.000030579446847641876)
(-0.03756616006219771,-0.000013727130405023212)
(-0.03754051410733761,3.2811395666235916e-6)
(-0.03751472266526415,0.000020443745869114393)
(-0.037488785297381984,0.0000377590718550433)
(-0.03746270157559285,0.00005522550146604897)
(-0.03743647108228924,0.00007284141928860692)
(-0.037410093410300514,0.00009060521059437067)
(-0.03738356816289516,0.00010851526139738934)
(-0.03735689495373371,0.00012656995849822487)
(-0.03733007340684946,0.00014476768953146496)
(-0.03730310315662463,0.00016310684301272958)
(-0.03727598384775383,0.00018158580839473757)
(-0.037248715135224826,0.00020020297610087728)
(-0.03722129668428633,0.00021895673758407736)
(-0.03719372817042122,0.00023784548537292136)
(-0.03716600927931869,0.00025686761311441447)
(-0.03713813970684664,0.00027602151562360533)
(-0.03711011915902084,0.0002953055889303688)
(-0.037081947351974745,0.0003147182303336581)
(-0.03705362401193768,0.00033425783843301715)
(-0.037025148875194785,0.0003539228131865431)
(-0.03699652168807463,0.0003737115559587686)
(-0.03696774220689273,0.0003936224695580738)
(-0.03693881019795719,0.00041365395829035955)
(-0.036909725437502684,0.0004338044280028347)
(-0.036880487711681974,0.00045407228612881647)
(-0.03685109681653694,0.00047445594173929276)
(-0.03682155255795209,0.0004949538055777694)
(-0.036791854751642705,0.0005155642901160333)
(-0.03676200322310363,0.0005362858095951929)
(-0.036731997807598414,0.000557116780072013)
(-0.036701838350114764,0.0005780556194643094)
(-0.03667152470534048,0.0005991007475920553)
(-0.03664105673762162,0.000620250586228617)
(-0.0366104343209422,0.0006415035591414857)
(-0.03657965733888577,0.0006628580921378086)
(-0.0365487256846051,0.0006843126131049354)
(-0.03651763926078778,0.0007058655520654523)
(-0.036486397979628056,0.0007275153412060568)
(-0.03645500176278796,0.000749260414932824)
(-0.03642345054137193,0.0007710992099133417)
(-0.036391744255884206,0.0007930301651153179)
(-0.036359882856202834,0.0008150517218533656)
(-0.03632786630154519,0.0008371623238348475)
(-0.036295694560429734,0.0008593604171958541)
(-0.036263367610652165,0.0008816444505504317)
(-0.036230885439236644,0.0009040128750319922)
(-0.0361982480424175,0.0009264641443304436)
(-0.03616545542559324,0.0009489967147453099)
(-0.03613250760329119,0.0009716090452207046)
(-0.036099404599149516,0.0009942995973837186)
(-0.03606614644586528,0.001017066835596704)
(-0.03603273318515728,0.0010399092269903056)
(-0.03599916486774942,0.001062825241507243)
(-0.03596544155332511,0.001085813351951276)
(-0.03593156331047784,0.001108872034010669)
(-0.035897530216699954,0.0011319997663200793)
(-0.03586334235833289,0.001155195030486974)
(-0.03582899983053446,0.0011784563111377155)
(-0.03579450273724396,0.0012017820959546422)
(-0.03575985119113696,0.0012251708757238283)
(-0.03572504531360851,0.0012486211443663137)
(-0.035690085234715244,0.001272131398984239)
(-0.035654971093148524,0.0012957001398959341)
(-0.035619703036194744,0.0013193258706822447)
(-0.035584281219707775,0.0013430070982143325)
(-0.0355487058080615,0.0013667423327093648)
(-0.03551297697411433,0.0013905300877510593)
(-0.035477094899169115,0.0014143688803440134)
(-0.035441059772947515,0.0014382572309441625)
(-0.03540487179353761,0.0014621936634972366)
(-0.03536853116736062,0.0014861767054800356)
(-0.035332038109139915,0.001510204887940845)
(-0.03529539284185438,0.001534276745526516)
(-0.03525859559671263,0.001558390816533081)
(-0.03522164661308877,0.0015825456429340193)
(-0.03518454613851004,0.001606739770422927)
(-0.03514729442860746,0.001630971748448818)
(-0.0351098917470812,0.0016552401302516438)
(-0.03507233836564999,0.0016795434728988086)
(-0.03503463456402833,0.0017038803373272933)
(-0.0349967806298728,0.00172824928836949)
(-0.034958776858756285,0.0017526488948029126)
(-0.03492062355411144,0.001777077729371178)
(-0.03488232102721254,0.0018015343688325201)
(-0.034843869597116266,0.001826017393985299)
(-0.034805269590627214,0.0018505253897128835)
(-0.03476652134227351,0.001875056945010226)
(-0.0347276251942408,0.001899610653019224)
(-0.034688581496349555,0.001924185111074433)
(-0.03464939060600793,0.00194877892072052)
(-0.03461005288818012,0.0019733906877617696)
(-0.0345705687153289,0.0019980190222876146)
(-0.034530938467394995,0.0020226625387057555)
(-0.03449116253174055,0.0020473198557818535)
(-0.03445124130311405,0.0020719895966705556)
(-0.034411175183609914,0.002096670388942434)
(-0.034370964582629754,0.0021213608646292663)
(-0.03433060991683548,0.0021460596602411886)
(-0.034290111610112285,0.0021707654168173084)
(-0.03424947009351963,0.002195476779941013)
(-0.03420868580526522,0.0022201923997855868)
(-0.03416775919064757,0.0022449109311326486)
(-0.034126690702014705,0.002269631033421534)
(-0.034085480798742955,0.002294351370760509)
(-0.03404412994716969,0.0023190706119747585)
(-0.03400263862056276,0.002343787430626669)
(-0.03396100729907673,0.002368500505058035)
(-0.03391923646971562,0.002393208518403047)
(-0.03387732662627759,0.0024179101586353485)
(-0.033835278269330776,0.002442604118591897)
(-0.033793091906153136,0.002467289096002102)
(-0.03375076805069945,0.0024919637935182444)
(-0.03370830722356634,0.0025166269187429885)
(-0.033665709951920385,0.002541277184265473)
(-0.03362297676949312,0.0025659133076820595)
(-0.033580108216506366,0.002590534011629826)
(-0.033537104839654795,0.0026151380238159027)
(-0.033493967192043214,0.002639724077038226)
(-0.03345069583314933,0.0026642909092293586)
(-0.0334072913287814,0.0026888372634659334)
(-0.033363754251047525,0.0027133618880056374)
(-0.03332008517828454,0.0027378635363230794)
(-0.03327628469503668,0.0027623409671158135)
(-0.03323235339200681,0.0027867929443556806)
(-0.03318829186600654,0.002811218237292266)
(-0.033144100719920924,0.002835615620500289)
(-0.033099780562662544,0.002859983873890803)
(-0.033055332009122376,0.0028843217827431186)
(-0.03301075568012691,0.0029086281377349683)
(-0.032966052202402216,0.002932901734961238)
(-0.03292122220852629,0.0029571413759612625)
(-0.03287626633687415,0.0029813458677434546)
(-0.0328311852315952,0.00300551402281515)
(-0.03278597954253744,0.003029644659202203)
(-0.03274064992524702,0.003053736600476595)
(-0.03269519704087623,0.0030777886757715656)
(-0.032649621556174506,0.003101799719824932)
(-0.03260392414342672,0.003125768572985954)
(-0.03255810548041493,0.0031496940812395834)
(-0.03251216625037572,0.0031735750962389683)
(-0.03246610714193882,0.003197410475325539)
(-0.03241992884911335,0.003221199081551403)
(-0.03237363207120697,0.003244939783690579)
(-0.032327217512819806,0.0032686314562840684)
(-0.03228068588375914,0.003292272979645583)
(-0.03223403789902634,0.0033158632398857532)
(-0.03218727427875973,0.0033394011289361487)
(-0.03214039574818635,0.003362885544571606)
(-0.03209340303758093,0.0033863153904310802)
(-0.032046296882224976,0.0034096895760358367)
(-0.031999078022352384,0.0034330070168123493)
(-0.031951747203112994,0.003456266634112733)
(-0.031904305174522356,0.0034794673552367684)
(-0.03185675269141769,0.00350260811344723)
(-0.031809090513415246,0.0035256878479939316)
(-0.031761319404863,0.0035487055041318206)
(-0.0317134401347877,0.0035716600331406117)
(-0.03166545347686832,0.0035945503923469446)
(-0.03161736020937505,0.0036173755451326672)
(-0.031569161115125345,0.003640134460966119)
(-0.03152085698144495,0.0036628261154147235)
(-0.03147244860012147,0.0036854494901618247)
(-0.03142393676735212,0.0037080035730294066)
(-0.03137532228370871,0.003730487357987977)
(-0.03132660595407653,0.00375289984518755)
(-0.0312777885876326,0.0037752400409520157)
(-0.03122887099777695,0.003797506957825549)
(-0.03117985400209784,0.003819699614563678)
(-0.03113073842232608,0.0038418170361630495)
(-0.031081525084292013,0.003863858253876588)
(-0.031032214817873372,0.0038858223052240333)
(-0.030982808456949916,0.00390770823401615)
(-0.030933306839368117,0.003929515090359118)
(-0.03088371080688062,0.0039512419306799405)
(-0.030834021205114658,0.0039728878177367494)
(-0.030784238883517747,0.003994451820636015)
(-0.03073436469531586,0.004015933014839969)
(-0.03068439949746159,0.0040373304821947065)
(-0.03063434415060344,0.004058643310929489)
(-0.03058419951902121,0.00407987059568302)
(-0.030533966470595583,0.004101011437504022)
(-0.030483645876752737,0.004122064943875146)
(-0.030433238612429147,0.004143030228725277)
(-0.030382745556012145,0.004163906412435418)
(-0.03033216758930786,0.004184692621859617)
(-0.03028150559748821,0.0042053879903308986)
(-0.030230760469044285,0.004225991657678292)
(-0.030179933095747048,0.004246502770233706)
(-0.030129024372597634,0.004266920480847691)
(-0.030078035197783203,0.004287243948898728)
(-0.030026966472632227,0.004307472340309753)
(-0.02997581910155912,0.004327604827551316)
(-0.02992459399204508,0.0043476405896500725)
(-0.029873292054556976,0.004367578812217496)
(-0.029821914202528343,0.0043874186874367635)
(-0.029770461352309433,0.004407159414090645)
(-0.029718934423112672,0.004426800197557235)
(-0.02966733433697339,0.004446340249830025)
(-0.029615662018706742,0.004465778789526735)
(-0.029563918395863205,0.004485115041891419)
(-0.029512104398668734,0.004504348238807839)
(-0.029460220960003818,0.004523477618805598)
(-0.02940826901533944,0.0045425024270736095)
(-0.029356249502696795,0.004561421915464886)
(-0.029304163362606737,0.004580235342500419)
(-0.029252011538059695,0.004598941973385035)
(-0.02919979497446127,0.004617541080007401)
(-0.029147514619593713,0.004636031940948625)
(-0.029095171423553775,0.004654413841495762)
(-0.029042766338739548,0.004672686073645797)
(-0.028990300319768524,0.004690847936097981)
(-0.028937774323456376,0.004708898734285169)
(-0.02888518930876436,0.004726837780356221)
(-0.028832546236758103,0.004744664393201619)
(-0.028779846070563053,0.004762377898440479)
(-0.028727089775309883,0.004779977628440112)
(-0.028674278318105782,0.004797462922315573)
(-0.02862141266798024,0.004814833125931622)
(-0.028568493795843752,0.0048320875919136246)
(-0.028515522674434697,0.004849225679647881)
(-0.028462500278287527,0.004866246755283616)
(-0.02840942758369019,0.004883150191741756)
(-0.028356305568619948,0.004899935368718886)
(-0.028303135212719377,0.004916601672685988)
(-0.02824991749724516,0.00493314849689046)
(-0.02819665340502333,0.004949575241367852)
(-0.028143343920407578,0.004965881312937455)
(-0.02808999002922042,0.004982066125205262)
(-0.028036592718750267,0.004998129098568473)
(-0.02798315297764943,0.0050140696602181)
(-0.0279296717959455,0.005029887244133797)
(-0.02787615016495598,0.005045581291097944)
(-0.027822589077265293,0.005061151248684192)
(-0.02776898952669096,0.005076596571270897)
(-0.027715352508204706,0.005091916720024869)
(-0.027661679017931408,0.005107111162919746)
(-0.027607970053072146,0.005122179374733087)
(-0.027554226611881723,0.005137120837028106)
(-0.027500449693614176,0.005151935038185152)
(-0.027446640298486535,0.005166621473371144)
(-0.027392799427635294,0.005181179644563594)
(-0.027338928083058923,0.005195609060524707)
(-0.027285027267603235,0.005209909236828554)
(-0.02723109798489122,0.005224079695836058)
(-0.027177141239302257,0.0052381199667098565)
(-0.027123158035903747,0.0052520295853994)
(-0.027069149380440596,0.005265808094652646)
(-0.027015116279264298,0.0052794550439999996)
(-0.026961059739310213,0.005292969989766753)
(-0.02690698076804105,0.0053063524950578795)
(-0.026852880373414368,0.005319602129761152)
(-0.026798759563838433,0.005332718470544197)
(-0.0267446193481237,0.005345701100850408)
(-0.026690460735457895,0.005358549610899555)
(-0.02663628473533767,0.00537126359767076)
(-0.02658209235755002,0.0053838426649211995)
(-0.026527884612125477,0.005396286423156678)
(-0.026473662509289238,0.005408594489649393)
(-0.026419427059422584,0.005420766488415641)
(-0.026365179273030313,0.005432802050230982)
(-0.026310920160680294,0.005444700812599668)
(-0.02625665073299132,0.005456462419773251)
(-0.02620237200055718,0.005468086522732452)
(-0.026148084973939258,0.005479572779188487)
(-0.026093790663602286,0.005490920853567638)
(-0.026039490079883515,0.005502130417012946)
(-0.02598518423294967,0.005513201147377976)
(-0.025930874132755195,0.005524132729220562)
(-0.02587656078901111,0.005534924853792228)
(-0.02582224521113408,0.005545577219027243)
(-0.025767928408201038,0.005556089529553123)
(-0.025713611388936315,0.005566461496665426)
(-0.025659295161636838,0.005576692838331699)
(-0.025604980734154105,0.005586783279166264)
(-0.025550669113850948,0.005596732550453594)
(-0.025496361307558495,0.005606540390110234)
(-0.025442058321540877,0.005616206542689439)
(-0.025387761161450428,0.005625730759373667)
(-0.025333470832292447,0.005635112797961907)
(-0.025279188338387465,0.005644352422864232)
(-0.02522491468333129,0.005653449405089935)
(-0.02517065086994231,0.005662403522236603)
(-0.02511639790025497,0.0056712145584879815)
(-0.02506215677544854,0.0056798823045973055)
(-0.025007928495818628,0.005688406557878232)
(-0.024953714060760142,0.0056967871221981015)
(-0.024899514468691677,0.005705023807967049)
(-0.02484533071704504,0.005713116432120694)
(-0.024791163802214012,0.005721064818117525)
(-0.024737014719535055,0.005728868795932627)
(-0.024682884463213678,0.005736528202025702)
(-0.0246287740263303,0.005744042879353342)
(-0.024574684400773376,0.005751412677342402)
(-0.024520616577203173,0.0057586374518893745)
(-0.024466571545033663,0.005765717065336694)
(-0.02441255029237749,0.005772651386469198)
(-0.0243585538060137,0.0057794402904939495)
(-0.024304583071361508,0.005786083659045573)
(-0.024250639072420057,0.005792581380153685)
(-0.02419672279176143,0.005798933348233903)
(-0.024142835210474393,0.005805139464080661)
(-0.02408897730812541,0.0058111996348568324)
(-0.024035150062744093,0.005817113774072747)
(-0.023981354450757716,0.005822881801567455)
(-0.023927591446988708,0.005828503643519374)
(-0.023873862024594177,0.005833979232397924)
(-0.02382016715502968,0.00583930850697922)
(-0.023766507808036155,0.005844491412315978)
(-0.023712884951581775,0.005849527899724404)
(-0.023659299551841824,0.00585441792677553)
(-0.02360575257315115,0.005859161457274082)
(-0.023552244977981748,0.005863758461245441)
(-0.02349877772690245,0.005868208914926)
(-0.02344535177853968,0.005872512800738953)
(-0.023391968089556507,0.005876670107281028)
(-0.023338627614601423,0.005880680829312406)
(-0.02328533130628836,0.005884544967735735)
(-0.023232080115158343,0.005888262529577157)
(-0.02317887498964031,0.005891833527977058)
(-0.023125716876024292,0.005895257982173672)
(-0.023072606718432056,0.005898535917475366)
(-0.023019545458773636,0.005901667365260653)
(-0.022966534036710774,0.0059046523629452275)
(-0.02291357338964852,0.005907490953972574)
(-0.022860664452671698,0.005910183187803086)
(-0.022807808158532873,0.0059127291198800905)
(-0.022755005437610974,0.005915128811626475)
(-0.022702257217889307,0.0059173823304251565)
(-0.022649564424900955,0.005919489749593148)
(-0.02259692798173254,0.005921451148369757)
(-0.022544348808952144,0.005923266611896935)
(-0.02249182782460781,0.00592493623120193)
(-0.02243936594418472,0.005926460103173983)
(-0.02238696408057236,0.005927838330555733)
(-0.02233462314403501,0.005929071021910388)
(-0.022282344042187745,0.005930158291615546)
(-0.02223012767995484,0.005931100259835352)
(-0.02217797495954497,0.005931897052508436)
(-0.022125886780417874,0.005932548801313889)
(-0.02207386403926257,0.0059330556436755855)
(-0.022021907629954797,0.005933417722717206)
(-0.021970018443537298,0.00593363518725774)
(-0.021918197368178353,0.005933708191787687)
(-0.021866445289161474,0.005933636896449857)
(-0.021814763088834975,0.005933421467010431)
(-0.02176315164659257,0.0059330620748541596)
(-0.02171161183885325,0.005932558896945812)
(-0.021660144539010516,0.005931912115821121)
(-0.021608750617425794,0.0059311219195691)
(-0.021557430941386964,0.005930188501791256)
(-0.021506186375080567,0.005929112061608387)
(-0.021455017779572053,0.005927892803611204)
(-0.021403926012767593,0.005926530937853843)
(-0.021352911929397186,0.005925026679841097)
(-0.02130197638096982,0.0059233802504807705)
(-0.021251120215768617,0.005921591876082763)
(-0.02120034427880588,0.005919661788329256)
(-0.021149649411802265,0.0059175902242539335)
(-0.021099036453163383,0.005915377426220166)
(-0.021048506237943947,0.005913023641893963)
(-0.020998059597831558,0.005910529124222322)
(-0.020947697361111683,0.005907894131422453)
(-0.020897420352649538,0.005905118926938292)
(-0.020847229393857247,0.005902203779435059)
(-0.0207971253026718,0.005899148962762763)
(-0.02074710889352246,0.00589595475594483)
(-0.020697180977320123,0.005892621443143968)
(-0.02064734236141629,0.0058891493136437306)
(-0.020597593849590166,0.005885538661830348)
(-0.02054793624201369,0.005881789787155197)
(-0.020498370335235164,0.005877902994122331)
(-0.0204488969221488,0.0058738785922608575)
(-0.020399516791972067,0.0058697168960952385)
(-0.02035023073022682,0.005865418225131457)
(-0.020301039518706408,0.005860982903824446)
(-0.02025194393545193,0.005856411261559404)
(-0.020202944754746703,0.005851703632616313)
(-0.020154042747065976,0.005846860356163541)
(-0.020105238679073337,0.005841881776208211)
(-0.020056533313587938,0.005836768241593988)
(-0.020007927409572114,0.0058315201059698524)
(-0.019959421722091877,0.005826137727749243)
(-0.01991101700231353,0.005820621470107517)
(-0.019862713997463907,0.005814971700943762)
(-0.019814513450820706,0.00580918879285214)
(-0.019766416101694287,0.005803273123107587)
(-0.019718422685378795,0.0057972250736308415)
(-0.019670533933176106,0.005791045030966459)
(-0.019622750572321948,0.005784733386252645)
(-0.019575073326013326,0.005778290535205482)
(-0.019527502913355786,0.0057717168780789625)
(-0.019480040049352106,0.005765012819643013)
(-0.019432685444886442,0.005758178769164851)
(-0.019385439806698712,0.0057512151403762)
(-0.019338303837368148,0.005744122351441994)
(-0.019291278235286858,0.005736900824943629)
(-0.01924436369464656,0.005729550987848855)
(-0.019197560905414714,0.005722073271473453)
(-0.01915087055332552,0.0057144681114733985)
(-0.019104293319843212,0.005706735947809036)
(-0.019057829882160534,0.005698877224706673)
(-0.019011480913165745,0.005690892390652449)
(-0.018965247081431817,0.0056827818983460265)
(-0.018919129051202885,0.005674546204691421)
(-0.018873127482361456,0.0056661857707493895)
(-0.018827243030424885,0.005657701061722146)
(-0.018781476346520096,0.00564909254692652)
(-0.018735828077363608,0.005640360699757794)
(-0.01869029886526258,0.00563150599767429)
(-0.0186448893480656,0.00562252892215396)
(-0.01859960015917302,0.005613429958679036)
(-0.01855443192750913,0.005604209596698835)
(-0.018509385277509807,0.0055948683296124955)
(-0.018464460829100738,0.00558540665472515)
(-0.018419659197685588,0.0055758250732330875)
(-0.018374980994126367,0.005566124090194062)
(-0.01833042682473203,0.005556304214487144)
(-0.018285997291244853,0.005546365958802344)
(-0.018241692990817127,0.005536309839590107)
(-0.018197514515992445,0.0055261363770538734)
(-0.01815346245471353,0.005515846095106341)
(-0.018109537390283984,0.005505439521347359)
(-0.018065739901362763,0.0054949171870376365)
(-0.01802207056194957,0.00548427962705702)
(-0.017978529941369583,0.005473527379889701)
(-0.01793511860426379,0.005462660987590516)
(-0.017891837110570966,0.005451680995754566)
(-0.017848686015505544,0.005440587953479035)
(-0.017805665869568815,0.005429382413356775)
(-0.017762777218512008,0.005418064931420896)
(-0.017720020603332304,0.005406636067137901)
(-0.017677396560262435,0.00539509638336258)
(-0.017634905620751,0.005383446446309965)
(-0.017592548311465225,0.005371686825535027)
(-0.01755032515425547,0.005359818093896015)
(-0.017508236666159773,0.005347840827522302)
(-0.017466283359398913,0.005335755605794133)
(-0.017424465741338626,0.005323563011304889)
(-0.017382784314507464,0.005311263629829948)
(-0.017341239576563024,0.005298858050308979)
(-0.017299832020295416,0.00528634686479818)
(-0.017258562133612387,0.005273730668450481)
(-0.017217430399522168,0.005261010059493029)
(-0.017176437296137024,0.005248185639172816)
(-0.017135583296650936,0.005235258011762)
(-0.01709486886933038,0.005222227784486584)
(-0.017054294477514307,0.005209095567535794)
(-0.017013860579595076,0.005195861974000274)
(-0.016973567629015914,0.00518252761986595)
(-0.01693341607425071,0.005169093123965397)
(-0.01689340635881312,0.005155559107954987)
(-0.016853538921228973,0.0051419261962870316)
(-0.016813814195043804,0.005128195016176752)
(-0.016774232608799688,0.00511436619757147)
(-0.016734794586037976,0.005100440373115558)
(-0.01669550054529134,0.005086418178134821)
(-0.016656350900066095,0.005072300250585429)
(-0.0166173460588472,0.0050580872310382816)
(-0.01657848642508397,0.005043779762648259)
(-0.016539772397179704,0.005029378491110006)
(-0.01650120436849284,0.0050148840646412765)
(-0.01646278272732893,0.005000297133949586)
(-0.016424507856928873,0.004985618352195008)
(-0.01638638013546225,0.00497084837496746)
(-0.016348399936031814,0.004955987860250837)
(-0.01631056762665864,0.004941037468386799)
(-0.016272883570270773,0.004925997862067417)
(-0.016235348124714517,0.004910869706273765)
(-0.016197961642735265,0.004895653668258261)
(-0.01616072447197376,0.0048803504175273585)
(-0.016123636954973625,0.00486496062578235)
(-0.016086699429156463,0.0048494849669200694)
(-0.01604991222683946,0.0048339241169730335)
(-0.016013275675206603,0.004818278754094211)
(-0.015976790096330636,0.004802549558530103)
(-0.01594045580714157,0.004786737212579146)
(-0.01590427311945661,0.004770842400567209)
(-0.015868242339939935,0.004754865808806218)
(-0.01583236377012817,0.0047388081255805865)
(-0.01579663770640703,0.0047226700411056935)
(-0.01576106444002881,0.004706452247495447)
(-0.01572564425709191,0.004690155438732512)
(-0.015690377438540827,0.00467378031064589)
(-0.015655264260175866,0.004657327560867962)
(-0.015620304992634445,0.004640797888811761)
(-0.015585499901405921,0.004624191995635634)
(-0.015550849246815077,0.0046075105842154716)
(-0.01551635328402872,0.004590754359108389)
(-0.015482012263050939,0.004573924026529361)
(-0.015447826428729891,0.00455702029431309)
(-0.015413796020741149,0.004540043871895249)
(-0.015379921273603154,0.004522995470256299)
(-0.015346202416661804,0.004505875801923356)
(-0.01531263967410727,0.004488685580921254)
(-0.015279233264952492,0.004471425522730774)
(-0.015245983403060862,0.004454096344284379)
(-0.015212890297112003,0.004436698763914689)
(-0.015179954150634452,0.004419233501331826)
(-0.015147175161981517,0.004401701277593916)
(-0.015114553524354724,0.004384102815071802)
(-0.015082089425782439,0.004366438837417556)
(-0.015049783049132927,0.004348710069543277)
(-0.015017634572115024,0.004330917237577905)
(-0.014985644167281952,0.004313061068840975)
(-0.014953812002023685,0.004295142291819438)
(-0.014922138238578473,0.00427716163612602)
(-0.01489062303402898,0.004259119832474327)
(-0.014859266540304679,0.004241017612645795)
(-0.0148280689041893,0.004222855709461876)
(-0.014797030267320646,0.004204634856756104)
(-0.014766150766187562,0.004186355789330574)
(-0.014735430532145414,0.004168019242938887)
(-0.01470486969140372,0.004149625954254876)
(-0.01467446836504901,0.004131176660832077)
(-0.014644226669025082,0.004112672101083329)
(-0.014614144714154715,0.0040941130142500256)
(-0.014584222606136102,0.004075500140362086)
(-0.014554460445547092,0.004056834220213511)
(-0.0145248583278567,0.004038115995340034)
(-0.014495416343413538,0.004019346207975268)
(-0.014466134577468554,0.004000525601033099)
(-0.014437013110166909,0.003981654918062366)
(-0.014408052016561704,0.00396273490323414)
(-0.014379251366607768,0.0039437663012952)
(-0.014350611225184284,0.003924749857557606)
(-0.01432213165207652,0.003905686317842344)
(-0.014293812702012718,0.003886576428478819)
(-0.014265654424636363,0.003867420936247898)
(-0.014237656864533339,0.0038482205883711693)
(-0.01420982006123677,0.0038289761324766737)
(-0.014182144049224644,0.0038096883165574095)
(-0.014154628857934918,0.0037903578889601735)
(-0.014127274511764371,0.003770985598343329)
(-0.01410008103008474,0.0037515721936488707)
(-0.014073048427238612,0.003732118424082838)
(-0.014046176712558006,0.003712625039064808)
(-0.014019465890366872,0.003693092788223325)
(-0.013992915959979643,0.003673522421347772)
(-0.013966526915727508,0.0036539146883681722)
(-0.013940298746950842,0.0036342703393216504)
(-0.01391423143801469,0.0036145901243259623)
(-0.013888324968321783,0.0035948747935500938)
(-0.0138625793122994,0.0035751250971880074)
(-0.013836994439430778,0.003555341785419667)
(-0.013811570314262034,0.0035355256083918567)
(-0.013786306896397364,0.0035156773161819947)
(-0.013761204140513562,0.003495797658783181)
(-0.0137362619963786,0.003475887386053469)
(-0.013711480408852192,0.0034559472477050032)
(-0.013686859317895714,0.003435977993272795)
(-0.01366239865858146,0.0034159803720724773)
(-0.01363809836110701,0.0033959551331923443)
(-0.013613958350800988,0.0033759030254521326)
(-0.013589978548136468,0.003355824797372927)
(-0.013566158868743248,0.0033357211971548947)
(-0.01354249922340274,0.0033155929726476794)
(-0.013518999518083524,0.0032954408713270515)
(-0.013495659653941916,0.0032752656402520366)
(-0.013472479527311223,0.003255068026047027)
(-0.013449459029755074,0.0032348487748860314)
(-0.013426598048041093,0.003214608632432457)
(-0.013403896464173781,0.0031943483438452553)
(-0.013381354155398411,0.0031740686537296233)
(-0.013358970994212871,0.0031537703061223945)
(-0.013336746848385022,0.0031334540444508145)
(-0.0133146815809525,0.0031131206115179075)
(-0.013292775050248175,0.0030927707494658695)
(-0.013271027109914171,0.003072405199756267)
(-0.013249437608896908,0.0030520247031369267)
(-0.013228006391472811,0.003031629999617872)
(-0.013206733297258026,0.003011221828438483)
(-0.013185618161233868,0.002990800928057259)
(-0.013164660813732762,0.002970368036102019)
(-0.013143861080473976,0.0029499238893571024)
(-0.013123218782574395,0.002929469223732071)
(-0.01310273373654992,0.00290900477423686)
(-0.013082405754343876,0.0028885312749638804)
(-0.013062234643333167,0.0028680494590334516)
(-0.01304222020633629,0.0028475600586046804)
(-0.013022362241643024,0.002827063804818322)
(-0.013002660543023325,0.002806561427794835)
(-0.0129831148997226,0.0027860536565828924)
(-0.012963725096510476,0.0027655412191590375)
(-0.012944490913671624,0.0027450248423810976)
(-0.012925412127019299,0.0027245052519763563)
(-0.012906488507922444,0.002703983172505943)
(-0.01288771982332647,0.00268345932734916)
(-0.012869105835740843,0.0026629344386647266)
(-0.012850646303277395,0.002642409227378095)
(-0.012832340979667425,0.0026218844131524737)
(-0.012814189614260929,0.0026013607143588937)
(-0.01279619195205851,0.0025808388480506777)
(-0.012778347733709266,0.0025603195299496308)
(-0.012760656695556991,0.0025398034744043303)
(-0.012743118569617849,0.002519291394384674)
(-0.0127257330836275,0.0024987840014396674)
(-0.01270849996104401,0.0024782820056779686)
(-0.012691418921066275,0.0024577861157466553)
(-0.012674489678648676,0.002437297038813715)
(-0.012657711944523593,0.0024168154805201836)
(-0.012641085425218091,0.0023963421449806972)
(-0.012624609823057525,0.0023758777347460806)
(-0.012608284836206783,0.002355422950786395)
(-0.012592110158663693,0.00233497849245923)
(-0.012576085480296456,0.0023145450574900937)
(-0.0125602104868402,0.0022941233419523227)
(-0.012544484859939227,0.0022737140402319493)
(-0.012528908277136432,0.002253317845021543)
(-0.01251348041192211,0.002232935447281341)
(-0.012498200933730394,0.002212567536221774)
(-0.012483069507962284,0.00219221479928519)
(-0.012468085796005753,0.002171877922110816)
(-0.012453249455256617,0.002151557588520364)
(-0.01243856013913204,0.0021312544805067754)
(-0.012424017497088428,0.002110969278177922)
(-0.012409621174650038,0.002090702659764404)
(-0.012395370813416396,0.0020704553015919555)
(-0.012381266051085096,0.0020502278780515928)
(-0.012367306521479294,0.0020300210615713772)
(-0.012353491854544386,0.0020098355226152147)
(-0.012339821676398384,0.001989671929643479)
(-0.012326295609325818,0.001969530949096128)
(-0.012312913271806598,0.001949413245369274)
(-0.012299674278540059,0.001929319480800275)
(-0.012286578240454388,0.0019092503156356295)
(-0.012273624764738146,0.001889206408023584)
(-0.012260813454853898,0.0018691884139751015)
(-0.012248143910556024,0.0018491969873552874)
(-0.01223561572791321,0.0018292327798630774)
(-0.01222322849933015,0.0018092964410022633)
(-0.012210981813572528,0.0017893886180630314)
(-0.012198875255770545,0.0017695099561062795)
(-0.01218690840745657,0.001749661097939303)
(-0.012175080846585912,0.0017298426840978557)
(-0.012163392147540688,0.0017100553528194508)
(-0.012151841881168326,0.0016902997400250169)
(-0.012140429614795023,0.001670576479315933)
(-0.012129154912247456,0.0016508862019174188)
(-0.012118017333870275,0.0016312295366994836)
(-0.012107016436556395,0.0016116071101321375)
(-0.012096151773758468,0.0015920195462662131)
(-0.012085422895515013,0.0015724674667298036)
(-0.012074829348478417,0.001552951490688107)
(-0.012064370675920089,0.0015334722348521025)
(-0.012054046417764723,0.0015140303134233517)
(-0.012043856110617255,0.0014946263381062032)
(-0.012033799287763044,0.0014752609180719565)
(-0.012023875479211929,0.0014559346599536847)
(-0.012014084211703783,0.001436648167806322)
(-0.012004425008751915,0.0014174020431131184)
(-0.011994897390637317,0.0013981968847477796)
(-0.011985500874453556,0.001379033288964877)
(-0.011976234974112708,0.0013599118493931837)
(-0.011967099200390834,0.0013408331569886517)
(-0.011958093060918756,0.0013217978000442782)
(-0.011949216060228241,0.0013028063641575185)
(-0.011940467699770928,0.0012838594322241931)
(-0.011931847477930062,0.0012649575844050477)
(-0.011923354890056312,0.0012461013981225773)
(-0.011914989428483758,0.0012272914480423698)
(-0.01190675058255691,0.001208528306046431)
(-0.011898637838647393,0.0011898125412310204)
(-0.011890650680181422,0.0011711447198725264)
(-0.011882788587660998,0.0011525254054326757)
(-0.011875051038693409,0.001133955158515089)
(-0.011867437508002107,0.0011154345368797223)
(-0.01185994746746249,0.0010969640954009363)
(-0.011852580386119329,0.0010785443860598172)
(-0.011845335730210864,0.0010601759579413257)
(-0.01183821296319366,0.0010418593571988716)
(-0.011831211545756561,0.0010235951270461691)
(-0.011824330935864767,0.001005383807751134)
(-0.011817570588768145,0.0009872259366086854)
(-0.01181092995702249,0.0009691220479201229)
