   9.9999999999999994E-012  0.99088648243338295     
   1.0000000010000001E-002  0.98998514890728140     
   2.0000000010000001E-002  0.98701739563098201     
   3.0000000010000000E-002  0.98201111088397131     
   4.0000000010000002E-002  0.97501177476820955     
   5.0000000010000004E-002  0.96608075221161049     
   6.0000000010000006E-002  0.95529317233338129     
   7.0000000010000007E-002  0.94273550638931991     
   8.0000000010000002E-002  0.92850301160038584     
   9.0000000009999997E-002  0.91269719490606360     
  0.10000000000999999       0.89542342398684605     
  0.11000000000999999       0.87678877895623919     
  0.12000000000999998       0.85690020273333400     
  0.13000000000999998       0.83586297579773894     
  0.14000000000999999       0.81377951453780550     
  0.15000000001000000       0.79074847307225427     
  0.16000000001000000       0.76686411590241466     
  0.17000000001000001       0.74221592231496047     
  0.18000000001000002       0.71688838166432789     
  0.19000000001000003       0.69096094019258480     
  0.20000000001000004       0.66450806364879744     
  0.21000000001000005       0.63759938465957811     
  0.22000000001000006       0.61029990884929641     
  0.23000000001000007       0.58267025862319088     
  0.24000000001000008       0.55476693801629506     
  0.25000000001000006       0.52664260592796597     
  0.26000000001000007       0.49834634835950109     
  0.27000000001000007       0.46992394296847184     
  0.28000000001000008       0.44141811140212139     
  0.29000000001000009       0.41286875654475297     
  0.30000000001000010       0.38431318308621609     
  0.31000000001000011       0.35578630076298445     
  0.32000000001000012       0.32732081030530141     
  0.33000000001000013       0.29894737259990189     
  0.34000000001000014       0.27069476189513331     
  0.35000000001000015       0.24259000407241457     
  0.36000000001000015       0.21465850111575788     
  0.37000000001000016       0.18692414295383572     
  0.38000000001000017       0.15940940784571117     
  0.39000000001000018       0.13213545244619024     
  0.40000000001000019       0.10512219263059670     
  0.41000000001000020        7.8388376089707543E-002
  0.42000000001000021        5.1951647629623621E-002
  0.43000000001000022        2.5828608032776996E-002
  0.44000000001000023        3.4867257814118893E-005
  0.45000000001000023       -2.5414907320226960E-002
  0.46000000001000024       -5.0506947000686767E-002
  0.47000000001000025       -7.5228341618286038E-002
  0.48000000001000026       -9.9567002676877486E-002
  0.49000000001000027      -0.12351162931697113     
  0.50000000001000022      -0.14705167673164271     
  0.51000000001000023      -0.17017732669390101     
  0.52000000001000024      -0.19287945990194127     
  0.53000000001000025      -0.21514962988876368     
  0.54000000001000026      -0.23698003827811354     
  0.55000000001000027      -0.25836351120003809     
  0.56000000001000028      -0.27929347670773408     
  0.57000000001000029      -0.29976394306230592     
  0.58000000001000029      -0.31976947777414366     
  0.59000000001000030      -0.33930518730905196     
  0.60000000001000031      -0.35836669738428506     
  0.61000000001000032      -0.37695013379447484     
  0.62000000001000033      -0.39505210372031169     
  0.63000000001000034      -0.41266967748391326     
  0.64000000001000035      -0.42980037072430510     
  0.65000000001000036      -0.44644212697447855     
  0.66000000001000036      -0.46259330062823317     
  0.67000000001000037      -0.47825264029061254     
  0.68000000001000038      -0.49341927251030404     
  0.69000000001000039      -0.50809268589602063     
  0.70000000001000040      -0.52227271562172595     
  0.71000000001000041      -0.53595952832768068     
  0.72000000001000042      -0.54915360742578545     
  0.73000000001000043      -0.56185573881862638     
  0.74000000001000044      -0.57406699704210840     
  0.75000000001000044      -0.58578873184161317     
  0.76000000001000045      -0.59702255519133951     
  0.77000000001000046      -0.60777032876588999     
  0.78000000001000047      -0.61803415187233701     
  0.79000000001000048      -0.62781634984995294     
  0.80000000001000049      -0.63711946294359356     
  0.81000000001000050      -0.64594623565541265     
  0.82000000001000051      -0.65429960657818254     
  0.83000000001000052      -0.66218269871202551     
  0.84000000001000052      -0.66959881026483170     
  0.85000000001000053      -0.67655140593508190     
  0.86000000001000054      -0.68304410867423704     
  0.87000000001000055      -0.68908069192444477     
  0.88000000001000056      -0.69466507232556185     
  0.89000000001000057      -0.69980130288469167     
  0.90000000001000058      -0.70449356659926810     
  0.91000000001000059      -0.70874617052379107     
  0.92000000001000060      -0.71256354026943458     
  0.93000000001000060      -0.71595021492320188     
  0.94000000001000061      -0.71891084237432179     
  0.95000000001000062      -0.72145017503218400     
  0.96000000001000063      -0.72357306592222781     
  0.97000000001000064      -0.72528446514134415     
  0.98000000001000065      -0.72658941665828203     
  0.99000000001000066      -0.72749305543812526     
   1.0000000000100007      -0.72800060487574325     
   1.0100000000100007      -0.72811737451711755     
   1.0200000000100007      -0.72784875805075711     
   1.0300000000100007      -0.72720023155041402     
   1.0400000000100007      -0.72617735194565447     
   1.0500000000100007      -0.72478575570397974     
   1.0600000000100007      -0.72303115770258131     
   1.0700000000100007      -0.72091935026978882     
   1.0800000000100007      -0.71845620237596475     
   1.0900000000100007      -0.71564765895367499     
   1.1000000000100008      -0.71249974032709218     
   1.1100000000100008      -0.70901854173078394     
   1.1200000000100008      -0.70521023289828910     
   1.1300000000100008      -0.70108105770119045     
   1.1400000000100008      -0.69663733381975212     
   1.1500000000100008      -0.69188545242660582     
   1.1600000000100008      -0.68683187786542543     
   1.1700000000100008      -0.68148314730704629     
   1.1800000000100008      -0.67584587036604071     
   1.1900000000100008      -0.66992672866135683     
   1.2000000000100008      -0.66373247530527846     
   1.2100000000100009      -0.65726993430564495     
   1.2200000000100009      -0.65054599986699380     
   1.2300000000100009      -0.64356763557704921     
   1.2400000000100009      -0.63634187346577664     
   1.2500000000100009      -0.62887581292505479     
   1.2600000000100009      -0.62117661947787106     
   1.2700000000100009      -0.61325152338684408     
   1.2800000000100009      -0.60510781809278957     
   1.2900000000100009      -0.59675285847498349     
   1.3000000000100009      -0.58819405892574828     
   1.3100000000100009      -0.57943889123295911     
   1.3200000000100010      -0.57049488226507417     
   1.3300000000100010      -0.56136961145430009     
   1.3400000000100010      -0.55207070807452407     
   1.3500000000100010      -0.54260584831167957     
   1.3600000000100010      -0.53298275212523405     
   1.3700000000100010      -0.52320917990053339     
   1.3800000000100010      -0.51329292889274969     
   1.3900000000100010      -0.50324182946421658     
   1.4000000000100010      -0.49306374111793588     
   1.4100000000100010      -0.48276654833103699     
   1.4200000000100010      -0.47235815619295185     
   1.4300000000100010      -0.46184648585401183     
   1.4400000000100011      -0.45123946979111162     
   1.4500000000100011      -0.44054504689797136     
   1.4600000000100011      -0.42977115740839800     
   1.4700000000100011      -0.41892573766176289     
   1.4800000000100011      -0.40801671472070433     
   1.4900000000100011      -0.39705200085179221     
   1.5000000000100011      -0.38603948788058484     
   1.5100000000100011      -0.37498704143314565     
   1.5200000000100011      -0.36390249507666828     
   1.5300000000100011      -0.35279364437238631     
   1.5400000000100011      -0.34166824085440900     
   1.5500000000100012      -0.33053398594853317     
   1.5600000000100012      -0.31939852484542119     
   1.5700000000100012      -0.30826944034281317     
   1.5800000000100012      -0.29715424667166052     
   1.5900000000100012      -0.28606038332120765     
   1.6000000000100012      -0.27499520887813644     
   1.6100000000100012      -0.26396599489490091     
   1.6200000000100012      -0.25297991980233048     
   1.6300000000100012      -0.24204406288146579     
   1.6400000000100012      -0.23116539830941249     
   1.6500000000100012      -0.22035078929376145     
   1.6600000000100013      -0.20960698230982219     
   1.6700000000100013      -0.19894060145456011     
   1.6800000000100013      -0.18835814293071984     
   1.6900000000100013      -0.17786596967414908     
   1.7000000000100013      -0.16747030613682956     
   1.7100000000100013      -0.15717723323756216     
   1.7200000000100013      -0.14699268349165556     
   1.7300000000100013      -0.13692243633033083     
   1.7400000000100013      -0.12697211361988478     
   1.7500000000100013      -0.11714717538995396     
   1.7600000000100013      -0.10745291577949698     
   1.7700000000100014       -9.7894459208365800E-002
   1.7800000000100014       -8.8476756781573823E-002
   1.7900000000100014       -7.9204582932592388E-002
   1.8000000000100014       -7.0082532311224202E-002
   1.8100000000100014       -6.1115016920812761E-002
   1.8200000000100014       -5.2306263508760609E-002
   1.8300000000100014       -4.3660311213543072E-002
   1.8400000000100014       -3.5181009470630159E-002
   1.8500000000100014       -2.6872016178961851E-002
   1.8600000000100014       -1.8736796128874363E-002
   1.8700000000100014       -1.0778619691641071E-002
   1.8800000000100014       -3.0005617700811791E-003
   1.8900000000100015        4.5944989909973482E-003
   1.9000000000100015        1.2003880736416488E-002
   1.9100000000100015        1.9225098676837214E-002
   1.9200000000100015        2.6255865112687980E-002
   1.9300000000100015        3.3094089209516807E-002
   1.9400000000100015        3.9737876529003027E-002
   1.9500000000100015        4.6185528320372100E-002
   1.9600000000100015        5.2435540577422432E-002
   1.9700000000100015        5.8486602866804960E-002
   1.9800000000100015        6.4337596933591937E-002
   1.9900000000100015        6.9987595090531929E-002
   2.0000000000100013        7.5435858397709124E-002
   2.0100000000100011        8.0681834639612676E-002
   2.0200000000100009        8.5725156106876130E-002
   2.0300000000100007        9.0565637190160198E-002
   2.0400000000100005        9.5203271793839958E-002
   2.0500000000100003        9.9638230577304143E-002
   2.0600000000100001       0.10387085803179727     
   2.0700000000099998       0.10790166940082210     
   2.0800000000099996       0.11173134745217819     
   2.0900000000099994       0.11536073910974928     
   2.1000000000099992       0.11879085195315334     
   2.1100000000099990       0.12202285059335363     
   2.1200000000099988       0.12505805293228708     
   2.1300000000099986       0.12789792631450325     
   2.1400000000099983       0.13054408357872554     
   2.1500000000099981       0.13299827901714489     
   2.1600000000099979       0.13526240425013974     
   2.1700000000099977       0.13733848402398396     
   2.1800000000099975       0.13922867193895966     
   2.1900000000099973       0.14093524611513317     
   2.2000000000099971       0.14246060480288852     
   2.2100000000099969       0.14380726194513149     
   2.2200000000099966       0.14497784269789984     
   2.2300000000099964       0.14597507891591915     
   2.2400000000099962       0.14680180460945511     
   2.2500000000099960       0.14746095137861026     
   2.2600000000099958       0.14795554383101589     
   2.2700000000099956       0.14828869498866531     
   2.2800000000099954       0.14846360168943562     
   2.2900000000099952       0.14848353998863947     
   2.3000000000099949       0.14835186056575181     
   2.3100000000099947       0.14807198414125763     
   2.3200000000099945       0.14764739690837064     
   2.3300000000099943       0.14708164598418477     
   2.3400000000099941       0.14637833488462976     
   2.3500000000099939       0.14554111902742581     
   2.3600000000099937       0.14457370126704852     
   2.3700000000099934       0.14347982746555132     
   2.3800000000099932       0.14226328210292299     
   2.3900000000099930       0.14092788393049976     
   2.4000000000099928       0.13947748167080115     
   2.4100000000099926       0.13791594976700799     
   2.4200000000099924       0.13624718418516582     
   2.4300000000099922       0.13447509827205920     
   2.4400000000099920       0.13260361867157788     
   2.4500000000099917       0.13063668130227193     
   2.4600000000099915       0.12857822739868038     
   2.4700000000099913       0.12643219961890423     
   2.4800000000099911       0.12420253822079338     
   2.4900000000099909       0.12189317730901554     
   2.5000000000099907       0.11950804115518061     
   2.5100000000099905       0.11705104059310290     
   2.5200000000099902       0.11452606949119723     
   2.5300000000099900       0.11193700130392056     
   2.5400000000099898       0.10928768570409111     
   2.5500000000099896       0.10658194529783686     
   2.5600000000099894       0.10382357242385301     
   2.5700000000099892       0.10101632603856962     
   2.5800000000099890        9.8163928688760504E-002
   2.5900000000099888        9.5270063573051941E-002
   2.6000000000099885        9.2338371693716600E-002
   2.6100000000099883        8.9372449100069751E-002
   2.6200000000099881        8.6375844224710369E-002
   2.6300000000099879        8.3352055313779830E-002
   2.6400000000099877        8.0304527952337626E-002
   2.6500000000099875        7.7236652685879481E-002
   2.6600000000099873        7.4151762738950022E-002
   2.6700000000099871        7.1053131831724195E-002
   2.6800000000099868        6.7943972095355715E-002
   2.6900000000099866        6.4827432086811007E-002
   2.7000000000099864        6.1706594903825338E-002
   2.7100000000099862        5.8584476400538231E-002
   2.7200000000099860        5.5464023504276427E-002
   2.7300000000099858        5.2348112633870444E-002
   2.7400000000099856        4.9239548219799950E-002
   2.7500000000099853        4.6141061326374772E-002
   2.7600000000099851        4.3055308376065596E-002
   2.7700000000099849        3.9984869976005179E-002
   2.7800000000099847        3.6932249846585802E-002
   2.7900000000099845        3.3899873851981677E-002
   2.8000000000099843        3.0890089132325653E-002
   2.8100000000099841        2.7905163337171496E-002
   2.8200000000099839        2.4947283959768612E-002
   2.8300000000099836        2.2018557771576311E-002
   2.8400000000099834        1.9121010356338446E-002
   2.8500000000099832        1.6256585742935706E-002
   2.8600000000099830        1.3427146136125185E-002
   2.8700000000099828        1.0634471744171651E-002
   2.8800000000099826        7.8802607022660197E-003
   2.8900000000099824        5.1661290905196059E-003
   2.9000000000099821        2.4936110452122373E-003
   2.9100000000099819       -1.3584103813247519E-004
   2.9200000000099817       -2.7208562113844293E-003
   2.9300000000099815       -5.2601445918001085E-003
   2.9400000000099813       -7.7524968931263569E-003
   2.9500000000099811       -1.0196783871671913E-002
   2.9600000000099809       -1.2591955689312798E-002
   2.9700000000099807       -1.4937041195498749E-002
   2.9800000000099804       -1.7231147130430571E-002
   2.9900000000099802       -1.9473457251677297E-002
   3.0000000000099800       -2.1663231386599414E-002
   3.0100000000099798       -2.3799804413035620E-002
   3.0200000000099796       -2.5882585170803822E-002
   3.0300000000099794       -2.7911055306648662E-002
   3.0400000000099792       -2.9884768055353672E-002
   3.0500000000099790       -3.1803346959807646E-002
   3.0600000000099787       -3.3666484532889743E-002
   3.0700000000099785       -3.5473940864099746E-002
   3.0800000000099783       -3.7225542173921114E-002
   3.0900000000099781       -3.8921179318954377E-002
   3.1000000000099779       -4.0560806250904025E-002
   3.1100000000099777       -4.2144438432540995E-002
   3.1200000000099775       -4.3672151213789971E-002
   3.1300000000099772       -4.5144078171114731E-002
   3.1400000000099770       -4.6560409413387585E-002
   3.1500000000099768       -4.7921389857434230E-002
   3.1600000000099766       -4.9227317476442364E-002
   3.1700000000099764       -5.0478541524410669E-002
   3.1800000000099762       -5.1675460739794857E-002
   3.1900000000099760       -5.2818521531478958E-002
   3.2000000000099758       -5.3908216150163460E-002
   3.2100000000099755       -5.4945080848217420E-002
   3.2200000000099753       -5.5929694030989428E-002
   3.2300000000099751       -5.6862674402512768E-002
   3.2400000000099749       -5.7744679108473286E-002
   3.2500000000099747       -5.8576401879236593E-002
   3.2600000000099745       -5.9358571175651166E-002
   3.2700000000099743       -6.0091948340260846E-002
   3.2800000000099740       -6.0777325756470282E-002
   3.2900000000099738       -6.1415525018114592E-002
   3.3000000000099736       -6.2007395111787780E-002
   3.3100000000099734       -6.2553810614184677E-002
   3.3200000000099732       -6.3055669906609796E-002
   3.3300000000099730       -6.3513893408702810E-002
   3.3400000000099728       -6.3929421833328962E-002
   3.3500000000099726       -6.4303214464473846E-002
   3.3600000000099723       -6.4636247459883112E-002
   3.3700000000099721       -6.4929512180081417E-002
   3.3800000000099719       -6.5184013545305203E-002
   3.3900000000099717       -6.5400768421784175E-002
   3.4000000000099715       -6.5580804038708515E-002
   3.4100000000099713       -6.5725156437125482E-002
   3.4200000000099711       -6.5834868951917994E-002
   3.4300000000099709       -6.5910990727927762E-002
   3.4400000000099706       -6.5954575271204782E-002
   3.4500000000099704       -6.5966679036279383E-002
   3.4600000000099702       -6.5948360050280402E-002
   3.4700000000099700       -6.5900676574645670E-002
   3.4800000000099698       -6.5824685805103367E-002
   3.4900000000099696       -6.5721442610535502E-002
   3.5000000000099694       -6.5591998311269994E-002
   3.5100000000099691       -6.5437399497291021E-002
   3.5200000000099689       -6.5258686886795411E-002
   3.5300000000099687       -6.5056894225472409E-002
   3.5400000000099685       -6.4833047226828089E-002
   3.5500000000099683       -6.4588162553827072E-002
   3.5600000000099681       -6.4323246842074550E-002
   3.5700000000099679       -6.4039295764714052E-002
   3.5800000000099677       -6.3737293139169635E-002
   3.5900000000099674       -6.3418210075815218E-002
   3.6000000000099672       -6.3083004168609402E-002
   3.6100000000099670       -6.2732618727686790E-002
   3.6200000000099668       -6.2367982053854895E-002
   3.6300000000099666       -6.1990006754897367E-002
   3.6400000000099664       -6.1599589103541005E-002
   3.6500000000099662       -6.1197608436898143E-002
   3.6600000000099659       -6.0784926597149812E-002
   3.6700000000099657       -6.0362387413188848E-002
   3.6800000000099655       -5.9930816222896553E-002
   3.6900000000099653       -5.9491019435680262E-002
   3.7000000000099651       -5.9043784134852596E-002
   3.7100000000099649       -5.8589877719388492E-002
   3.7200000000099647       -5.8130047584550683E-002
   3.7300000000099645       -5.7665020840829903E-002
   3.7400000000099642       -5.7195504070604898E-002
   3.7500000000099640       -5.6722183121884283E-002
   3.7600000000099638       -5.6245722938454180E-002
   3.7700000000099636       -5.5766767425718330E-002
   3.7800000000099634       -5.5285939351482669E-002
   3.7900000000099632       -5.4803840280904438E-002
   3.8000000000099630       -5.4321050544797855E-002
   3.8100000000099628       -5.3838129240461940E-002
   3.8200000000099625       -5.3355614264175746E-002
   3.8300000000099623       -5.2874022374486386E-002
   3.8400000000099621       -5.2393849285401452E-002
   3.8500000000099619       -5.1915569788587468E-002
   3.8600000000099617       -5.1439637903666111E-002
   3.8700000000099615       -5.0966487055700005E-002
   3.8800000000099613       -5.0496530278956266E-002
   3.8900000000099610       -5.0030160446040396E-002
   3.9000000000099608       -4.9567750521499185E-002
   3.9100000000099606       -4.9109653838996757E-002
   3.9200000000099604       -4.8656204401181000E-002
   3.9300000000099602       -4.8207717201366018E-002
   3.9400000000099600       -4.7764488566169133E-002
   3.9500000000099598       -4.7326796518254409E-002
   3.9600000000099596       -4.6894901158344188E-002
   3.9700000000099593       -4.6469045065672523E-002
   3.9800000000099591       -4.6049453716063581E-002
   3.9900000000099589       -4.5636335916822805E-002
   4.0000000000099591       -4.5229884257634988E-002
   4.0100000000099589       -4.4830275576661284E-002
   4.0200000000099587       -4.4437671441023993E-002
   4.0300000000099585       -4.4052218640860077E-002
   4.0400000000099583       -4.3674049696108511E-002
   4.0500000000099581       -4.3303283375179788E-002
   4.0600000000099579       -4.2940025224629995E-002
   4.0700000000099577       -4.2584368108930945E-002
   4.0800000000099574       -4.2236392759393469E-002
   4.0900000000099572       -4.1896168331256957E-002
   4.1000000000099570       -4.1563752967913085E-002
   4.1100000000099568       -4.1239194371178192E-002
   4.1200000000099566       -4.0922530376472879E-002
   4.1300000000099564       -4.0613789531706149E-002
   4.1400000000099562       -4.0312991678599239E-002
   4.1500000000099559       -4.0020148535117393E-002
   4.1600000000099557       -3.9735264277611516E-002
   4.1700000000099555       -3.9458336121205181E-002
   4.1800000000099553       -3.9189354896896296E-002
   4.1900000000099551       -3.8928305623780482E-002
   4.2000000000099549       -3.8675168074743686E-002
   4.2100000000099547       -3.8429917333917353E-002
   4.2200000000099545       -3.8192524344143629E-002
   4.2300000000099542       -3.7962956442657916E-002
   4.2400000000099540       -3.7741177883167644E-002
   4.2500000000099538       -3.7527150342487679E-002
   4.2600000000099536       -3.7320833409887240E-002
   4.2700000000099534       -3.7122185057309610E-002
   4.2800000000099532       -3.6931162088650327E-002
   4.2900000000099530       -3.6747720566315506E-002
   4.3000000000099527       -3.6571816213337716E-002
   4.3100000000099525       -3.6403404789398269E-002
   4.3200000000099523       -3.6242442439193605E-002
   4.3300000000099521       -3.6088886011691856E-002
   4.3400000000099519       -3.5942693348949464E-002
   4.3500000000099517       -3.5803823543302096E-002
   4.3600000000099515       -3.5672237161903715E-002
   4.3700000000099513       -3.5547896437764848E-002
   4.3800000000099510       -3.5430765426634141E-002
   4.3900000000099508       -3.5320810129275050E-002
   4.4000000000099506       -3.5217998578908824E-002
   4.4100000000099504       -3.5122300893829936E-002
   4.4200000000099502       -3.5033689295438805E-002
   4.4300000000099500       -3.4952138092189687E-002
   4.4400000000099498       -3.4877623630204496E-002
   4.4500000000099496       -3.4810124211562821E-002
   4.4600000000099493       -3.4749619981537680E-002
   4.4700000000099491       -3.4696092786302160E-002
   4.4800000000099489       -3.4649526002885588E-002
   4.4900000000099487       -3.4609904343401485E-002
   4.5000000000099485       -3.4577213635804467E-002
   4.5100000000099483       -3.4551440583654162E-002
   4.5200000000099481       -3.4532572507569317E-002
   4.5300000000099478       -3.4520597071242887E-002
   4.5400000000099476       -3.4515501995054397E-002
   4.5500000000099474       -3.4517274760459085E-002
   4.5600000000099472       -3.4525902308450152E-002
   4.5700000000099470       -3.4541370735481136E-002
   4.5800000000099468       -3.4563664990295742E-002
   4.5900000000099466       -3.4592768575143165E-002
   4.6000000000099464       -3.4628663254855932E-002
   4.6100000000099461       -3.4671328777233078E-002
   4.6200000000099459       -3.4720742608105426E-002
   4.6300000000099457       -3.4776879684359954E-002
   4.6400000000099455       -3.4839712188067494E-002
   4.6500000000099453       -3.4909209344693666E-002
   4.6600000000099451       -3.4985337248176235E-002
   4.6700000000099449       -3.5068058715426162E-002
   4.6800000000099446       -3.5157333172555302E-002
   4.6900000000099444       -3.5253116574851154E-002
   4.7000000000099442       -3.5355361362215551E-002
   4.7100000000099440       -3.5464016451455235E-002
   4.7200000000099438       -3.5579027266467646E-002
   4.7300000000099436       -3.5700335807002895E-002
   4.7400000000099434       -3.5827880756308939E-002
   4.7500000000099432       -3.5961597627583990E-002
   4.7600000000099429       -3.6101418948772009E-002
   4.7700000000099427       -3.6247274484846062E-002
   4.7800000000099425       -3.6399091496338402E-002
   4.7900000000099423       -3.6556795032491742E-002
   4.8000000000099421       -3.6720308257036247E-002
   4.8100000000099419       -3.6889552804237322E-002
   4.8200000000099417       -3.7064449162517776E-002
   4.8300000000099415       -3.7244917082637261E-002
   4.8400000000099412       -3.7430876007116268E-002
   4.8500000000099410       -3.7622245517320838E-002
   4.8600000000099408       -3.7818945794386286E-002
   4.8700000000099406       -3.8020898089950947E-002
   4.8800000000099404       -3.8228025202498586E-002
   4.8900000000099402       -3.8440251954974788E-002
   4.9000000000099400       -3.8657505669244627E-002
   4.9100000000099397       -3.8879716632904425E-002
   4.9200000000099395       -3.9106818553942442E-002
   4.9300000000099393       -3.9338748998771003E-002
   4.9400000000099391       -3.9575449809217324E-002
   4.9500000000099389       -3.9816867494168476E-002
   4.9600000000099387       -4.0062953591714037E-002
   4.9700000000099385       -4.0313664997814982E-002
   4.9800000000099383       -4.0568964257753359E-002
   4.9900000000099380       -4.0828819816875105E-002
