   9.9999999999999994E-012  0.99088648243338295     
   1.0000000010000001E-002  0.99050780567215901     
   2.0000000010000001E-002  0.98937245989897993     
   3.0000000010000000E-002  0.98748247122168498     
   4.0000000010000002E-002  0.98484112852842287     
   5.0000000010000004E-002  0.98145286312180158     
   6.0000000010000006E-002  0.97732310108240006     
   7.0000000010000007E-002  0.97245810457147708     
   8.0000000010000002E-002  0.96686481762619247     
   9.0000000009999997E-002  0.96055072926413987     
  0.10000000000999999       0.95352376273101425     
  0.11000000000999999       0.94579219539263304     
  0.12000000000999998       0.93736460983345737     
  0.13000000000999998       0.92824987365080192     
  0.14000000000999999       0.91845714341450724     
  0.15000000001000000       0.90799588725433966     
  0.16000000001000000       0.89687592035814601     
  0.17000000001000001       0.88510744807065223     
  0.18000000001000002       0.87270111203814804     
  0.19000000001000003       0.85966803575093564     
  0.20000000001000004       0.84601986675068930     
  0.21000000001000005       0.83176881360408339     
  0.22000000001000006       0.81692767645101638     
  0.23000000001000007       0.80150987050080358     
  0.24000000001000008       0.78552944227825827     
  0.25000000001000006       0.76900107873009271     
  0.26000000001000007       0.75194010951153323     
  0.27000000001000007       0.73436250290483762     
  0.28000000001000008       0.71628485589495727     
  0.29000000001000009       0.69772437895932227     
  0.30000000001000010       0.67869887613179958     
  0.31000000001000011       0.65922672088537848     
  0.32000000001000012       0.63932682835152777     
  0.33000000001000013       0.61901862436171406     
  0.34000000001000014       0.59832201176191502     
  0.35000000001000015       0.57725733441640359     
  0.36000000001000015       0.55584533928407187     
  0.37000000001000016       0.53410713691983158     
  0.38000000001000017       0.51206416072553940     
  0.39000000001000018       0.48973812524941956     
  0.40000000001000019       0.46715098381000680     
  0.41000000001000020       0.44432488569992534     
  0.42000000001000021       0.42128213320606889     
  0.43000000001000022       0.39804513866567076     
  0.44000000001000023       0.37463638176204495     
  0.45000000001000023       0.35107836724918262     
  0.46000000001000024       0.32739358328067991     
  0.47000000001000025       0.30360446050545209     
  0.48000000001000026       0.27973333208019802     
  0.49000000001000027       0.25580239473649230     
  0.50000000001000022       0.23183367102860392     
  0.51000000001000023       0.20784897287659873     
  0.52000000001000024       0.18386986650793441     
  0.53000000001000025       0.15991763888957322     
  0.54000000001000026       0.13601326573161038     
  0.55000000001000027       0.11217738113254576     
  0.56000000001000028        8.8430248925634544E-002
  0.57000000001000029        6.4791735775252046E-002
  0.58000000001000029        4.1281286061935374E-002
  0.59000000001000030        1.7917898584749140E-002
  0.60000000001000031       -5.2798949001009125E-003
  0.61000000001000032       -2.8294049294874980E-002
  0.62000000001000033       -5.1107023929626086E-002
  0.63000000001000034       -7.3701798493374618E-002
  0.64000000001000035       -9.6061887143457828E-002
  0.65000000001000036      -0.11817135081711860     
  0.66000000001000036      -0.14001480777664962     
  0.67000000001000037      -0.16157744242615255     
  0.68000000001000038      -0.18284501244418605     
  0.69000000001000039      -0.20380385428225450     
  0.70000000001000040      -0.22444088708421436     
  0.71000000001000041      -0.24474361508624809     
  0.72000000001000042      -0.26470012856107028     
  0.73000000001000043      -0.28429910337349851     
  0.74000000001000044      -0.30352979921743972     
  0.75000000001000044      -0.32238205660672981     
  0.76000000001000045      -0.34084629269413325     
  0.77000000001000046      -0.35891349599417460     
  0.78000000001000047      -0.37657522008635708     
  0.79000000001000048      -0.39382357637575105     
  0.80000000001000049      -0.41065122598792003     
  0.81000000001000050      -0.42705137087474121     
  0.82000000001000051      -0.44301774420686890     
  0.83000000001000052      -0.45854460012744458     
  0.84000000001000052      -0.47362670294017561     
  0.85000000001000053      -0.48825931580313930     
  0.86000000001000054      -0.50243818899763149     
  0.87000000001000055      -0.51615954783910911     
  0.88000000001000056      -0.52942008029480303     
  0.89000000001000057      -0.54221692436991875     
  0.90000000001000058      -0.55454765532154582     
  0.91000000001000059      -0.56641027275645583     
  0.92000000001000060      -0.57780318766595418     
  0.93000000001000060      -0.58872520944783924     
  0.94000000001000061      -0.59917553296236803     
  0.95000000001000062      -0.60915372566594395     
  0.96000000001000063      -0.61865971486304017     
  0.97000000001000064      -0.62769377511368063     
  0.98000000001000065      -0.63625651583063225     
  0.99000000001000066      -0.64434886909732758     
   1.0000000000100007      -0.65197207773446020     
   1.0100000000100007      -0.65912768364017515     
   1.0200000000100007      -0.66581751642583820     
   1.0300000000100007      -0.67204368236650436     
   1.0400000000100007      -0.67780855368244053     
   1.0500000000100007      -0.68311475816539091     
   1.0600000000100007      -0.68796516916069750     
   1.0700000000100007      -0.69236289591394584     
   1.0800000000100007      -0.69631127428844397     
   1.0900000000100007      -0.69981385785762351     
   1.1000000000100008      -0.70287440937432488     
   1.1100000000100008      -0.70549689261694071     
   1.1200000000100008      -0.70768546461049520     
   1.1300000000100008      -0.70944446821898643     
   1.1400000000100008      -0.71077842510365596     
   1.1500000000100008      -0.71169202904032525     
   1.1600000000100008      -0.71219013958750699     
   1.1700000000100008      -0.71227777609569498     
   1.1800000000100008      -0.71196011204703236     
   1.1900000000100008      -0.71124246971345506     
   1.2000000000100008      -0.71013031512042446     
   1.2100000000100009      -0.70862925330246063     
   1.2200000000100009      -0.70674502383590043     
   1.2300000000100009      -0.70448349663360155     
   1.2400000000100009      -0.70185066798570384     
   1.2500000000100009      -0.69885265683004882     
   1.2600000000100009      -0.69549570123541526     
   1.2700000000100009      -0.69178615508038832     
   1.2800000000100009      -0.68773048491041044     
   1.2900000000100009      -0.68333526695536784     
   1.3000000000100009      -0.67860718428995581     
   1.3100000000100009      -0.67355302411902462     
   1.3200000000100010      -0.66817967517013510     
   1.3300000000100010      -0.66249412517564521     
   1.3400000000100010      -0.65650345842682212     
   1.3500000000100010      -0.65021485338268581     
   1.3600000000100010      -0.64363558031658785     
   1.3700000000100010      -0.63677299898386586     
   1.3800000000100010      -0.62963455629432197     
   1.3900000000100010      -0.62222778397372325     
   1.4000000000100010      -0.61456029619903862     
   1.4100000000100010      -0.60663978719267209     
   1.4200000000100010      -0.59847402876157296     
   1.4300000000100010      -0.59007086776774231     
   1.4400000000100011      -0.58143822351735530     
   1.4500000000100011      -0.57258408505645353     
   1.4600000000100011      -0.56351650836193301     
   1.4700000000100011      -0.55424361341736372     
   1.4800000000100011      -0.54477358116401597     
   1.4900000000100011      -0.53511465031834438     
   1.5000000000100011      -0.52527511404807714     
   1.5100000000100011      -0.51526331649998180     
   1.5200000000100011      -0.50508764917332472     
   1.5300000000100011      -0.49475654713400524     
   1.5400000000100011      -0.48427848506532101     
   1.5500000000100012      -0.47366197315231223     
   1.5600000000100012      -0.46291555279763008     
   1.5700000000100012      -0.45204779216787400     
   1.5800000000100012      -0.44106728157034586     
   1.5900000000100012      -0.42998262866116982     
   1.6000000000100012      -0.41880245348671608     
   1.6100000000100012      -0.40753538336124884     
   1.6200000000100012      -0.39619004758468840     
   1.6300000000100012      -0.38477507200532274     
   1.6400000000100012      -0.37329907343323282     
   1.6500000000100012      -0.36177065391109503     
   1.6600000000100013      -0.35019839484989690     
   1.6700000000100013      -0.33859085103793785     
   1.6800000000100013      -0.32695654453229106     
   1.6900000000100013      -0.31530395844265896     
   1.7000000000100013      -0.30364153061827837     
   1.7100000000100013      -0.29197764724919528     
   1.7200000000100013      -0.28032063639385923     
   1.7300000000100013      -0.26867876144555014     
   1.7400000000100013      -0.25706021455066969     
   1.7500000000100013      -0.24547310999238908     
   1.7600000000100013      -0.23392547755354309     
   1.7700000000100014      -0.22242525587300341     
   1.7800000000100014      -0.21098028581004297     
   1.7900000000100014      -0.19959830383141991     
   1.8000000000100014      -0.18828693543606523     
   1.8100000000100014      -0.17705368863234747     
   1.8200000000100014      -0.16590594748291754     
   1.8300000000100014      -0.15485096573210050     
   1.8400000000100014      -0.14389586053070241     
   1.8500000000100014      -0.13304760627294351     
   1.8600000000100014      -0.12231302856000817     
   1.8700000000100014      -0.11169879830442449     
   1.8800000000100014      -0.10121142598915231     
   1.8900000000100015       -9.0857256094869360E-002
   1.9000000000100015       -8.0642461708503393E-002
   1.9100000000100015       -7.0573039325568923E-002
   1.9200000000100015       -6.0654803858328520E-002
   1.9300000000100015       -5.0893383861219652E-002
   1.9400000000100015       -4.1294216984366638E-002
   1.9500000000100015       -3.1862545665339727E-002
   1.9600000000100015       -2.2603413068634354E-002
   1.9700000000100015       -1.3521659281622389E-002
   1.9800000000100015       -4.6219177749842952E-003
   1.9900000000100015        4.0913878651386432E-003
   2.0000000000100013        1.2614046926814162E-002
   2.0100000000100011        2.0942064278153649E-002
   2.0200000000100009        2.9071662784461355E-002
   2.0300000000100007        3.6999285432663474E-002
   2.0400000000100005        4.4721597159798232E-002
   2.0500000000100003        5.2235486383163242E-002
   2.0600000000100001        5.9538066230528784E-002
   2.0700000000099998        6.6626675469625682E-002
   2.0800000000099996        7.3498879136906739E-002
   2.0900000000099994        8.0152468866358531E-002
   2.1000000000099992        8.6585462919895745E-002
   2.1100000000099990        9.2796105921606892E-002
   2.1200000000099988        9.8782868298836618E-002
   2.1300000000099986       0.10454444543377528     
   2.1400000000099983       0.11007975652988886     
   2.1500000000099981       0.11538794319815041     
   2.1600000000099979       0.12046836776863716     
   2.1700000000099977       0.12532061133362082     
   2.1800000000099975       0.12994447152881045     
   2.1900000000099973       0.13433996005990756     
   2.2000000000099971       0.13850729998208960     
   2.2100000000099969       0.14244692274046503     
   2.2200000000099966       0.14615946497992896     
   2.2300000000099964       0.14964576513319786     
   2.2400000000099962       0.15290685979611454     
   2.2500000000099960       0.15594397989958980     
   2.2600000000099958       0.15875854668778494     
   2.2700000000099956       0.16135216751234188     
   2.2800000000099954       0.16372663145263328     
   2.2900000000099952       0.16588390477213771     
   2.3000000000099949       0.16782612622114171     
   2.3100000000099947       0.16955560219603455     
   2.3200000000099945       0.17107480176549736     
   2.3300000000099943       0.17238635157388760     
   2.3400000000099941       0.17349303063209606     
   2.3500000000099939       0.17439776500609860     
   2.3600000000099937       0.17510362241334348     
   2.3700000000099934       0.17561380673701324     
   2.3800000000099932       0.17593165246806972     
   2.3900000000099930       0.17606061908484133     
   2.4000000000099928       0.17600428537974463     
   2.4100000000099926       0.17576634374254338     
   2.4200000000099924       0.17535059440934372     
   2.4300000000099922       0.17476093968630652     
   2.4400000000099920       0.17400137815682495     
   2.4500000000099917       0.17307599888067013     
   2.4600000000099915       0.17198897559335563     
   2.4700000000099913       0.17074456091370618     
   2.4800000000099911       0.16934708056734554     
   2.4900000000099909       0.16780092763354421     
   2.5000000000099907       0.16611055682258302     
   2.5100000000099905       0.16428047879050817     
   2.5200000000099902       0.16231525449786260     
   2.5300000000099900       0.16021948961869500     
   2.5400000000099898       0.15799782900585732     
   2.5500000000099896       0.15565495121831732     
   2.5600000000099894       0.15319556311592644     
   2.5700000000099892       0.15062439452680351     
   2.5800000000099890       0.14794619299221590     
   2.5900000000099888       0.14516571859356461     
   2.6000000000099885       0.14228773886581442     
   2.6100000000099883       0.13931702380144190     
   2.6200000000099881       0.13625834094872002     
   2.6300000000099879       0.13311645060790539     
   2.6400000000099877       0.12989610112864686     
   2.6500000000099875       0.12660202431169981     
   2.6600000000099873       0.12323893091779588     
   2.6700000000099871       0.11981150628629469     
   2.6800000000099868       0.11632440606602690     
   2.6900000000099866       0.11278225206052846     
   2.7000000000099864       0.10918962818966249     
   2.7100000000099862       0.10555107656943037     
   2.7200000000099860       0.10187109371158568     
   2.7300000000099858        9.8154126844481882E-002
   2.7400000000099856        9.4404570356412892E-002
   2.7500000000099853        9.0626762362535890E-002
   2.7600000000099851        8.6824981396306539E-002
   2.7700000000099849        8.3003443226202289E-002
   2.7800000000099847        7.9166297798360596E-002
   2.7900000000099845        7.5317626305619889E-002
   2.8000000000099843        7.1461438383311579E-002
   2.8100000000099841        6.7601669432025363E-002
   2.8200000000099839        6.3742178067443561E-002
   2.8300000000099836        5.9886743697222286E-002
   2.8400000000099834        5.6039064224783289E-002
   2.8500000000099832        5.2202753879771580E-002
   2.8600000000099830        4.8381341174831650E-002
   2.8700000000099828        4.4578266988252672E-002
   2.8800000000099826        4.0796882771941489E-002
   2.8900000000099824        3.7040448884089139E-002
   2.9000000000099821        3.3312133045810391E-002
   2.9100000000099819        2.9615008920952739E-002
   2.9200000000099817        2.5952054818189286E-002
   2.9300000000099815        2.2326152514435930E-002
   2.9400000000099813        1.8740086198555907E-002
   2.9500000000099811        1.5196541534244707E-002
   2.9600000000099809        1.1698104840917524E-002
   2.9700000000099807        8.2472623913549467E-003
   2.9800000000099804        4.8463998247941249E-003
   2.9900000000099802        1.4978016740895112E-003
   3.0000000000099800       -1.7963489944972124E-003
   3.0100000000099798       -5.0339708303838446E-003
   3.0200000000099796       -8.2130843381976164E-003
   3.0300000000099794       -1.1331811909378944E-002
   3.0400000000099792       -1.4388377747554040E-002
   3.0500000000099790       -1.7381107689432965E-002
   3.0600000000099787       -2.0308428923056794E-002
   3.0700000000099785       -2.3168869605279745E-002
   3.0800000000099783       -2.5961058380439918E-002
   3.0900000000099781       -2.8683723802239474E-002
   3.1000000000099779       -3.1335693660921732E-002
   3.1100000000099777       -3.3915894217901740E-002
   3.1200000000099775       -3.6423349350078342E-002
   3.1300000000099772       -3.8857179606123213E-002
   3.1400000000099770       -4.1216601177116577E-002
   3.1500000000099768       -4.3500924783968192E-002
   3.1600000000099766       -4.5709554484134850E-002
   3.1700000000099764       -4.7841986400214975E-002
   3.1800000000099762       -4.9897807373073741E-002
   3.1900000000099760       -5.1876693542217155E-002
   3.2000000000099758       -5.3778408856203982E-002
   3.2100000000099755       -5.5602803515946167E-002
   3.2200000000099753       -5.7349812353812535E-002
   3.2300000000099751       -5.9019453151506272E-002
   3.2400000000099749       -6.0611824899743517E-002
   3.2500000000099747       -6.2127106002806097E-002
   3.2600000000099745       -6.3565552431089217E-002
   3.2700000000099743       -6.4927495824800535E-002
   3.2800000000099740       -6.6213341551998456E-002
   3.2900000000099738       -6.7423566724183592E-002
   3.3000000000099736       -6.8558718172673325E-002
   3.3100000000099734       -6.9619410388998826E-002
   3.3200000000099732       -7.0606323432564247E-002
   3.3300000000099730       -7.1520200808802253E-002
   3.3400000000099728       -7.2361847321042116E-002
   3.3500000000099726       -7.3132126899281294E-002
   3.3600000000099723       -7.3831960409020930E-002
   3.3700000000099721       -7.4462323443279702E-002
   3.3800000000099719       -7.5024244100852927E-002
   3.3900000000099717       -7.5518800753822460E-002
   3.4000000000099715       -7.5947119807259711E-002
   3.4100000000099713       -7.6310373453987002E-002
   3.4200000000099711       -7.6609777427184528E-002
   3.4300000000099709       -7.6846588753543832E-002
   3.4400000000099706       -7.7022103509575848E-002
   3.4500000000099704       -7.7137654583587095E-002
   3.4600000000099702       -7.7194609445737902E-002
   3.4700000000099700       -7.7194367928494378E-002
   3.4800000000099698       -7.7138360019681190E-002
   3.4900000000099696       -7.7028043670240590E-002
   3.5000000000099694       -7.6864902618694914E-002
   3.5100000000099691       -7.6650444234209344E-002
   3.5200000000099689       -7.6386197380051229E-002
   3.5300000000099687       -7.6073710299139979E-002
   3.5400000000099685       -7.5714548523293498E-002
   3.5500000000099683       -7.5310292807680396E-002
   3.5600000000099681       -7.4862537091908182E-002
   3.5700000000099679       -7.4372886489095097E-002
   3.5800000000099677       -7.3842955304202013E-002
   3.5900000000099674       -7.3274365082834442E-002
   3.6000000000099672       -7.2668742691664998E-002
   3.6100000000099670       -7.2027718431575266E-002
   3.6200000000099668       -7.1352924184569858E-002
   3.6300000000099666       -7.0645991595477603E-002
   3.6400000000099664       -6.9908550289423041E-002
   3.6500000000099662       -6.9142226126026718E-002
   3.6600000000099659       -6.8348639491271596E-002
   3.6700000000099657       -6.7529403627961698E-002
   3.6800000000099655       -6.6686123005686951E-002
   3.6900000000099653       -6.5820391731204450E-002
   3.7000000000099651       -6.4933792000143417E-002
   3.7100000000099649       -6.4027892590941521E-002
   3.7200000000099647       -6.3104247401921137E-002
   3.7300000000099645       -6.2164394032415193E-002
   3.7400000000099642       -6.1209852408855056E-002
   3.7500000000099640       -6.0242123456730301E-002
   3.7600000000099638       -5.9262687819328697E-002
   3.7700000000099636       -5.8273004624156986E-002
   3.7800000000099634       -5.7274510297933810E-002
   3.7900000000099632       -5.6268617431028269E-002
   3.8000000000099630       -5.5256713692197520E-002
   3.8100000000099628       -5.4240160794447066E-002
   3.8200000000099625       -5.3220293512803586E-002
   3.8300000000099623       -5.2198418754745166E-002
   3.8400000000099621       -5.1175814683985840E-002
   3.8500000000099619       -5.0153729898249691E-002
   3.8600000000099617       -4.9133382661605420E-002
   3.8700000000099615       -4.8115960191856315E-002
   3.8800000000099613       -4.7102618003397337E-002
   3.8900000000099610       -4.6094479305863148E-002
   3.9000000000099608       -4.5092634458790158E-002
   3.9100000000099606       -4.4098140482415324E-002
   3.9200000000099604       -4.3112020624622251E-002
   3.9300000000099602       -4.2135263983931213E-002
   3.9400000000099600       -4.1168825188310755E-002
   3.9500000000099598       -4.0213624129464949E-002
   3.9600000000099596       -3.9270545752126837E-002
   3.9700000000099593       -3.8340439897760370E-002
   3.9800000000099591       -3.7424121201948338E-002
   3.9900000000099589       -3.6522369044615914E-002
   4.0000000000099591       -3.5635927552116566E-002
   4.0100000000099589       -3.4765505650084523E-002
   4.0200000000099587       -3.3911777165840998E-002
   4.0300000000099585       -3.3075380979028263E-002
   4.0400000000099583       -3.2256921219038136E-002
   4.0500000000099581       -3.1456967507701619E-002
   4.0600000000099579       -3.0676055245611483E-002
   4.0700000000099577       -2.9914685940365577E-002
   4.0800000000099574       -2.9173327574940990E-002
   4.0900000000099572       -2.8452415014339566E-002
   4.1000000000099570       -2.7752350448588980E-002
   4.1100000000099568       -2.7073503870130848E-002
   4.1200000000099566       -2.6416213583589421E-002
   4.1300000000099564       -2.5780786745882349E-002
   4.1400000000099562       -2.5167499934613941E-002
   4.1500000000099559       -2.4576599742678593E-002
   4.1600000000099557       -2.4008303396999060E-002
   4.1700000000099555       -2.3462799399327949E-002
   4.1800000000099553       -2.2940248187052842E-002
   4.1900000000099551       -2.2440782811966632E-002
   4.2000000000099549       -2.1964509634988361E-002
   4.2100000000099547       -2.1511509034853143E-002
   4.2200000000099545       -2.1081836128826408E-002
   4.2300000000099542       -2.0675521503538685E-002
   4.2400000000099540       -2.0292571954083301E-002
   4.2500000000099538       -1.9932971229566148E-002
   4.2600000000099536       -1.9596680783348492E-002
   4.2700000000099534       -1.9283640526275535E-002
   4.2800000000099532       -1.8993769581236962E-002
   4.2900000000099530       -1.8726967037460442E-002
   4.3000000000099527       -1.8483112702992594E-002
   4.3100000000099525       -1.8262067853878221E-002
   4.3200000000099523       -1.8063675978600917E-002
   4.3300000000099521       -1.7887763516403570E-002
   4.3400000000099519       -1.7734140588160537E-002
   4.3500000000099517       -1.7602601718525564E-002
   4.3600000000099515       -1.7492926548133926E-002
   4.3700000000099513       -1.7404880534688708E-002
   4.3800000000099510       -1.7338215641815952E-002
   4.3900000000099508       -1.7292671014626160E-002
   4.4000000000099506       -1.7267973640975983E-002
   4.4100000000099504       -1.7263838997480303E-002
   4.4200000000099502       -1.7279971679384460E-002
   4.4300000000099500       -1.7316066013468780E-002
   4.4400000000099498       -1.7371806653222056E-002
   4.4500000000099496       -1.7446869155591772E-002
   4.4600000000099493       -1.7540920538691156E-002
   4.4700000000099491       -1.7653619819923142E-002
   4.4800000000099489       -1.7784618534065755E-002
   4.4900000000099487       -1.7933561230952459E-002
   4.5000000000099485       -1.8100085952478175E-002
   4.5100000000099483       -1.8283824688763405E-002
   4.5200000000099481       -1.8484403813416577E-002
   4.5300000000099478       -1.8701444497949700E-002
   4.5400000000099476       -1.8934563105521732E-002
   4.5500000000099474       -1.9183371564309014E-002
   4.5600000000099472       -1.9447477720931920E-002
   4.5700000000099470       -1.9726485674500742E-002
   4.5800000000099468       -2.0019996091979419E-002
   4.5900000000099466       -2.0327606505705049E-002
   4.6000000000099464       -2.0648911594039778E-002
   4.6100000000099461       -2.0983503446269765E-002
   4.6200000000099459       -2.1330971813003061E-002
   4.6300000000099457       -2.1690904343450019E-002
   4.6400000000099455       -2.2062886811097481E-002
   4.6500000000099453       -2.2446503329408063E-002
   4.6600000000099451       -2.2841336559286933E-002
   4.6700000000099449       -2.3246967910159472E-002
   4.6800000000099446       -2.3662977736589975E-002
   4.6900000000099444       -2.4088945532447129E-002
   4.7000000000099442       -2.4524450124678090E-002
   4.7100000000099440       -2.4969069868793579E-002
   4.7200000000099438       -2.5422382848187663E-002
   4.7300000000099436       -2.5883967079415850E-002
   4.7400000000099434       -2.6353400725534028E-002
   4.7500000000099432       -2.6830262319556118E-002
   4.7600000000099429       -2.7314131000021509E-002
   4.7700000000099427       -2.7804586760570869E-002
   4.7800000000099425       -2.8301210715312691E-002
   4.7900000000099423       -2.8803585381622688E-002
   4.8000000000099421       -2.9311294981853548E-002
   4.8100000000099419       -2.9823925765242315E-002
   4.8200000000099417       -3.0341066351094494E-002
   4.8300000000099415       -3.0862308094087836E-002
   4.8400000000099412       -3.1387245472287925E-002
   4.8500000000099410       -3.1915476498195192E-002
   4.8600000000099408       -3.2446603152855864E-002
   4.8700000000099406       -3.2980231842766175E-002
   4.8800000000099404       -3.3515973878987686E-002
   4.8900000000099402       -3.4053445977567334E-002
   4.9000000000099400       -3.4592270780029792E-002
   4.9100000000099397       -3.5132077392378343E-002
   4.9200000000099395       -3.5672501940710928E-002
   4.9300000000099393       -3.6213188141233393E-002
   4.9400000000099391       -3.6753787882133529E-002
   4.9500000000099389       -3.7293961814473718E-002
   4.9600000000099387       -3.7833379948968140E-002
   4.9700000000099385       -3.8371722255237398E-002
   4.9800000000099383       -3.8908679259882548E-002
   4.9900000000099380       -3.9443952639492692E-002
