   9.9999999999999994E-012 -0.11442691140630772     
   1.0000000010000001E-002 -0.11436355341868684     
   2.0000000010000001E-002 -0.11417351258667782     
   3.0000000010000000E-002 -0.11385688886599458     
   4.0000000010000002E-002 -0.11341385069419582     
   5.0000000010000004E-002 -0.11284463762401938     
   6.0000000010000006E-002 -0.11214956375926033     
   7.0000000010000007E-002 -0.11132902177794124     
   8.0000000010000002E-002 -0.11038348730920684     
   9.0000000009999997E-002 -0.10931352343344156     
  0.10000000000999999      -0.10811978509566308     
  0.11000000000999999      -0.10680302325482291     
  0.12000000000999998      -0.10536408863041187     
  0.13000000000999998      -0.10380393494758944     
  0.14000000000999999      -0.10212362161902484     
  0.15000000001000000      -0.10032431583331891     
  0.16000000001000000       -9.8407294045142479E-002
  0.17000000001000001       -9.6373942880983179E-002
  0.18000000001000002       -9.4225759487231275E-002
  0.19000000001000003       -9.1964351355213136E-002
  0.20000000001000004       -8.9591435661777519E-002
  0.21000000001000005       -8.7108838165195296E-002
  0.22000000001000006       -8.4518491695351305E-002
  0.23000000001000007       -8.1822434275221539E-002
  0.24000000001000008       -7.9022806907993098E-002
  0.25000000001000006       -7.6121851061300400E-002
  0.26000000001000007       -7.3121905877187310E-002
  0.27000000001000007       -7.0025405133725183E-002
  0.28000000001000008       -6.6834873981817797E-002
  0.29000000001000009       -6.3552925478636543E-002
  0.30000000001000010       -6.0182256937366077E-002
  0.31000000001000011       -5.6725646111473627E-002
  0.32000000001000012       -5.3185947230519372E-002
  0.33000000001000013       -4.9566086903560964E-002
  0.34000000001000014       -4.5869059905433829E-002
  0.35000000001000015       -4.2097924860576300E-002
  0.36000000001000015       -3.8255799838576098E-002
  0.37000000001000016       -3.4345857875214915E-002
  0.38000000001000017       -3.0371322432457232E-002
  0.39000000001000018       -2.6335462810536510E-002
  0.40000000001000019       -2.2241589525029647E-002
  0.41000000001000020       -1.8093049661554859E-002
  0.42000000001000021       -1.3893222220469422E-002
  0.43000000001000022       -9.6455134636769576E-003
  0.44000000001000023       -5.3533522753613418E-003
  0.45000000001000023       -1.0201855481545567E-003
  0.46000000001000024        3.3505263940995121E-003
  0.47000000001000025        7.7553143261914984E-003
  0.48000000001000026        1.2190704593615872E-002
  0.49000000001000027        1.6653223516908105E-002
  0.50000000001000022        2.1139401718759172E-002
  0.51000000001000023        2.5645778364911415E-002
  0.52000000001000024        3.0168905310356563E-002
  0.53000000001000025        3.4705351142902893E-002
  0.54000000001000026        3.9251705116738991E-002
  0.55000000001000027        4.3804580969206024E-002
  0.56000000001000028        4.8360620614583127E-002
  0.57000000001000029        5.2916497709298002E-002
  0.58000000001000029        5.7468921083586290E-002
  0.59000000001000030        6.2014638035240099E-002
  0.60000000001000031        6.6550437481700850E-002
  0.61000000001000032        7.1073152967364037E-002
  0.62000000001000033        7.5579665523567194E-002
  0.63000000001000034        8.0066906379328340E-002
  0.64000000001000035        8.4531859521481220E-002
  0.65000000001000036        8.8971564103419915E-002
  0.66000000001000036        9.3383116702211194E-002
  0.67000000001000037        9.7763673424357669E-002
  0.68000000001000038       0.10211045186099758     
  0.69000000001000039       0.10642073289380331     
  0.70000000001000040       0.11069186235329131     
  0.71000000001000041       0.11492125253167922     
  0.72000000001000042       0.11910638355281870     
  0.73000000001000043       0.12324480460209655     
  0.74000000001000044       0.12733413501953067     
  0.75000000001000044       0.13137206525958933     
  0.76000000001000045       0.13535635772153470     
  0.77000000001000046       0.13928484745433253     
  0.78000000001000047       0.14315544274038064     
  0.79000000001000048       0.14696612556248997     
  0.80000000001000049       0.15071495195870271     
  0.81000000001000050       0.15440005226965631     
  0.82000000001000051       0.15801963128329546     
  0.83000000001000052       0.16157196828180501     
  0.84000000001000052       0.16505541699567858     
  0.85000000001000053       0.16846840546985772     
  0.86000000001000054       0.17180943584687242     
  0.87000000001000055       0.17507708407188746     
  0.88000000001000056       0.17826999952451644     
  0.89000000001000057       0.18138690458219794     
  0.90000000001000058       0.18442659411984921     
  0.91000000001000059       0.18738793495041489     
  0.92000000001000060       0.19026986521081715     
  0.93000000001000060       0.19307139369768847     
  0.94000000001000061       0.19579159915713368     
  0.95000000001000062       0.19842962953262108     
  0.96000000001000063       0.20098470117494779     
  0.97000000001000064       0.20345609801806269     
  0.98000000001000065       0.20584317072436101     
  0.99000000001000066       0.20814533580289279     
   1.0000000000100007       0.21036207470374718     
   1.0100000000100007       0.21249293289169752     
   1.0200000000100007       0.21453751890200717     
   1.0300000000100007       0.21649550338111490     
   1.0400000000100007       0.21836661811473487     
   1.0500000000100007       0.22015065504572387     
   1.0600000000100007       0.22184746528388782     
   1.0700000000100007       0.22345695810972263     
   1.0800000000100007       0.22497909997390653     
   1.0900000000100007       0.22641391349419129     
   1.1000000000100008       0.22776147645117101     
   1.1100000000100008       0.22902192078424405     
   1.1200000000100008       0.23019543158892497     
   1.1300000000100008       0.23128224611651085     
   1.1400000000100008       0.23228265277695867     
   1.1500000000100008       0.23319699014568843     
   1.1600000000100008       0.23402564597489411     
   1.1700000000100008       0.23476905620981081     
   1.1800000000100008       0.23542770401026941     
   1.1900000000100008       0.23600211877775168     
   1.2000000000100008       0.23649287518805054     
   1.2100000000100009       0.23690059222953849     
   1.2200000000100009       0.23722593224695329     
   1.2300000000100009       0.23746959999052089     
   1.2400000000100009       0.23763234167015573     
   1.2500000000100009       0.23771494401440485     
   1.2600000000100009       0.23771823333373479     
   1.2700000000100009       0.23764307458770170     
   1.2800000000100009       0.23749037045549062     
   1.2900000000100009       0.23726106040926531     
   1.3000000000100009       0.23695611978972883     
   1.3100000000100009       0.23657655888326562     
   1.3200000000100010       0.23612342200000369     
   1.3300000000100010       0.23559778655212321     
   1.3400000000100010       0.23500076213171658     
   1.3500000000100010       0.23433348958750311     
   1.3600000000100010       0.23359714009969684     
   1.3700000000100010       0.23279291425233017     
   1.3800000000100010       0.23192204110234788     
   1.3900000000100010       0.23098577724479724     
   1.4000000000100010       0.22998540587346433     
   1.4100000000100010       0.22892223583632870     
   1.4200000000100010       0.22779760068524046     
   1.4300000000100010       0.22661285771925668     
   1.4400000000100011       0.22536938702111509     
   1.4500000000100011       0.22406859048636263     
   1.4600000000100011       0.22271189084470805     
   1.4700000000100011       0.22130073067321171     
   1.4800000000100011       0.21983657140098556     
   1.4900000000100011       0.21832089230512883     
   1.5000000000100011       0.21675518949768544     
   1.5100000000100011       0.21514097490347178     
   1.5200000000100011       0.21347977522868683     
   1.5300000000100011       0.21177313092028188     
   1.5400000000100011       0.21002259511613577     
   1.5500000000100012       0.20822973258614980     
   1.5600000000100012       0.20639611866444571     
   1.5700000000100012       0.20452333817292043     
   1.5800000000100012       0.20261298433648287     
   1.5900000000100012       0.20066665769036768     
   1.6000000000100012       0.19868596497999075     
   1.6100000000100012       0.19667251805388247     
   1.6200000000100012       0.19462793275030224     
   1.6300000000100012       0.19255382777820471     
   1.6400000000100012       0.19045182359329607     
   1.6500000000100012       0.18832354126998024     
   1.6600000000100013       0.18617060137005895     
   1.6700000000100013       0.18399462280910747     
   1.6800000000100013       0.18179722172150597     
   1.6900000000100013       0.17958001032515841     
   1.7000000000100013       0.17734459578698383     
   1.7100000000100013       0.17509257909031034     
   1.7200000000100013       0.17282555390534626     
   1.7300000000100013       0.17054510546394278     
   1.7400000000100013       0.16825280943989801     
   1.7500000000100013       0.16595023083608396     
   1.7600000000100013       0.16363892287970488     
   1.7700000000100014       0.16132042592701876     
   1.7800000000100014       0.15899626637887182     
   1.7900000000100014       0.15666795560840813     
   1.8000000000100014       0.15433698890232866     
   1.8100000000100014       0.15200484441707415     
   1.8200000000100014       0.14967298215130875     
   1.8300000000100014       0.14734284293607486     
   1.8400000000100014       0.14501584744397972     
   1.8500000000100014       0.14269339521875932     
   1.8600000000100014       0.14037686372654737     
   1.8700000000100014       0.13806760743015087     
   1.8800000000100014       0.13576695688760926     
   1.8900000000100015       0.13347621787627711     
   1.9000000000100015       0.13119667054363920     
   1.9100000000100015       0.12892956858602175     
   1.9200000000100015       0.12667613845632250     
   1.9300000000100015       0.12443757860183347     
   1.9400000000100015       0.12221505873317880     
   1.9500000000100015       0.12000971912533775     
   1.9600000000100015       0.11782266995166309     
   1.9700000000100015       0.11565499065174831     
   1.9800000000100015       0.11350772933393387     
   1.9900000000100015       0.11138190221317727     
   2.0000000000100013       0.10927849308494850     
   2.0100000000100011       0.10719845283574218     
   2.0200000000100009       0.10514269899073073     
   2.0300000000100007       0.10311211529901110     
   2.0400000000100005       0.10110755135682896     
   2.0500000000100003        9.9129822269090839E-002
   2.0600000000100001        9.7179708349404703E-002
   2.0700000000099998        9.5257954858817301E-002
   2.0800000000099996        9.3365271783344889E-002
   2.0900000000099994        9.1502333650324424E-002
   2.1000000000099992        8.9669779383540621E-002
   2.1100000000099990        8.7868212197016668E-002
   2.1200000000099988        8.6098199527287034E-002
   2.1300000000099986        8.4360273003905445E-002
   2.1400000000099983        8.2654928457875601E-002
   2.1500000000099981        8.0982625967628188E-002
   2.1600000000099979        7.9343789942108126E-002
   2.1700000000099977        7.7738809240474563E-002
   2.1800000000099975        7.6168037327860941E-002
   2.1900000000099973        7.4631792466586355E-002
   2.2000000000099971        7.3130357942157651E-002
   2.2100000000099969        7.1663982323352013E-002
   2.2200000000099966        7.0232879755622299E-002
   2.2300000000099964        6.8837230287023016E-002
   2.2400000000099962        6.7477180225813088E-002
   2.2500000000099960        6.6152842528853201E-002
   2.2600000000099958        6.4864297219877826E-002
   2.2700000000099956        6.3611591836691045E-002
   2.2800000000099954        6.2394741906302696E-002
   2.2900000000099952        6.1213731446995580E-002
   2.3000000000099949        6.0068513496288146E-002
   2.3100000000099947        5.8959010663736836E-002
   2.3200000000099945        5.7885115707501565E-002
   2.3300000000099943        5.6846692133582490E-002
   2.3400000000099941        5.5843574816622187E-002
   2.3500000000099939        5.4875570641155690E-002
   2.3600000000099937        5.3942459162183751E-002
   2.3700000000099934        5.3043993283936032E-002
   2.3800000000099932        5.2179899955690702E-002
   2.3900000000099930        5.1349880883512132E-002
   2.4000000000099928        5.0553613256771546E-002
   2.4100000000099926        4.9790750488317388E-002
   2.4200000000099924        4.9060922967167526E-002
   2.4300000000099922        4.8363738822601990E-002
   2.4400000000099920        4.7698784698544452E-002
   2.4500000000099917        4.7065626537130104E-002
   2.4600000000099915        4.6463810370370999E-002
   2.4700000000099913        4.5892863118841637E-002
   2.4800000000099911        4.5352293396325565E-002
   2.4900000000099909        4.4841592319377156E-002
   2.5000000000099907        4.4360234320772012E-002
   2.5100000000099905        4.3907677965838290E-002
   2.5200000000099902        4.3483366770680293E-002
   2.5300000000099900        4.3086730021326666E-002
   2.5400000000099898        4.2717183592857130E-002
   2.5500000000099896        4.2374130767584332E-002
   2.5600000000099894        4.2056963051390124E-002
   2.5700000000099892        4.1765060987338072E-002
   2.5800000000099890        4.1497794965711148E-002
   2.5900000000099888        4.1254526029643843E-002
   2.6000000000099885        4.1034606675546925E-002
   2.6100000000099883        4.0837381647545197E-002
   2.6200000000099881        4.0662188725176157E-002
   2.6300000000099879        4.0508359503621590E-002
   2.6400000000099877        4.0375220165770970E-002
   2.6500000000099875        4.0262092245440459E-002
   2.6600000000099873        4.0168293381097987E-002
   2.6700000000099871        4.0093138059470290E-002
   2.6800000000099868        4.0035938348433185E-002
   2.6900000000099866        3.9996004618612913E-002
   2.7000000000099864        3.9972646253151244E-002
   2.7100000000099862        3.9965172345112890E-002
   2.7200000000099860        3.9972892382038161E-002
   2.7300000000099858        3.9995116917170406E-002
   2.7400000000099856        4.0031158226910328E-002
   2.7500000000099853        4.0080330954075608E-002
   2.7600000000099851        4.0141952736568259E-002
   2.7700000000099849        4.0215344821074403E-002
   2.7800000000099847        4.0299832661447502E-002
   2.7900000000099845        4.0394746501446935E-002
   2.8000000000099843        4.0499421941528210E-002
   2.8100000000099841        4.0613200489403659E-002
   2.8200000000099839        4.0735430094114046E-002
   2.8300000000099836        4.0865465663374498E-002
   2.8400000000099834        4.1002669563978980E-002
   2.8500000000099832        4.1146412105069377E-002
   2.8600000000099830        4.1296072004095859E-002
   2.8700000000099828        4.1451036835315841E-002
   2.8800000000099826        4.1610703460699630E-002
   2.8900000000099824        4.1774478443129245E-002
   2.9000000000099821        4.1941778441798652E-002
   2.9100000000099819        4.2112030589740390E-002
   2.9200000000099817        4.2284672853424798E-002
   2.9300000000099815        4.2459154374394029E-002
   2.9400000000099813        4.2634935792913962E-002
   2.9500000000099811        4.2811489553642584E-002
   2.9600000000099809        4.2988300193331996E-002
   2.9700000000099807        4.3164864610598826E-002
   2.9800000000099804        4.3340692317813859E-002
   2.9900000000099802        4.3515305675178320E-002
   3.0000000000099800        4.3688240107071799E-002
   3.0100000000099798        4.3859044300770707E-002
   3.0200000000099796        4.4027280387654362E-002
   3.0300000000099794        4.4192524107028598E-002
   3.0400000000099792        4.4354364952714394E-002
   3.0500000000099790        4.4512406302562077E-002
   3.0600000000099787        4.4666265531067624E-002
   3.0700000000099785        4.4815574105280379E-002
   3.0800000000099783        4.4959977664207160E-002
   3.0900000000099781        4.5099136081930814E-002
   3.1000000000099779        4.5232723514673827E-002
   3.1100000000099777        4.5360428432052527E-002
   3.1200000000099775        4.5481953632778668E-002
   3.1300000000099772        4.5597016245078906E-002
   3.1400000000099770        4.5705347712113882E-002
   3.1500000000099768        4.5806693762690823E-002
   3.1600000000099766        4.5900814367575753E-002
   3.1700000000099764        4.5987483681720800E-002
   3.1800000000099762        4.6066489972734603E-002
   3.1900000000099760        4.6137635535932378E-002
   3.2000000000099758        4.6200736596313248E-002
   3.2100000000099755        4.6255623197820665E-002
   3.2200000000099753        4.6302139080251416E-002
   3.2300000000099751        4.6340141544185899E-002
   3.2400000000099749        4.6369501304321062E-002
   3.2500000000099747        4.6390102331593339E-002
   3.2600000000099745        4.6401841684486592E-002
   3.2700000000099743        4.6404629329924743E-002
   3.2800000000099740        4.6398387954154657E-002
   3.2900000000099738        4.6383052764029112E-002
   3.3000000000099736        4.6358571279103596E-002
   3.3100000000099734        4.6324903114963741E-002
   3.3200000000099732        4.6282019758202494E-002
   3.3300000000099730        4.6229904333468401E-002
   3.3400000000099728        4.6168551363006800E-002
   3.3500000000099726        4.6097966519116081E-002
   3.3600000000099723        4.6018166369941702E-002
   3.3700000000099721        4.5929178119028122E-002
   3.3800000000099719        4.5831039339048550E-002
   3.3900000000099717        4.5723797700129097E-002
   3.4000000000099715        4.5607510693181218E-002
   3.4100000000099713        4.5482245348653180E-002
   3.4200000000099711        4.5348077951106097E-002
   3.4300000000099709        4.5205093750016988E-002
   3.4400000000099706        4.5053386667204424E-002
   3.4500000000099704        4.4893059001267985E-002
   3.4600000000099702        4.4724221129426291E-002
   3.4700000000099700        4.4546991207131924E-002
   3.4800000000099698        4.4361494865834836E-002
   3.4900000000099696        4.4167864909259204E-002
   3.5000000000099694        4.3966241008551024E-002
   3.5100000000099691        4.3756769396646578E-002
   3.5200000000099689        4.3539602562204328E-002
   3.5300000000099687        4.3314898943435355E-002
   3.5400000000099685        4.3082822622159095E-002
   3.5500000000099683        4.2843543018404429E-002
   3.5600000000099681        4.2597234585867491E-002
   3.5700000000099679        4.2344076508530074E-002
   3.5800000000099677        4.2084252398735575E-002
   3.5900000000099674        4.1817949997011029E-002
   3.6000000000099672        4.1545360873916692E-002
   3.6100000000099670        4.1266680134197098E-002
   3.6200000000099668        4.0982106123500860E-002
   3.6300000000099666        4.0691840137928280E-002
   3.6400000000099664        4.0396086136660479E-002
   3.6500000000099662        4.0095050457914637E-002
   3.6600000000099659        3.9788941538465891E-002
   3.6700000000099657        3.9477969636966759E-002
   3.6800000000099655        3.9162346561291105E-002
   3.6900000000099653        3.8842285400120843E-002
   3.7000000000099651        3.8518000258988626E-002
   3.7100000000099649        3.8189706000981774E-002
   3.7200000000099647        3.7857617992307170E-002
   3.7300000000099645        3.7521951852909734E-002
   3.7400000000099642        3.7182923212329688E-002
   3.7500000000099640        3.6840747470978055E-002
   3.7600000000099638        3.6495639567001373E-002
   3.7700000000099636        3.6147813748900311E-002
   3.7800000000099634        3.5797483354059037E-002
   3.7900000000099632        3.5444860593333696E-002
   3.8000000000099630        3.5090156341841615E-002
   3.8100000000099628        3.4733579936083239E-002
   3.8200000000099625        3.4375338977520750E-002
   3.8300000000099623        3.4015639142728385E-002
   3.8400000000099621        3.3654684000220272E-002
   3.8500000000099619        3.3292674834051218E-002
   3.8600000000099617        3.2929810474277045E-002
   3.8700000000099615        3.2566287134350537E-002
   3.8800000000099613        3.2202298255517736E-002
   3.8900000000099610        3.1838034358270303E-002
   3.9000000000099608        3.1473682900896485E-002
   3.9100000000099606        3.1109428145164576E-002
   3.9200000000099604        3.0745451029158526E-002
   3.9300000000099602        3.0381929047276955E-002
   3.9400000000099600        3.0019036137392274E-002
   3.9500000000099598        2.9656942575157365E-002
   3.9600000000099596        2.9295814875433999E-002
   3.9700000000099593        2.8935815700806822E-002
   3.9800000000099591        2.8577103777133812E-002
   3.9900000000099589        2.8219833816074874E-002
   4.0000000000099591        2.7864156444526490E-002
   4.0100000000099589        2.7510218140881733E-002
   4.0200000000099587        2.7158161178023145E-002
   4.0300000000099585        2.6808123572946020E-002
   4.0400000000099583        2.6460239042899836E-002
   4.0500000000099581        2.6114636967926243E-002
   4.0600000000099579        2.5771442359662545E-002
   4.0700000000099577        2.5430775836272242E-002
   4.0800000000099574        2.5092753603354889E-002
   4.0900000000099572        2.4757487440681576E-002
   4.1000000000099570        2.4425084694594264E-002
   4.1100000000099568        2.4095648275902548E-002
   4.1200000000099566        2.3769276663103838E-002
   4.1300000000099564        2.3446063910750541E-002
   4.1400000000099562        2.3126099662780876E-002
   4.1500000000099559        2.2809469170628656E-002
   4.1600000000099557        2.2496253315922303E-002
   4.1700000000099555        2.2186528637582303E-002
   4.1800000000099553        2.1880367363123647E-002
   4.1900000000099551        2.1577837443968621E-002
   4.2000000000099549        2.1279002594574846E-002
   4.2100000000099547        2.0983922335182752E-002
   4.2200000000099545        2.0692652037987119E-002
   4.2300000000099542        2.0405242976538365E-002
   4.2400000000099540        2.0121742378179937E-002
   4.2500000000099538        1.9842193479329761E-002
   4.2600000000099536        1.9566635583416623E-002
   4.2700000000099534        1.9295104121283262E-002
   4.2800000000099532        1.9027630713871795E-002
   4.2900000000099530        1.8764243237010321E-002
   4.3000000000099527        1.8504965888121349E-002
   4.3100000000099525        1.8249819254678439E-002
   4.3200000000099523        1.7998820384239465E-002
   4.3300000000099521        1.7751982855890906E-002
   4.3400000000099519        1.7509316852939862E-002
   4.3500000000099517        1.7270829236697382E-002
   4.3600000000099515        1.7036523621199551E-002
   4.3700000000099513        1.6806400448719738E-002
   4.3800000000099510        1.6580457065928717E-002
   4.3900000000099508        1.6358687800567005E-002
   4.4000000000099506        1.6141084038497837E-002
   4.4100000000099504        1.5927634301015868E-002
   4.4200000000099502        1.5718324322293240E-002
   4.4300000000099500        1.5513137126850124E-002
   4.4400000000099498        1.5312053106944362E-002
   4.4500000000099496        1.5115050099781072E-002
   4.4600000000099493        1.4922103464450703E-002
   4.4700000000099491        1.4733186158510681E-002
   4.4800000000099489        1.4548268814133510E-002
   4.4900000000099487        1.4367319813752531E-002
   4.5000000000099485        1.4190305365142786E-002
   4.5100000000099483        1.4017189575884470E-002
   4.5200000000099481        1.3847934527162514E-002
   4.5300000000099478        1.3682500346865850E-002
   4.5400000000099476        1.3520845281956784E-002
   4.5500000000099474        1.3362925770090388E-002
   4.5600000000099472        1.3208696510470764E-002
   4.5700000000099470        1.3058110533940870E-002
   4.5800000000099468        1.2911119272308966E-002
   4.5900000000099466        1.2767672626923864E-002
   4.6000000000099464        1.2627719036518626E-002
   4.6100000000099461        1.2491205544348391E-002
   4.6200000000099459        1.2358077864657225E-002
   4.6300000000099457        1.2228280448512837E-002
   4.6400000000099455        1.2101756549056000E-002
   4.6500000000099453        1.1978448286215032E-002
   4.6600000000099451        1.1858296710941987E-002
   4.6700000000099449        1.1741241869029622E-002
   4.6800000000099446        1.1627222864571693E-002
   4.6900000000099444        1.1516177923132188E-002
   4.7000000000099442        1.1408044454687832E-002
   4.7100000000099440        1.1302759116411940E-002
   4.7200000000099438        1.1200257875362623E-002
   4.7300000000099436        1.1100476071140333E-002
   4.7400000000099434        1.1003348478573408E-002
   4.7500000000099432        1.0908809370487989E-002
   4.7600000000099429        1.0816792580612855E-002
   4.7700000000099427        1.0727231566661952E-002
   4.7800000000099425        1.0640059473631617E-002
   4.7900000000099423        1.0555209197339408E-002
   4.8000000000099421        1.0472613448221989E-002
   4.8100000000099419        1.0392204815398352E-002
   4.8200000000099417        1.0313915830993664E-002
   4.8300000000099415        1.0237679034705460E-002
   4.8400000000099412        1.0163427038581124E-002
   4.8500000000099410        1.0091092591961474E-002
   4.8600000000099408        1.0020608646530534E-002
   4.8700000000099406        9.9519084213968850E-003
   4.8800000000099404        9.8849254681164407E-003
   4.8900000000099402        9.8195937355515708E-003
   4.9000000000099400        9.7558476344464136E-003
   4.9100000000099397        9.6936221015823752E-003
   4.9200000000099395        9.6328526633637605E-003
   4.9300000000099393        9.5734754986698586E-003
   4.9400000000099391        9.5154275007952351E-003
   4.9500000000099389        9.4586463382884348E-003
   4.9600000000099387        9.4030705144878771E-003
   4.9700000000099385        9.3486394255429990E-003
   4.9800000000099383        9.2952934166999970E-003
   4.9900000000099380        9.2429738366250486E-003
