   9.9999999999999994E-012 -0.11442691140630772     
   1.0000000010000001E-002 -0.11433147598080454     
   2.0000000010000001E-002 -0.11401349019332634     
   3.0000000010000000E-002 -0.11347422995816278     
   4.0000000010000002E-002 -0.11271580543818668     
   5.0000000010000004E-002 -0.11174111772800968     
   6.0000000010000006E-002 -0.11055380352498137     
   7.0000000010000007E-002 -0.10915816948515880     
   8.0000000010000002E-002 -0.10755911951798842     
   9.0000000009999997E-002 -0.10576207825601766     
  0.10000000000999999      -0.10377291367659899     
  0.11000000000999999      -0.10159786142048981     
  0.12000000000999998       -9.9243452824652606E-002
  0.13000000000999998       -9.6716448133152971E-002
  0.14000000000999999       -9.4023775824921135E-002
  0.15000000001000000       -9.1172478537897408E-002
  0.16000000001000000       -8.8169665694116106E-002
  0.17000000001000001       -8.5022472644832606E-002
  0.18000000001000002       -8.1738025953819654E-002
  0.19000000001000003       -7.8323414309316580E-002
  0.20000000001000004       -7.4785664487128339E-002
  0.21000000001000005       -7.1131721765047798E-002
  0.22000000001000006       -6.7368434199314861E-002
  0.23000000001000007       -6.3502540206384350E-002
  0.24000000001000008       -5.9540658939190985E-002
  0.25000000001000006       -5.5489282999806711E-002
  0.26000000001000007       -5.1354773085157665E-002
  0.27000000001000007       -4.7143354216083767E-002
  0.28000000001000008       -4.2861113250437746E-002
  0.29000000001000009       -3.8513997426967948E-002
  0.30000000001000010       -3.4107813727871916E-002
  0.31000000001000011       -2.9648228884033716E-002
  0.32000000001000012       -2.5140769878239440E-002
  0.33000000001000013       -2.0590824828433239E-002
  0.34000000001000014       -1.6003644155756700E-002
  0.35000000001000015       -1.1384341961158825E-002
  0.36000000001000015       -6.7378975502335042E-003
  0.37000000001000016       -2.0691570590600688E-003
  0.38000000001000017        2.6171648554057627E-003
  0.39000000001000018        7.3164832880654122E-003
  0.40000000001000019        1.2024341342113677E-002
  0.41000000001000020        1.6736408384062231E-002
  0.42000000001000021        2.1448478307714691E-002
  0.43000000001000022        2.6156467813902805E-002
  0.44000000001000023        3.0856414710039214E-002
  0.45000000001000023        3.5544476231441059E-002
  0.46000000001000024        4.0216927384811002E-002
  0.47000000001000025        4.4870159313127198E-002
  0.48000000001000026        4.9500677680404018E-002
  0.49000000001000027        5.4105101074276817E-002
  0.50000000001000022        5.8680159424072051E-002
  0.51000000001000023        6.3222692431905397E-002
  0.52000000001000024        6.7729648014363431E-002
  0.53000000001000025        7.2198080752436430E-002
  0.54000000001000026        7.6625150347556820E-002
  0.55000000001000027        8.1008120081833793E-002
  0.56000000001000028        8.5344355280846232E-002
  0.57000000001000029        8.9631321777647127E-002
  0.58000000001000029        9.3866584376930601E-002
  0.59000000001000030        9.8047805318612249E-002
  0.60000000001000031       0.10217274274036355     
  0.61000000001000032       0.10623924913891825     
  0.62000000001000033       0.11024526983022920     
  0.63000000001000034       0.11418884140879385     
  0.64000000001000035       0.11806809020668307     
  0.65000000001000036       0.12188123075300399     
  0.66000000001000036       0.12562656423469337     
  0.67000000001000037       0.12930247695968697     
  0.68000000001000038       0.13290743882362671     
  0.69000000001000039       0.13644000178136770     
  0.70000000001000040       0.13989879832461843     
  0.71000000001000041       0.14328253996710075     
  0.72000000001000042       0.14659001573864699     
  0.73000000001000043       0.14982009068966362     
  0.74000000001000044       0.15297170440738458     
  0.75000000001000044       0.15604386954531579     
  0.76000000001000045       0.15903567036723279     
  0.77000000001000046       0.16194626130704526     
  0.78000000001000047       0.16477486554577697     
  0.79000000001000048       0.16752077360683654     
  0.80000000001000049       0.17018334197067184     
  0.81000000001000050       0.17276199170981085     
  0.82000000001000051       0.17525620714519360     
  0.83000000001000052       0.17766553452459807     
  0.84000000001000052       0.17998958072385704     
  0.85000000001000053       0.18222801197145255     
  0.86000000001000054       0.18438055259696379     
  0.87000000001000055       0.18644698380373234     
  0.88000000001000056       0.18842714246599598     
  0.89000000001000057       0.19032091995063255     
  0.90000000001000058       0.19212826096354088     
  0.91000000001000059       0.19384916242058398     
  0.92000000001000060       0.19548367234290737     
  0.93000000001000060       0.19703188877635097     
  0.94000000001000061       0.19849395873456874     
  0.95000000001000062       0.19987007716538305     
  0.96000000001000063       0.20116048593980346     
  0.97000000001000064       0.20236547286306275     
  0.98000000001000065       0.20348537070693545     
  0.99000000001000066       0.20452055626253793     
   1.0000000000100007       0.20547144941273698     
   1.0100000000100007       0.20633851222323388     
   1.0200000000100007       0.20712224805133536     
   1.0300000000100007       0.20782320067135829     
   1.0400000000100007       0.20844195341558658     
   1.0500000000100007       0.20897912832965485     
   1.0600000000100007       0.20943538534119654     
   1.0700000000100007       0.20981142144056936     
   1.0800000000100007       0.21010796987244990     
   1.0900000000100007       0.21032579933707268     
   1.1000000000100008       0.21046571319988053     
   1.1100000000100008       0.21052854870834778     
   1.1200000000100008       0.21051517621474067     
   1.1300000000100008       0.21042649840358449     
   1.1400000000100008       0.21026344952262108     
   1.1500000000100008       0.21002699461605764     
   1.1600000000100008       0.20971812875892842     
   1.1700000000100008       0.20933787629142125     
   1.1800000000100008       0.20888729005205056     
   1.1900000000100008       0.20836745060859729     
   1.2000000000100008       0.20777946548577550     
   1.2100000000100009       0.20712446838863235     
   1.2200000000100009       0.20640361842073682     
   1.2300000000100009       0.20561809929626507     
   1.2400000000100009       0.20476911854514909     
   1.2500000000100009       0.20385790671051268     
   1.2600000000100009       0.20288571653768370     
   1.2700000000100009       0.20185382215413869     
   1.2800000000100009       0.20076351823980088     
   1.2900000000100009       0.19961611918718813     
   1.3000000000100009       0.19841295825097754     
   1.3100000000100009       0.19715538668662977     
   1.3200000000100010       0.19584477287779223     
   1.3300000000100010       0.19448250145227833     
   1.3400000000100010       0.19306997238649912     
   1.3500000000100010       0.19160860009830225     
   1.3600000000100010       0.19009981252825414     
   1.3700000000100010       0.18854505020948056     
   1.3800000000100010       0.18694576532626039     
   1.3900000000100010       0.18530342076164744     
   1.4000000000100010       0.18361948913447229     
   1.4100000000100010       0.18189545182615460     
   1.4200000000100010       0.18013279799783044     
   1.4300000000100010       0.17833302359837525     
   1.4400000000100011       0.17649763036397287     
   1.4500000000100011       0.17462812480995218     
   1.4600000000100011       0.17272601721567860     
   1.4700000000100011       0.17079282060335349     
   1.4800000000100011       0.16883004971163265     
   1.4900000000100011       0.16683921996503576     
   1.5000000000100011       0.16482184644017048     
   1.5100000000100011       0.16277944282984508     
   1.5200000000100011       0.16071352040619011     
   1.5300000000100011       0.15862558698395199     
   1.5400000000100011       0.15651714588515647     
   1.5500000000100012       0.15438969490637580     
   1.5600000000100012       0.15224472528985916     
   1.5700000000100012       0.15008372069981157     
   1.5800000000100012       0.14790815620512299     
   1.5900000000100012       0.14571949726986547     
   1.6000000000100012       0.14351919875288349     
   1.6100000000100012       0.14130870391780753     
   1.6200000000100012       0.13908944345481999     
   1.6300000000100012       0.13686283451549702     
   1.6400000000100012       0.13463027976203926     
   1.6500000000100012       0.13239316643219029     
   1.6600000000100013       0.13015286542112087     
   1.6700000000100013       0.12791073038153344     
   1.6800000000100013       0.12566809684321498     
   1.6900000000100013       0.12342628135323044     
   1.7000000000100013       0.12118658063791636     
   1.7100000000100013       0.11895027078779172     
   1.7200000000100013       0.11671860646646182     
   1.7300000000100013       0.11449282014454262     
   1.7400000000100013       0.11227412135958451     
   1.7500000000100013       0.11006369600292194     
   1.7600000000100013       0.10786270563432013     
   1.7700000000100014       0.10567228682523369     
   1.7800000000100014       0.10349355053143312     
   1.7900000000100014       0.10132758149569324     
   1.8000000000100014        9.9175437681178064E-002
   1.8100000000100014        9.7038149736091789E-002
   1.8200000000100014        9.4916720490101941E-002
   1.8300000000100014        9.2812124482977335E-002
   1.8400000000100014        9.0725307525818158E-002
   1.8500000000100014        8.8657186295190482E-002
   1.8600000000100014        8.6608647960414190E-002
   1.8700000000100014        8.4580549844188169E-002
   1.8800000000100014        8.2573719116674549E-002
   1.8900000000100015        8.0588952523099791E-002
   1.9000000000100015        7.8627016144871026E-002
   1.9100000000100015        7.6688645194145200E-002
   1.9200000000100015        7.4774543841729574E-002
   1.9300000000100015        7.2885385078136661E-002
   1.9400000000100015        7.1021810607560840E-002
   1.9500000000100015        6.9184430774490768E-002
   1.9600000000100015        6.7373824522621223E-002
   1.9700000000100015        6.5590539385678298E-002
   1.9800000000100015        6.3835091509726521E-002
   1.9900000000100015        6.2107965706480764E-002
   2.0000000000100013        6.0409615537104167E-002
   2.0100000000100011        5.8740463425934773E-002
   2.0200000000100009        5.7100900803544831E-002
   2.0300000000100007        5.5491288278503269E-002
   2.0400000000100005        5.3911955837178713E-002
   2.0500000000100003        5.2363203070891616E-002
   2.0600000000100001        5.0845299429695887E-002
   2.0700000000099998        4.9358484502045573E-002
   2.0800000000099996        4.7902968319580415E-002
   2.0900000000099994        4.6478931686242744E-002
   2.1000000000099992        4.5086526530921142E-002
   2.1100000000099990        4.3725876282799767E-002
   2.1200000000099988        4.2397076268579872E-002
   2.1300000000099986        4.1100194130727276E-002
   2.1400000000099983        3.9835270265890448E-002
   2.1500000000099981        3.8602318282627383E-002
   2.1600000000099979        3.7401325477572064E-002
   2.1700000000099977        3.6232253329168650E-002
   2.1800000000099975        3.5095038008099072E-002
   2.1900000000099973        3.3989590903528141E-002
   2.2000000000099971        3.2915799164292894E-002
   2.2100000000099969        3.1873526254163446E-002
   2.2200000000099966        3.0862612520307205E-002
   2.2300000000099964        2.9882875774092637E-002
   2.2400000000099962        2.8934111883375725E-002
   2.2500000000099960        2.8016095375417455E-002
   2.2600000000099958        2.7128580049590883E-002
   2.2700000000099956        2.6271299599044041E-002
   2.2800000000099954        2.5443968240494018E-002
   2.2900000000099952        2.4646281351340477E-002
   2.3000000000099949        2.3877916113295306E-002
   2.3100000000099947        2.3138532161738713E-002
   2.3200000000099945        2.2427772240024135E-002
   2.3300000000099943        2.1745262857965707E-002
   2.3400000000099941        2.1090614953758385E-002
   2.3500000000099939        2.0463424558590449E-002
   2.3600000000099937        1.9863273463225983E-002
   2.3700000000099934        1.9289729885845725E-002
   2.3800000000099932        1.8742349140451663E-002
   2.3900000000099930        1.8220674305154151E-002
   2.4000000000099928        1.7724236889674977E-002
   2.4100000000099926        1.7252557501415876E-002
   2.4200000000099924        1.6805146509455155E-002
   2.4300000000099922        1.6381504705851990E-002
   2.4400000000099920        1.5981123963652498E-002
   2.4500000000099917        1.5603487891005841E-002
   2.4600000000099915        1.5248072480815550E-002
   2.4700000000099913        1.4914346755365460E-002
   2.4800000000099911        1.4601773405374307E-002
   2.4900000000099909        1.4309809422950737E-002
   2.5000000000099907        1.4037906727931971E-002
   2.5100000000099905        1.3785512787108711E-002
   2.5200000000099902        1.3552071225850042E-002
   2.5300000000099900        1.3337022431661716E-002
   2.5400000000099898        1.3139804149222112E-002
   2.5500000000099896        1.2959852066458994E-002
   2.5600000000099894        1.2796600391243251E-002
   2.5700000000099892        1.2649482418291991E-002
   2.5800000000099890        1.2517931085889783E-002
   2.5900000000099888        1.2401379522049272E-002
   2.6000000000099885        1.2299261579751702E-002
   2.6100000000099883        1.2211012360919959E-002
   2.6200000000099881        1.2136068728795368E-002
   2.6300000000099879        1.2073869808402226E-002
   2.6400000000099877        1.2023857474802179E-002
   2.6500000000099875        1.1985476828854818E-002
   2.6600000000099873        1.1958176660217817E-002
   2.6700000000099871        1.1941409897334776E-002
   2.6800000000099868        1.1934634044176311E-002
   2.6900000000099866        1.1937311603514616E-002
   2.7000000000099864        1.1948910486528630E-002
   2.7100000000099862        1.1968904408554231E-002
   2.7200000000099860        1.1996773270807453E-002
   2.7300000000099858        1.2032003527928131E-002
   2.7400000000099856        1.2074088541205757E-002
   2.7500000000099853        1.2122528917367014E-002
   2.7600000000099851        1.2176832832819784E-002
   2.7700000000099849        1.2236516343266401E-002
   2.7800000000099847        1.2301103678614294E-002
   2.7900000000099845        1.2370127523129392E-002
   2.8000000000099843        1.2443129280793769E-002
   2.8100000000099841        1.2519659325845867E-002
   2.8200000000099839        1.2599277238498440E-002
   2.8300000000099836        1.2681552025844412E-002
   2.8400000000099834        1.2766062327979371E-002
   2.8500000000099832        1.2852396609383438E-002
   2.8600000000099830        1.2940153335623400E-002
   2.8700000000099828        1.3028941135450556E-002
   2.8800000000099826        1.3118378948386317E-002
   2.8900000000099824        1.3208096157903731E-002
   2.9000000000099821        1.3297732710327331E-002
   2.9100000000099819        1.3386939219590648E-002
   2.9200000000099817        1.3475377058004907E-002
   2.9300000000099815        1.3562718433206911E-002
   2.9400000000099813        1.3648646451469992E-002
   2.9500000000099811        1.3732855167574987E-002
   2.9600000000099809        1.3815049621452613E-002
   2.9700000000099807        1.3894945861822055E-002
   2.9800000000099804        1.3972270957063876E-002
   2.9900000000099802        1.4046762993578026E-002
   3.0000000000099800        1.4118171061890256E-002
   3.0100000000099798        1.4186255230781314E-002
   3.0200000000099796        1.4250786509726105E-002
   3.0300000000099794        1.4311546799939406E-002
   3.0400000000099792        1.4368328834335392E-002
   3.0500000000099790        1.4420936106718546E-002
   3.0600000000099787        1.4469182790532109E-002
   3.0700000000099785        1.4512893647498182E-002
   3.0800000000099783        1.4551903926492804E-002
   3.0900000000099781        1.4586059253004779E-002
   3.1000000000099779        1.4615215509535224E-002
   3.1100000000099777        1.4639238707298930E-002
   3.1200000000099775        1.4658004849595164E-002
   3.1300000000099772        1.4671399787218686E-002
   3.1400000000099770        1.4679319066285879E-002
   3.1500000000099768        1.4681667768854361E-002
   3.1600000000099766        1.4678360346715002E-002
   3.1700000000099764        1.4669320448738199E-002
   3.1800000000099762        1.4654480742156551E-002
   3.1900000000099760        1.4633782728164891E-002
   3.2000000000099758        1.4607176552219853E-002
   3.2100000000099755        1.4574620809417533E-002
   3.2200000000099753        1.4536082345328110E-002
   3.2300000000099751        1.4491536052660115E-002
   3.2400000000099749        1.4440964664127998E-002
   3.2500000000099747        1.4384358541887837E-002
   3.2600000000099745        1.4321715463905708E-002
   3.2700000000099743        1.4253040407614756E-002
   3.2800000000099740        1.4178345331213770E-002
   3.2900000000099738        1.4097648952951980E-002
   3.3000000000099736        1.4010976528739730E-002
   3.3100000000099734        1.3918359628416499E-002
   3.3200000000099732        1.3819835911001555E-002
   3.3300000000099730        1.3715448899243293E-002
   3.3400000000099728        1.3605247753777142E-002
   3.3500000000099726        1.3489287047191956E-002
   3.3600000000099723        1.3367626538297196E-002
   3.3700000000099721        1.3240330946875245E-002
   3.3800000000099719        1.3107469729192148E-002
   3.3900000000099717        1.2969116854534061E-002
   3.4000000000099715        1.2825350583024956E-002
   3.4100000000099713        1.2676253244974211E-002
   3.4200000000099711        1.2521911021991678E-002
   3.4300000000099709        1.2362413730100821E-002
   3.4400000000099706        1.2197854605068517E-002
   3.4500000000099704        1.2028330090164449E-002
   3.4600000000099702        1.1853939626550916E-002
   3.4700000000099700        1.1674785446496189E-002
   3.4800000000099698        1.1490972369596297E-002
   3.4900000000099696        1.1302607602178921E-002
   3.5000000000099694        1.1109800540057330E-002
   3.5100000000099691        1.0912662574790552E-002
   3.5200000000099689        1.0711306903599494E-002
   3.5300000000099687        1.0505848343078990E-002
   3.5400000000099685        1.0296403146837852E-002
   3.5500000000099683        1.0083088827189840E-002
   3.5600000000099681        9.8660239810110691E-003
   3.5700000000099679        9.6453281198712187E-003
   3.5800000000099677        9.4211215045353763E-003
   3.5900000000099674        9.1935249839296303E-003
   3.6000000000099672        8.9626598386509798E-003
   3.6100000000099670        8.7286476290971866E-003
   3.6200000000099668        8.4916100482832872E-003
   3.6300000000099666        8.2516687794034344E-003
   3.6400000000099664        8.0089453581899724E-003
   3.6500000000099662        7.7635610401126792E-003
   3.6600000000099659        7.5156366724555782E-003
   3.6700000000099657        7.2652925712986035E-003
   3.6800000000099655        7.0126484034267137E-003
   3.6900000000099653        6.7578230731802913E-003
   3.7000000000099651        6.5009346142536227E-003
   3.7100000000099649        6.2421000864425064E-003
   3.7200000000099647        5.9814354773328800E-003
   3.7300000000099645        5.7190556089188327E-003
   3.7400000000099642        5.4550740491284902E-003
   3.7500000000099640        5.1896030282326091E-003
   3.7600000000099638        4.9227533601031853E-003
   3.7700000000099636        4.6546343682834753E-003
   3.7800000000099634        4.3853538168258863E-003
   3.7900000000099632        4.1150178458473448E-003
   3.8000000000099630        3.8437309117480430E-003
   3.8100000000099628        3.5715957320328951E-003
   3.8200000000099625        3.2987132346712564E-003
   3.8300000000099623        3.0251825119251784E-003
   3.8400000000099621        2.7511007785725682E-003
   3.8500000000099619        2.4765633344472847E-003
   3.8600000000099617        2.2016635312143221E-003
   3.8700000000099615        1.9264927432949067E-003
   3.8800000000099613        1.6511403428521505E-003
   3.8900000000099610        1.3756936787453918E-003
   3.9000000000099608        1.1002380593586269E-003
   3.9100000000099606        8.2485673920412587E-004
   3.9200000000099604        5.4963090920146786E-004
   3.9300000000099602        2.7463969052848869E-004
   3.9400000000099600       -3.9868061169068272E-008
   3.9500000000099598       -2.7433278956183612E-004
   3.9600000000099596       -5.4816616479071297E-004
   3.9700000000099593       -8.2146914532575525E-004
   3.9800000000099591       -1.0941729334212238E-003
   3.9900000000099589       -1.3662107690160809E-003
   4.0000000000099591       -1.6375179139543992E-003
   4.0100000000099589       -1.9080316335369385E-003
   4.0200000000099587       -2.1776911755268177E-003
   4.0300000000099585       -2.4464377467327560E-003
   4.0400000000099583       -2.7142144872965915E-003
   4.0500000000099581       -2.9809664428134138E-003
   4.0600000000099579       -3.2466405344142675E-003
   4.0700000000099577       -3.5111855269450557E-003
   4.0800000000099574       -3.7745519953747697E-003
   4.0900000000099572       -4.0366922895725575E-003
   4.1000000000099570       -4.2975604975896186E-003
   4.1100000000099568       -4.5571124075901651E-003
   4.1200000000099566       -4.8153054685724280E-003
   4.1300000000099564       -5.0720987500267089E-003
   4.1400000000099562       -5.3274529006761048E-003
   4.1500000000099559       -5.5813301064494350E-003
   4.1600000000099557       -5.8336940478360532E-003
   4.1700000000099555       -6.0845098567740216E-003
   4.1800000000099553       -6.3337440732230020E-003
   4.1900000000099551       -6.5813646015748491E-003
   4.2000000000099549       -6.8273406670538630E-003
   4.2100000000099547       -7.0716427722589490E-003
   4.2200000000099545       -7.3142426539976905E-003
   4.2300000000099542       -7.5551132405627689E-003
   4.2400000000099540       -7.7942286095962297E-003
   4.2500000000099538       -8.0315639466870727E-003
   4.2600000000099536       -8.2670955048412230E-003
   4.2700000000099534       -8.5008005649609072E-003
   4.2800000000099532       -8.7326573974635720E-003
   4.2900000000099530       -8.9626452251654262E-003
   4.3000000000099527       -9.1907441875478356E-003
   4.3100000000099525       -9.4169353065164350E-003
   4.3200000000099523       -9.6412004537557057E-003
   4.3300000000099521       -9.8635223197714225E-003
   4.3400000000099519       -1.0083884384703336E-002
   4.3500000000099517       -1.0302270890981197E-002
   4.3600000000099515       -1.0518666817883897E-002
   4.3700000000099513       -1.0733057858050057E-002
   4.3800000000099510       -1.0945430395976919E-002
   4.3900000000099508       -1.1155771488529252E-002
   4.4000000000099506       -1.1364068847467629E-002
   4.4100000000099504       -1.1570310823991414E-002
   4.4200000000099502       -1.1774486395277280E-002
   4.4300000000099500       -1.1976585152980083E-002
   4.4400000000099498       -1.2176597293648500E-002
   4.4500000000099496       -1.2374513610993829E-002
   4.4600000000099493       -1.2570325489936408E-002
   4.4700000000099491       -1.2764024902340725E-002
   4.4800000000099489       -1.2955604404336818E-002
   4.4900000000099487       -1.3145057135113844E-002
   4.5000000000099485       -1.3332376817059798E-002
   4.5100000000099483       -1.3517557757110230E-002
   4.5200000000099481       -1.3700594849160008E-002
   4.5300000000099478       -1.3881483577382517E-002
   4.5400000000099476       -1.4060220020294473E-002
   4.5500000000099474       -1.4236800855397464E-002
   4.5600000000099472       -1.4411223364223444E-002
   4.5700000000099470       -1.4583485437607856E-002
   4.5800000000099468       -1.4753585581013353E-002
   4.5900000000099466       -1.4921522919725186E-002
   4.6000000000099464       -1.5087297203744290E-002
   4.6100000000099461       -1.5250908812203817E-002
   4.6200000000099459       -1.5412358757142908E-002
   4.6300000000099457       -1.5571648686476341E-002
   4.6400000000099455       -1.5728780886008310E-002
   4.6500000000099453       -1.5883758280347084E-002
   4.6600000000099451       -1.6036584432590442E-002
   4.6700000000099449       -1.6187263542663297E-002
   4.6800000000099446       -1.6335800444203394E-002
   4.6900000000099444       -1.6482200599907588E-002
   4.7000000000099442       -1.6626470095265564E-002
   4.7100000000099440       -1.6768615630627870E-002
   4.7200000000099438       -1.6908644511571050E-002
   4.7300000000099436       -1.7046564637544153E-002
   4.7400000000099434       -1.7182384488797990E-002
   4.7500000000099432       -1.7316113111619295E-002
   4.7600000000099429       -1.7447760101913151E-002
   4.7700000000099427       -1.7577335587194237E-002
   4.7800000000099425       -1.7704850207068787E-002
   4.7900000000099423       -1.7830315092308063E-002
   4.8000000000099421       -1.7953741842632265E-002
   4.8100000000099419       -1.8075142503341565E-002
   4.8200000000099417       -1.8194529540947108E-002
   4.8300000000099415       -1.8311915817971834E-002
   4.8400000000099412       -1.8427314567102625E-002
   4.8500000000099410       -1.8540739364890566E-002
   4.8600000000099408       -1.8652204105204961E-002
   4.8700000000099406       -1.8761722972656967E-002
   4.8800000000099404       -1.8869310416216468E-002
   4.8900000000099402       -1.8974981123249725E-002
   4.9000000000099400       -1.9078749994210852E-002
   4.9100000000099397       -1.9180632118219063E-002
   4.9200000000099395       -1.9280642749754974E-002
   4.9300000000099393       -1.9378797286704684E-002
   4.9400000000099391       -1.9475111249975842E-002
   4.9500000000099389       -1.9569600264903404E-002
   4.9600000000099387       -1.9662280044651179E-002
   4.9700000000099385       -1.9753166375807308E-002
   4.9800000000099383       -1.9842275106354727E-002
   4.9900000000099380       -1.9929622136186272E-002
