   9.9999999999999994E-012  0.98814822825039816     
   1.0000000010000001E-002  0.98776460111287756     
   2.0000000010000001E-002  0.98661486263497278     
   3.0000000010000000E-002  0.98470239713639907     
   4.0000000010000002E-002  0.98203270154253430     
   5.0000000010000004E-002  0.97861318548369614     
   6.0000000010000006E-002  0.97445291971843950     
   7.0000000010000007E-002  0.96956235548536118     
   8.0000000010000002E-002  0.96395303729975845     
   9.0000000009999997E-002  0.95763732888740816     
  0.10000000000999999       0.95062816731829114     
  0.11000000000999999       0.94293885502259223     
  0.12000000000999998       0.93458289416493467     
  0.13000000000999998       0.92557386346615256     
  0.14000000000999999       0.91592533432156553     
  0.15000000001000000       0.90565082102225059     
  0.16000000001000000       0.89476375890365833     
  0.17000000001000001       0.88327750408885053     
  0.18000000001000002       0.87120534890268553     
  0.19000000001000003       0.85856054777421598     
  0.20000000001000004       0.84535634933165538     
  0.21000000001000005       0.83160603129608679     
  0.22000000001000006       0.81732293561433578     
  0.23000000001000007       0.80252050199464686     
  0.24000000001000008       0.78721229860531383     
  0.25000000001000006       0.77141204916833928     
  0.26000000001000007       0.75513365603972116     
  0.27000000001000007       0.73839121913187356     
  0.28000000001000008       0.72119905071976853     
  0.29000000001000009       0.70357168629737210     
  0.30000000001000010       0.68552389172948180     
  0.31000000001000011       0.66707066698833128     
  0.32000000001000012       0.64822724678407573     
  0.33000000001000013       0.62900909840108288     
  0.34000000001000014       0.60943191704357236     
  0.35000000001000015       0.58951161897877158     
  0.36000000001000015       0.56926433274646593     
  0.37000000001000016       0.54870638868269772     
  0.38000000001000017       0.52785430698388403     
  0.39000000001000018       0.50672478451669922     
  0.40000000001000019       0.48533468055926904     
  0.41000000001000020       0.46370100164088141     
  0.42000000001000021       0.44184088563065771     
  0.43000000001000022       0.41977158521047342     
  0.44000000001000023       0.39751045085382097     
  0.45000000001000023       0.37507491342016147     
  0.46000000001000024       0.35248246646350001     
  0.47000000001000025       0.32975064834431289     
  0.48000000001000026       0.30689702422540860     
  0.49000000001000027       0.28393916802470537     
  0.50000000001000022       0.26089464439113136     
  0.51000000001000023       0.23778099076378681     
  0.52000000001000024       0.21461569956906579     
  0.53000000001000025       0.19141620060552139     
  0.54000000001000026       0.16819984366180643     
  0.55000000001000027       0.14498388140896210     
  0.56000000001000028       0.12178545260460616     
  0.57000000001000029        9.8621565643142797E-002
  0.58000000001000029        7.5509082482936848E-002
  0.59000000001000030        5.2464702978432420E-002
  0.60000000001000031        2.9504949642421660E-002
  0.61000000001000032        6.6461528610594206E-003
  0.62000000001000033       -1.6095563418246396E-002
  0.63000000001000034       -3.8704295508274804E-002
  0.64000000001000035       -6.1164373297189788E-002
  0.65000000001000036       -8.3460373044040734E-002
  0.66000000001000036      -0.10557712964313015     
  0.67000000001000037      -0.12749974834774280     
  0.68000000001000038      -0.14921361594558011     
  0.69000000001000039      -0.17070441138000633     
  0.70000000001000040      -0.19195811581290692     
  0.71000000001000041      -0.21296102212657048     
  0.72000000001000042      -0.23369974386355094     
  0.73000000001000043      -0.25416122360493482     
  0.74000000001000044      -0.27433274078883740     
  0.75000000001000044      -0.29420191897228209     
  0.76000000001000045      -0.31375673254087288     
  0.77000000001000046      -0.33298551287186001     
  0.78000000001000047      -0.35187695395731561     
  0.79000000001000048      -0.37042011749518561     
  0.80000000001000049      -0.38860443745696238     
  0.81000000001000050      -0.40641972414163041     
  0.82000000001000051      -0.42385616772637952     
  0.83000000001000052      -0.44090434132534828     
  0.84000000001000052      -0.45755520356836477     
  0.85000000001000053      -0.47380010071228590     
  0.86000000001000054      -0.48963076829810237     
  0.87000000001000055      -0.50503933236748166     
  0.88000000001000056      -0.52001831025285628     
  0.89000000001000057      -0.53456061095553431     
  0.90000000001000058      -0.54865953512662657     
  0.91000000001000059      -0.56230877466582885     
  0.92000000001000060      -0.57550241195329011     
  0.93000000001000060      -0.58823491872993039     
  0.94000000001000061      -0.60050115464165155     
  0.95000000001000062      -0.61229636546290456     
  0.96000000001000063      -0.62361618101505223     
  0.97000000001000064      -0.63445661279489163     
  0.98000000001000065      -0.64481405132857006     
  0.99000000001000066      -0.65468526326597187     
   1.0000000000100007      -0.66406738823043243     
   1.0100000000100007      -0.67295793543839355     
   1.0200000000100007      -0.68135478010332784     
   1.0300000000100007      -0.68925615963793396     
   1.0400000000100007      -0.69666066966826035     
   1.0500000000100007      -0.70356725987302438     
   1.0600000000100007      -0.70997522966099502     
   1.0700000000100007      -0.71588422369886839     
   1.0800000000100007      -0.72129422730161286     
   1.0900000000100007      -0.72620556169679351     
   1.1000000000100008      -0.73061887917389146     
   1.1100000000100008      -0.73453515812913117     
   1.1200000000100008      -0.73795569801582195     
   1.1300000000100008      -0.74088211420969163     
   1.1400000000100008      -0.74331633279815912     
   1.1500000000100008      -0.74526058530196959     
   1.1600000000100008      -0.74671740333706715     
   1.1700000000100008      -0.74768961322405914     
   1.1800000000100008      -0.74818033055207545     
   1.1900000000100008      -0.74819295470331704     
   1.2000000000100008      -0.74773116334404610     
   1.2100000000100009      -0.74679890688726835     
   1.2200000000100009      -0.74540040293184240     
   1.2300000000100009      -0.74354013068226255     
   1.2400000000100009      -0.74122282535287509     
   1.2500000000100009      -0.73845347255981975     
   1.2600000000100009      -0.73523730270353782     
   1.2700000000100009      -0.73157978534424339     
   1.2800000000100009      -0.72748662357234839     
   1.2900000000100009      -0.72296374837541499     
   1.3000000000100009      -0.71801731300284166     
   1.3100000000100009      -0.71265368732912027     
   1.3200000000100010      -0.70687945221616433     
   1.3300000000100010      -0.70070139387488994     
   1.3400000000100010      -0.69412649822593764     
   1.3500000000100010      -0.68716194525914553     
   1.3600000000100010      -0.67981510339113949     
   1.3700000000100010      -0.67209352382017506     
   1.3800000000100010      -0.66400493487716827     
   1.3900000000100010      -0.65555723637166441     
   1.4000000000100010      -0.64675849393135110     
   1.4100000000100010      -0.63761693333357605     
   1.4200000000100010      -0.62814093482723332     
   1.4300000000100010      -0.61833902744328972     
   1.4400000000100011      -0.60821988329216325     
   1.4500000000100011      -0.59779231184612713     
   1.4600000000100011      -0.58706525420489464     
   1.4700000000100011      -0.57604777734254675     
   1.4800000000100011      -0.56474906833398730     
   1.4900000000100011      -0.55317842855916133     
   1.5000000000100011      -0.54134526788333837     
   1.5100000000100011      -0.52925909881184552     
   1.5200000000100011      -0.51692953061774716     
   1.5300000000100011      -0.50436626344108237     
   1.5400000000100011      -0.49157908235842035     
   1.5500000000100012      -0.47857785142164350     
   1.5600000000100012      -0.46537250766504151     
   1.5700000000100012      -0.45197305507998903     
   1.5800000000100012      -0.43838955855667278     
   1.5900000000100012      -0.42463213779255066     
   1.6000000000100012      -0.41071096116744560     
   1.6100000000100012      -0.39663623958541233     
   1.6200000000100012      -0.38241822028375572     
   1.6300000000100012      -0.36806718060983185     
   1.6400000000100012      -0.35359342176652009     
   1.6500000000100012      -0.33900726252751878     
   1.6600000000100013      -0.32431903292388542     
   1.6700000000100013      -0.30953906790351510     
   1.6800000000100013      -0.29467770096552637     
   1.6900000000100013      -0.27974525777179976     
   1.7000000000100013      -0.26475204973819272     
   1.7100000000100013      -0.24970836760822945     
   1.7200000000100013      -0.23462447501234068     
   1.7300000000100013      -0.21951060201599973     
   1.7400000000100013      -0.20437693866036860     
   1.7500000000100013      -0.18923362849933262     
   1.7600000000100013      -0.17409076213705851     
   1.7700000000100014      -0.15895837077046029     
   1.7800000000100014      -0.14384641974120244     
   1.7900000000100014      -0.12876480210210009     
   1.8000000000100014      -0.11372333220300340     
   1.8100000000100014       -9.8731739301463034E-002
   1.8200000000100014       -8.3799661203679154E-002
   1.8300000000100014       -6.8936637941422879E-002
   1.8400000000100014       -5.4152105490797985E-002
   1.8500000000100014       -3.9455389538872697E-002
   1.8600000000100014       -2.4855699304360247E-002
   1.8700000000100014       -1.0362121418660705E-002
   1.8800000000100014        4.0163861263051645E-003
   1.8900000000100015        1.8270999956937407E-002
   1.9000000000100015        3.2393037216855082E-002
   1.9100000000100015        4.6373961379163914E-002
   1.9200000000100015        6.0205387965354781E-002
   1.9300000000100015        7.3879090164060121E-002
   1.9400000000100015        8.7387004342879548E-002
   1.9500000000100015       0.10072123544648756     
   1.9600000000100015       0.11387406227425631     
   1.9700000000100015       0.12683794263066464     
   1.9800000000100015       0.13960551834182014     
   1.9900000000100015       0.15216962013149701     
   2.0000000000100013       0.16452327235018246     
   2.0100000000100011       0.17665969755073821     
   2.0200000000100009       0.18857232090440759     
   2.0300000000100007       0.20025477445104764     
   2.0400000000100005       0.21170090117762588     
   2.0500000000100003       0.22290475891920114     
   2.0600000000100001       0.23386062407680294     
   2.0700000000099998       0.24456299514683538     
   2.0800000000099996       0.25500659605685694     
   2.0900000000099994       0.26518637930282812     
   2.1000000000099992       0.27509752888317579     
   2.1100000000099990       0.28473546302528718     
   2.1200000000099988       0.29409583670033168     
   2.1300000000099986       0.30317454392259652     
   2.1400000000099983       0.31196771982982990     
   2.1500000000099981       0.32047174254139560     
   2.1600000000099979       0.32868323479136813     
   2.1700000000099977       0.33659906533402845     
   2.1800000000099975       0.34421635011955931     
   2.1900000000099973       0.35153245323808441     
   2.2000000000099971       0.35854498763054860     
   2.2100000000099969       0.36525181556529107     
   2.2200000000099966       0.37165104887952533     
   2.2300000000099964       0.37774104898529931     
   2.2400000000099962       0.38352042663987834     
   2.2500000000099960       0.38898804148085603     
   2.2600000000099958       0.39414300132666275     
   2.2700000000099956       0.39898466124351112     
   2.2800000000099954       0.40351262238017332     
   2.2900000000099952       0.40772673057235037     
   2.3000000000099949       0.41162707471874432     
   2.3100000000099947       0.41521398493129991     
   2.3200000000099945       0.41848803046242244     
   2.3300000000099943       0.42145001741231936     
   2.3400000000099941       0.42410098621994502     
   2.3500000000099939       0.42644220894134766     
   2.3600000000099937       0.42847518631953457     
   2.3700000000099934       0.43020164465027372     
   2.3800000000099932       0.43162353244854224     
   2.3900000000099930       0.43274301692061884     
   2.4000000000099928       0.43356248024708177     
   2.4100000000099926       0.43408451568223855     
   2.4200000000099924       0.43431192347575259     
   2.4300000000099922       0.43424770662247031     
   2.4400000000099920       0.43389506644666420     
   2.4500000000099917       0.43325739802711677     
   2.4600000000099915       0.43233828546965536     
   2.4700000000099913       0.43114149703392524     
   2.4800000000099911       0.42967098012134547     
   2.4900000000099909       0.42793085613133841     
   2.5000000000099907       0.42592541519305066     
   2.5100000000099905       0.42365911077989576     
   2.5200000000099902       0.42113655421434892     
   2.5300000000099900       0.41836250907050265     
   2.5400000000099898       0.41534188548196116     
   2.5500000000099896       0.41207973436269935     
   2.5600000000099894       0.40858124154855030     
   2.5700000000099892       0.40485172186700186     
   2.5800000000099890       0.40089661314299369     
   2.5900000000099888       0.39672147014838838     
   2.6000000000099885       0.39233195850277541     
   2.6100000000099883       0.38773384853322163     
   2.6200000000099881       0.38293300910053474     
   2.6300000000099879       0.37793540139953863     
   2.6400000000099877       0.37274707274078411     
   2.6500000000099875       0.36737415032102727     
   2.6600000000099873       0.36182283498970524     
   2.6700000000099871       0.35609939501852894     
   2.6800000000099868       0.35021015988118442     
   2.6900000000099866       0.34416151405000439     
   2.7000000000099864       0.33795989081632483     
   2.7100000000099862       0.33161176614109156     
   2.7200000000099860       0.32512365254211822     
   2.7300000000099858       0.31850209302422960     
   2.7400000000099856       0.31175365505834984     
   2.7500000000099853       0.30488492461540839     
   2.7600000000099851       0.29790250026075382     
   2.7700000000099849       0.29081298731456690     
   2.7800000000099847       0.28362299208357056     
   2.7900000000099845       0.27633911616912921     
   2.8000000000099843       0.26896795085662550     
   2.8100000000099841       0.26151607159079615     
   2.8200000000099839       0.25399003254149422     
   2.8300000000099836       0.24639636126413744     
   2.8400000000099834       0.23874155345888687     
   2.8500000000099832       0.23103206783238772     
   2.8600000000099830       0.22327432106569003     
   2.8700000000099828       0.21547468289175642     
   2.8800000000099826       0.20763947128574933     
   2.8900000000099824       0.19977494777108368     
   2.9000000000099821       0.19188731284402019     
   2.9100000000099819       0.18398270151937079     
   2.9200000000099817       0.17606717899968419     
   2.9300000000099815       0.16814673647007961     
   2.9400000000099813       0.16022728702070291     
   2.9500000000099811       0.15231466169858426     
   2.9600000000099809       0.14441460569049064     
   2.9700000000099807       0.13653277463818220     
   2.9800000000099804       0.12867473108730379     
   2.9900000000099802       0.12084594107096544     
   3.0000000000099800       0.11305177082890136     
   3.0100000000099798       0.10529748366292929     
   3.0200000000099796        9.7588236929274708E-002
   3.0300000000099794        8.9929079168172027E-002
   3.0400000000099792        8.2324947371004820E-002
   3.0500000000099790        7.4780664385107720E-002
   3.0600000000099787        6.7300936456213337E-002
   3.0700000000099785        5.9890350908396922E-002
   3.0800000000099783        5.2553373961246777E-002
   3.0900000000099781        4.5294348683866753E-002
   3.1000000000099779        3.8117493085201695E-002
   3.1100000000099777        3.1026898340069359E-002
   3.1200000000099775        2.4026527150174767E-002
   3.1300000000099772        1.7120212239285448E-002
   3.1400000000099770        1.0311654981651083E-002
   3.1500000000099768        3.6044241626604911E-003
   3.1600000000099766       -2.9980451293548788E-003
   3.1700000000099764       -9.4924524813440742E-003
   3.1800000000099762       -1.5875633005034362E-002
   3.1900000000099760       -2.2144558059024766E-002
   3.2000000000099758       -2.8296335844865073E-002
   3.2100000000099755       -3.4328211878574003E-002
   3.2200000000099753       -4.0237569339111892E-002
   3.2300000000099751       -4.6021929295381070E-002
   3.2400000000099749       -5.1678950813381849E-002
   3.2500000000099747       -5.7206430945204001E-002
   3.2600000000099745       -6.2602304601582254E-002
   3.2700000000099743       -6.7864644309792402E-002
   3.2800000000099740       -7.2991659858707425E-002
   3.2900000000099738       -7.7981697832876160E-002
   3.3000000000099736       -8.2833241037528232E-002
   3.3100000000099734       -8.7544907816445472E-002
   3.3200000000099732       -9.2115451264679973E-002
   3.3300000000099730       -9.6543758338132307E-002
   3.3400000000099728      -0.10082884886203899     
   3.3500000000099726      -0.10496987444045265     
   3.3600000000099723      -0.10896611726882811     
   3.3700000000099721      -0.11281698885186203     
   3.3800000000099719      -0.11652202862876432     
   3.3900000000099717      -0.12008090250816653     
   3.4000000000099715      -0.12349340131490796     
   3.4100000000099713      -0.12675943915096463     
   3.4200000000099711      -0.12987905167281721     
   3.4300000000099709      -0.13285239428758322     
   3.4400000000099706      -0.13567974027026597     
   3.4500000000099704      -0.13836147880450186     
   3.4600000000099702      -0.14089811294921473     
   3.4700000000099700      -0.14329025753361418     
   3.4800000000099698      -0.14553863698300248     
   3.4900000000099696      -0.14764408307788068     
   3.5000000000099694      -0.14960753264887278     
   3.5100000000099691      -0.15143002521001275     
   3.5200000000099689      -0.15311270053296594     
   3.5300000000099687      -0.15465679616478017     
   3.5400000000099685      -0.15606364489179100     
   3.5500000000099683      -0.15733467215232616     
   3.5600000000099681      -0.15847139340088096     
   3.5700000000099679      -0.15947541142645832     
   3.5800000000099677      -0.16034841362779084     
   3.5900000000099674      -0.16109216924818170     
   3.6000000000099672      -0.16170852657272441     
   3.6100000000099670      -0.16219941009067765     
   3.6200000000099668      -0.16256681762579134     
   3.6300000000099666      -0.16281281743739667     
   3.6400000000099664      -0.16293954529508606     
   3.6500000000099662      -0.16294920152982353     
   3.6600000000099659      -0.16284404806433811     
   3.6700000000099657      -0.16262640542566070     
   3.6800000000099655      -0.16229864974267350     
   3.6900000000099653      -0.16186320973154644     
   3.7000000000099651      -0.16132256367193801     
   3.7100000000099649      -0.16067923637683790     
   3.7200000000099647      -0.15993579615892878     
   3.7300000000099645      -0.15909485179633742     
   3.7400000000099642      -0.15815904950064130     
   3.7500000000099640      -0.15713106988998496     
   3.7600000000099638      -0.15601362497014687     
   3.7700000000099636      -0.15480945512638455     
   3.7800000000099634      -0.15352132612886338     
   3.7900000000099632      -0.15215202615445536     
   3.8000000000099630      -0.15070436282766653     
   3.8100000000099628      -0.14918116028342565     
   3.8200000000099625      -0.14758525625443203     
   3.8300000000099623      -0.14591949918572902     
   3.8400000000099621      -0.14418674537912743     
   3.8500000000099619      -0.14238985617006417     
   3.8600000000099617      -0.14053169513943545     
   3.8700000000099615      -0.13861512536289480     
   3.8800000000099613      -0.13664300670005478     
   3.8900000000099610      -0.13461819312597723     
   3.9000000000099608      -0.13254353010727615     
   3.9100000000099606      -0.13042185202509843     
   3.9200000000099604      -0.12825597964718052     
   3.9300000000099602      -0.12604871765111297     
   3.9400000000099600      -0.12380285220087311     
   3.9500000000099598      -0.12152114857861271     
   3.9600000000099596      -0.11920634887361004     
   3.9700000000099593      -0.11686116973021773     
   3.9800000000099591      -0.11448830015655495     
   3.9900000000099589      -0.11209039939560773     
   4.0000000000099591      -0.10967009486031577     
   4.0100000000099589      -0.10722998013413321     
   4.0200000000099587      -0.10477261303846175     
   4.0300000000099585      -0.10230051376825962     
   4.0400000000099583       -9.9816163097036878E-002
   4.0500000000099581       -9.7322000652349833E-002
   4.0600000000099579       -9.4820423262810594E-002
   4.0700000000099577       -9.2313783377527908E-002
   4.0800000000099574       -8.9804387558796703E-002
   4.0900000000099572       -8.7294495048751419E-002
   4.1000000000099570       -8.4786316410597903E-002
   4.1100000000099568       -8.2282012244935435E-002
   4.1200000000099566       -7.9783691981579613E-002
   4.1300000000099564       -7.7293412747193105E-002
   4.1400000000099562       -7.4813178308929182E-002
   4.1500000000099559       -7.2344938094192082E-002
   4.1600000000099557       -6.9890586286515177E-002
   4.1700000000099555       -6.7451960997458080E-002
   4.1800000000099553       -6.5030843514324130E-002
   4.1900000000099551       -6.2628957623399859E-002
   4.2000000000099549       -6.0247969008321273E-002
   4.2100000000099547       -5.7889484723076416E-002
   4.2200000000099545       -5.5555052739056796E-002
   4.2300000000099542       -5.3246161565481079E-002
   4.2400000000099540       -5.0964239942420782E-002
   4.2500000000099538       -4.8710656605571050E-002
   4.2600000000099536       -4.6486720121823463E-002
   4.2700000000099534       -4.4293678794612927E-002
   4.2800000000099532       -4.2132720637931630E-002
   4.2900000000099530       -4.0004973417823331E-002
   4.3000000000099527       -3.7911504760096686E-002
   4.3100000000099525       -3.5853322322924513E-002
   4.3200000000099523       -3.3831374032926090E-002
   4.3300000000099521       -3.1846548383264110E-002
   4.3400000000099519       -2.9899674792226411E-002
   4.3500000000099517       -2.7991524020702232E-002
   4.3600000000099515       -2.6122808646908996E-002
   4.3700000000099513       -2.4294183596672812E-002
   4.3800000000099510       -2.2506246727518647E-002
   4.3900000000099508       -2.0759539464781734E-002
   4.4000000000099506       -1.9054547487911046E-002
   4.4100000000099504       -1.7391701465100048E-002
   4.4200000000099502       -1.5771377834345929E-002
   4.4300000000099500       -1.4193899629011041E-002
   4.4400000000099498       -1.2659537345934575E-002
   4.4500000000099496       -1.1168509854121352E-002
   4.4600000000099493       -9.7209853420183161E-003
   4.4700000000099491       -8.3170823013748504E-003
   4.4800000000099489       -6.9568705456743325E-003
   4.4900000000099487       -5.6403722611182115E-003
   4.5000000000099485       -4.3675630881417939E-003
   4.5100000000099483       -3.1383732314426861E-003
   4.5200000000099481       -1.9526885965078632E-003
   4.5300000000099478       -8.1035195063392136E-004
   4.5400000000099476        2.8883589355288911E-004
   4.5500000000099474        1.3451148740545073E-003
   4.5600000000099472        2.3587644568968495E-003
   4.5700000000099470        3.3301023969005798E-003
   4.5800000000099468        4.2594834837406566E-003
   4.5900000000099466        5.1472982751799966E-003
   4.6000000000099464        5.9939718193327933E-003
   4.6100000000099461        6.7999623677800526E-003
   4.6200000000099459        7.5657600813249168E-003
   4.6300000000099457        8.2918857301372967E-003
   4.6400000000099455        8.9788893899981452E-003
   4.6500000000099453        9.6273491363112855E-003
   4.6600000000099451        1.0237869737507836E-002
   4.6700000000099449        1.0811081349422106E-002
   4.6800000000099446        1.1347638212171676E-002
   4.6900000000099444        1.1848217351025675E-002
   4.7000000000099442        1.2313517282695634E-002
   4.7100000000099440        1.2744256728433361E-002
   4.7200000000099438        1.3141173335267559E-002
   4.7300000000099436        1.3505022406660201E-002
   4.7400000000099434        1.3836575643809194E-002
   4.7500000000099432        1.4136619898771702E-002
   4.7600000000099429        1.4405955940528188E-002
   4.7700000000099427        1.4645397235053859E-002
   4.7800000000099425        1.4855768740410183E-002
   4.7900000000099423        1.5037905717815124E-002
   4.8000000000099421        1.5192652559598497E-002
   4.8100000000099419        1.5320861634894600E-002
   4.8200000000099417        1.5423392153872562E-002
   4.8300000000099415        1.5501109051252859E-002
   4.8400000000099412        1.5554881889807675E-002
   4.8500000000099410        1.5585583784492457E-002
   4.8600000000099408        1.5594090347806844E-002
   4.8700000000099406        1.5581278656935659E-002
   4.8800000000099404        1.5548026243173012E-002
   4.8900000000099402        1.5495210104088098E-002
   4.9000000000099400        1.5423705738845946E-002
   4.9100000000099397        1.5334386207054466E-002
   4.9200000000099395        1.5228121211467414E-002
   4.9300000000099393        1.5105776204833624E-002
   4.9400000000099391        1.4968211521143877E-002
   4.9500000000099389        1.4816281531491331E-002
   4.9600000000099387        1.4650833824725686E-002
   4.9700000000099385        1.4472708413048648E-002
   4.9800000000099383        1.4282736962666652E-002
   4.9900000000099380        1.4081742049586930E-002
