   9.9999999999999994E-012  0.98814822825039816     
   1.0000000010000001E-002  0.98752662785433620     
   2.0000000010000001E-002  0.98555846448571949     
   3.0000000010000000E-002  0.98225704819875492     
   4.0000000010000002E-002  0.97764403833145885     
   5.0000000010000004E-002  0.97174862613088608     
   6.0000000010000006E-002  0.96460650493145117     
   7.0000000010000007E-002  0.95625870367397958     
   8.0000000010000002E-002  0.94675036898065801     
   9.0000000009999997E-002  0.93612957260971352     
  0.10000000000999999       0.92444620590112225     
  0.11000000000999999       0.91175100428436573     
  0.12000000000999998       0.89809472624029463     
  0.13000000000999998       0.88352749464697233     
  0.14000000000999999       0.86809829553542406     
  0.15000000001000000       0.85185462035923787     
  0.16000000001000000       0.83484223264500546     
  0.17000000001000001       0.81710503777631738     
  0.18000000001000002       0.79868503475195307     
  0.19000000001000003       0.77962233037015849     
  0.20000000001000004       0.75995519872254513     
  0.21000000001000005       0.73972017164974924     
  0.22000000001000006       0.71895214857377798     
  0.23000000001000007       0.69768451666955467     
  0.24000000001000008       0.67594927456226428     
  0.25000000001000006       0.65377715459939023     
  0.26000000001000007       0.63119774025376707     
  0.27000000001000007       0.60823957639877191     
  0.28000000001000008       0.58493027110304441     
  0.29000000001000009       0.56129658826696127     
  0.30000000001000010       0.53736453091139569     
  0.31000000001000011       0.51315941527102027     
  0.32000000001000012       0.48870593607354218     
  0.33000000001000013       0.46402822353071926     
  0.34000000001000014       0.43914989264915411     
  0.35000000001000015       0.41409408550617099     
  0.36000000001000015       0.38888350714198966     
  0.37000000001000016       0.36354045570407595     
  0.38000000001000017       0.33808684745049805     
  0.39000000001000018       0.31254423718182461     
  0.40000000001000019       0.28693383462946087     
  0.41000000001000020       0.26127651728509649     
  0.42000000001000021       0.23559284011304005     
  0.43000000001000022       0.20990304254584280     
  0.44000000001000023       0.18422705312445820     
  0.45000000001000023       0.15858449210765907     
  0.46000000001000024       0.13299467234180390     
  0.47000000001000025       0.10747659865140452     
  0.48000000001000026        8.2048965983043232E-002
  0.49000000001000027        5.6730156509887969E-002
  0.50000000001000022        3.1538235881261679E-002
  0.51000000001000023        6.4909487812733480E-003
  0.52000000001000024       -1.8394286057609011E-002
  0.53000000001000025       -4.3100381256940337E-002
  0.54000000001000026       -6.7610586496166372E-002
  0.55000000001000027       -9.1908494416724301E-002
  0.56000000001000028      -0.11597804663701891     
  0.57000000001000029      -0.13980353979956633     
  0.58000000001000029      -0.16336963158117601     
  0.59000000001000030      -0.18666134660563111     
  0.60000000001000031      -0.20966408220607369     
  0.61000000001000032      -0.23236361399129532     
  0.62000000001000033      -0.25474610117641844     
  0.63000000001000034      -0.27679809164415087     
  0.64000000001000035      -0.29850652670794187     
  0.65000000001000036      -0.31985874555302551     
  0.66000000001000036      -0.34084248933555894     
  0.67000000001000037      -0.36144590492388606     
  0.68000000001000038      -0.38165754826942888     
  0.69000000001000039      -0.40146638739785057     
  0.70000000001000040      -0.42086180501398818     
  0.71000000001000041      -0.43983360071663535     
  0.72000000001000042      -0.45837199282158531     
  0.73000000001000043      -0.47646761979346125     
  0.74000000001000044      -0.49411154128875301     
  0.75000000001000044      -0.51129523881419947     
  0.76000000001000045      -0.52801061600617982     
  0.77000000001000046      -0.54424999853814715     
  0.78000000001000047      -0.56000613366434326     
  0.79000000001000048      -0.57527218940909775     
  0.80000000001000049      -0.59004175341194165     
  0.81000000001000050      -0.60430883143957703     
  0.82000000001000051      -0.61806784557643291     
  0.83000000001000052      -0.63131363210611990     
  0.84000000001000052      -0.64404143909655853     
  0.85000000001000053      -0.65624692370192650     
  0.86000000001000054      -0.66792614919483695     
  0.87000000001000055      -0.67907558174240534     
  0.88000000001000056      -0.68969208693988437     
  0.89000000001000057      -0.69977292611576247     
  0.90000000001000058      -0.70931575242204914     
  0.91000000001000059      -0.71831860672333836     
  0.92000000001000060      -0.72677991329841962     
  0.93000000001000060      -0.73469847536726940     
  0.94000000001000061      -0.74207347045701455     
  0.95000000001000062      -0.74890444561902025     
  0.96000000001000063      -0.75519131251035010     
  0.97000000001000064      -0.76093434235062318     
  0.98000000001000065      -0.76613416076702157     
  0.99000000001000066      -0.77079174253711236     
   1.0000000000100007      -0.77490840624157398     
   1.0100000000100007      -0.77848580883590868     
   1.0200000000100007      -0.78152594015140364     
   1.0300000000100007      -0.78403111733502984     
   1.0400000000100007      -0.78600397923504639     
   1.0500000000100007      -0.78744748074197357     
   1.0600000000100007      -0.78836488709166497     
   1.0700000000100007      -0.78875976813745208     
   1.0800000000100007      -0.78863599259765360     
   1.0900000000100007      -0.78799772228416431     
   1.1000000000100008      -0.78684940631727240     
   1.1100000000100008      -0.78519577533129259     
   1.1200000000100008      -0.78304183567504848     
   1.1300000000100008      -0.78039286361069304     
   1.1400000000100008      -0.77725439951382813     
   1.1500000000100008      -0.77363224207736103     
   1.1600000000100008      -0.76953244252104669     
   1.1700000000100008      -0.76496129880816621     
   1.1800000000100008      -0.75992534987034177     
   1.1900000000100008      -0.75443136984103654     
   1.2000000000100008      -0.74848636229786880     
   1.2100000000100009      -0.74209755451346826     
   1.2200000000100009      -0.73527239171423309     
   1.2300000000100009      -0.72801853134598515     
   1.2400000000100009      -0.72034383734520724     
   1.2500000000100009      -0.71225637441423650     
   1.2600000000100009      -0.70376440229852322     
   1.2700000000100009      -0.69487637006381364     
   1.2800000000100009      -0.68560091037090076     
   1.2900000000100009      -0.67594683374539066     
   1.3000000000100009      -0.66592312283977984     
   1.3100000000100009      -0.65553892668498936     
   1.3200000000100010      -0.64480355492840746     
   1.3300000000100010      -0.63372647205540422     
   1.3400000000100010      -0.62231729159123217     
   1.3500000000100010      -0.61058577028020189     
   1.3600000000100010      -0.59854180223902065     
   1.3700000000100010      -0.58619541308121104     
   1.3800000000100010      -0.57355675400957984     
   1.3900000000100010      -0.56063609587378171     
   1.4000000000100010      -0.54744382319012919     
   1.4100000000100010      -0.53399042812092234     
   1.4200000000100010      -0.52028650441072077     
   1.4300000000100010      -0.50634274127715240     
   1.4400000000100011      -0.49216991725403980     
   1.4500000000100011      -0.47777889398484258     
   1.4600000000100011      -0.46318060996463722     
   1.4700000000100011      -0.44838607422910692     
   1.4800000000100011      -0.43340635998927862     
   1.4900000000100011      -0.41825259821102129     
   1.5000000000100011      -0.40293597113861568     
   1.5100000000100011      -0.38746770576201273     
   1.5200000000100011      -0.37185906722771511     
   1.5300000000100011      -0.35612135219354729     
   1.5400000000100011      -0.34026588212791797     
   1.5500000000100012      -0.32430399655452402     
   1.5600000000100012      -0.30824704624379973     
   1.5700000000100012      -0.29210638635277275     
   1.5800000000100012      -0.27589336951535021     
   1.5900000000100012      -0.25961933888542243     
   1.6000000000100012      -0.24329562113554049     
   1.6100000000100012      -0.22693351941428430     
   1.6200000000100012      -0.21054430626580722     
   1.6300000000100012      -0.19413921651540036     
   1.6400000000100012      -0.17772944012527844     
   1.6500000000100012      -0.16132611502513930     
   1.6600000000100013      -0.14494031992239442     
   1.6700000000100013      -0.12858306709730263     
   1.6800000000100013      -0.11226529518856752     
   1.6900000000100013       -9.5997861975273102E-002
   1.7000000000100013       -7.9791537161339049E-002
   1.7100000000100013       -6.3656995168966696E-002
   1.7200000000100013       -4.7604807947824387E-002
   1.7300000000100013       -3.1645437806984027E-002
   1.7400000000100013       -1.5789230276866406E-002
   1.7500000000100013       -4.6407008681886852E-005
   1.7600000000100013        1.5572941280934643E-002
   1.7700000000100014        3.1058861812204464E-002
   1.7800000000100014        4.6401546683336632E-002
   1.7900000000100014        6.1591339742294533E-002
   1.8000000000100014        7.6618743380848314E-002
   1.8100000000100014        9.1474425242454388E-002
   1.8200000000100014       0.10614922483541478     
   1.8300000000100014       0.12063416004270330     
   1.8400000000100014       0.13492043351980224     
   1.8500000000100014       0.14899943897187357     
   1.8600000000100014       0.16286276730159227     
   1.8700000000100014       0.17650221261899743     
   1.8800000000100014       0.18990977810476434     
   1.8900000000100015       0.20307768171838042     
   1.9000000000100015       0.21599836174280018     
   1.9100000000100015       0.22866448215727994     
   1.9200000000100015       0.24106893783023589     
   1.9300000000100015       0.25320485952413602     
   1.9400000000100015       0.26506561870462830     
   1.9500000000100015       0.27664483214631796     
   1.9600000000100015       0.28793636632784059     
   1.9700000000100015       0.29893434160913357     
   1.9800000000100015       0.30963313618408272     
   1.9900000000100015       0.32002738980201445     
   2.0000000000100013       0.33011200725181983     
   2.0100000000100011       0.33988216160282597     
   2.0200000000100009       0.34933329719688000     
   2.0300000000100007       0.35846113238647564     
   2.0400000000100005       0.36726166201413180     
   2.0500000000100003       0.37573115962862641     
   2.0600000000100001       0.38386617943409745     
   2.0700000000099998       0.39166355796843894     
   2.0800000000099996       0.39912041550785282     
   2.0900000000099994       0.40623415719485284     
   2.1000000000099992       0.41300247388746880     
   2.1100000000099990       0.41942334272784826     
   2.1200000000099988       0.42549502742891848     
   2.1300000000099986       0.43121607827823089     
   2.1400000000099983       0.43658533185858350     
   2.1500000000099981       0.44160191048548170     
   2.1600000000099979       0.44626522136197055     
   2.1700000000099977       0.45057495545184134     
   2.1800000000099975       0.45453108607268294     
   2.1900000000099973       0.45813386721071064     
   2.2000000000099971       0.46138383155976853     
   2.2100000000099969       0.46428178828735311     
   2.2200000000099966       0.46682882053095398     
   2.2300000000099964       0.46902628262844537     
   2.2400000000099962       0.47087579708669552     
   2.2500000000099960       0.47237925129297492     
   2.2600000000099958       0.47353879397415755     
   2.2700000000099956       0.47435683140910251     
   2.2800000000099954       0.47483602339998582     
   2.2900000000099952       0.47497927900871872     
   2.3000000000099949       0.47478975206494645     
   2.3100000000099947       0.47427083645245072     
   2.3200000000099945       0.47342616118110564     
   2.3300000000099943       0.47225958525183637     
   2.3400000000099941       0.47077519232231391     
   2.3500000000099939       0.46897728518138676     
   2.3600000000099937       0.46687038004049602     
   2.3700000000099934       0.46445920065054813     
   2.3800000000099932       0.46174867225292732     
   2.3900000000099930       0.45874391537351461     
   2.4000000000099928       0.45545023946875096     
   2.4100000000099926       0.45187313643292470     
   2.4200000000099924       0.44801827397599026     
   2.4300000000099922       0.44389148888133062     
   2.4400000000099920       0.43949878015295984     
   2.4500000000099917       0.43484630206172392     
   2.4600000000099915       0.42994035710010470     
   2.4700000000099913       0.42478738885525141     
   2.4800000000099911       0.41939397480986990     
   2.4900000000099909       0.41376681908058255     
   2.5000000000099907       0.40791274510333636     
   2.5100000000099905       0.40183868827538288     
   2.5200000000099902       0.39555168856328182     
   2.5300000000099900       0.38905888308628961     
   2.5400000000099898       0.38236749868438802     
   2.5500000000099896       0.37548484448008518     
   2.5600000000099894       0.36841830444298140     
   2.5700000000099892       0.36117532996593904     
   2.5800000000099890       0.35376343246152880     
   2.5900000000099888       0.34619017598724039     
   2.6000000000099885       0.33846316990775460     
   2.6100000000099883       0.33059006160236581     
   2.6200000000099881       0.32257852922542796     
   2.6300000000099879       0.31443627452746858     
   2.6400000000099877       0.30617101574438049     
   2.6500000000099875       0.29779048056185509     
   2.6600000000099873       0.28930239916196826     
   2.6700000000099871       0.28071449735857174     
   2.6800000000099868       0.27203448982787687     
   2.6900000000099866       0.26327007344034725     
   2.7000000000099864       0.25442892069974493     
   2.7100000000099862       0.24551867329489394     
   2.7200000000099860       0.23654693576944796     
   2.7300000000099858       0.22752126931466618     
   2.7400000000099856       0.21844918568991839     
   2.7500000000099853       0.20933814127535921     
   2.7600000000099851       0.20019553126092871     
   2.7700000000099849       0.19102868397555534     
   2.7800000000099847       0.18184485536016104     
   2.7900000000099845       0.17265122358778889     
   2.8000000000099843       0.16345488383390461     
   2.8100000000099841       0.15426284319965258     
   2.8200000000099839       0.14508201579058286     
   2.8300000000099836       0.13591921795310707     
   2.8400000000099834       0.12678116367068643     
   2.8500000000099832       0.11767446012150749     
   2.8600000000099830       0.10860560339915902     
   2.8700000000099828        9.9580974397588284E-002
   2.8800000000099826        9.0606834861386071E-002
   2.8900000000099824        8.1689323602229996E-002
   2.9000000000099821        7.2834452882100317E-002
   2.9100000000099819        6.4048104963676744E-002
   2.9200000000099817        5.5336028828127104E-002
   2.9300000000099815        4.6703837060307583E-002
   2.9400000000099813        3.8157002901211934E-002
   2.9500000000099811        2.9700857467332947E-002
   2.9600000000099809        2.1340587136433053E-002
   2.9700000000099807        1.3081231099062583E-002
   2.9800000000099804        4.9276790750149291E-003
   2.9900000000099802       -3.1153308062365076E-003
   3.0000000000099800       -1.1043213962205055E-002
   3.0100000000099798       -1.8851541152378561E-002
   3.0200000000099796       -2.6536040112859038E-002
   3.0300000000099794       -3.4092597032101456E-002
   3.0400000000099792       -4.1517257869299919E-002
   3.0500000000099790       -4.8806229517068624E-002
   3.0600000000099787       -5.5955880810155380E-002
   3.0700000000099785       -6.2962743382009329E-002
   3.0800000000099783       -6.9823512371102958E-002
   3.0900000000099781       -7.6535046978980115E-002
   3.1000000000099779       -8.3094370882068891E-002
   3.1100000000099777       -8.9498672499357945E-002
   3.1200000000099775       -9.5745305118092608E-002
   3.1300000000099772      -0.10183178687969729     
   3.1400000000099770      -0.10775580062817744     
   3.1500000000099768      -0.11351519362329812     
   3.1600000000099766      -0.11910797712087448     
   3.1700000000099764      -0.12453232582254525     
   3.1800000000099762      -0.12978657719743311     
   3.1900000000099760      -0.13486923067812356     
   3.2000000000099758      -0.13977894673342467     
   3.2100000000099755      -0.14451454582039086     
   3.2200000000099753      -0.14907500721811812     
   3.2300000000099751      -0.15345946774584002     
   3.2400000000099749      -0.15766722036787278     
   3.2500000000099747      -0.16169771268797475     
   3.2600000000099745      -0.16555054533570529     
   3.2700000000099743      -0.16922547024738258     
   3.2800000000099740      -0.17272238884425800     
   3.2900000000099738      -0.17604135011053779     
   3.3000000000099736      -0.17918254857390054     
   3.3100000000099734      -0.18214632219117388     
   3.3200000000099732      -0.18493315014184675     
   3.3300000000099730      -0.18754365053211397     
   3.3400000000099728      -0.18997857801216175     
   3.3500000000099726      -0.19223882130941955     
   3.3600000000099723      -0.19432540068052434     
   3.3700000000099721      -0.19623946528475406     
   3.3800000000099719      -0.19798229048171187     
   3.3900000000099717      -0.19955527505605486     
   3.4000000000099715      -0.20095993837208465     
   3.4100000000099713      -0.20219791746103372     
   3.4200000000099711      -0.20327096404390235     
   3.4300000000099709      -0.20418094149272129     
   3.4400000000099706      -0.20492982173313481     
   3.4500000000099704      -0.20551968209122332     
   3.4600000000099702      -0.20595270208749952     
   3.4700000000099700      -0.20623116018104132     
   3.4800000000099698      -0.20635743046673866     
   3.4900000000099696      -0.20633397932865799     
   3.5000000000099694      -0.20616336205254587     
   3.5100000000099691      -0.20584821940051468     
   3.5200000000099689      -0.20539127415097480     
   3.5300000000099687      -0.20479532760689378     
   3.5400000000099685      -0.20406325607548401     
   3.5500000000099683      -0.20319800732243820     
   3.5600000000099681      -0.20220259700384469     
   3.5700000000099679      -0.20108010507893406     
   3.5800000000099677      -0.19983367220681858     
   3.5900000000099674      -0.19846649613039852     
   3.6000000000099672      -0.19698182805062009     
   3.6100000000099670      -0.19538296899427646     
   3.6200000000099668      -0.19367326617854841     
   3.6300000000099666      -0.19185610937548664     
   3.6400000000099664      -0.18993492727963485     
   3.6500000000099662      -0.18791318388199391     
   3.6600000000099659      -0.18579437485352135     
   3.6700000000099657      -0.18358202394135081     
   3.6800000000099655      -0.18127967938090872     
   3.6900000000099653      -0.17889091032708762     
   3.7000000000099651      -0.17641930330762071     
   3.7100000000099649      -0.17386845870177914     
   3.7200000000099647      -0.17124198724749073     
   3.7300000000099645      -0.16854350657994877     
   3.7400000000099642      -0.16577663780474933     
   3.7500000000099640      -0.16294500210855853     
   3.7600000000099638      -0.16005221741027198     
   3.7700000000099636      -0.15710189505558497     
   3.7800000000099634      -0.15409763655784553     
   3.7900000000099632      -0.15104303038800895     
   3.8000000000099630      -0.14794164881645977     
   3.8100000000099628      -0.14479704480940572     
   3.8200000000099625      -0.14161274898248655     
   3.8300000000099623      -0.13839226661417262     
   3.8400000000099621      -0.13513907472145781     
   3.8500000000099619      -0.13185661920027683     
   3.8600000000099617      -0.12854831203299819     
   3.8700000000099615      -0.12521752856526261     
   3.8800000000099613      -0.12186760485435111     
   3.8900000000099610      -0.11850183509117809     
   3.9000000000099608      -0.11512346909791263     
   3.9100000000099606      -0.11173570990313618     
   3.9200000000099604      -0.10834171139634637     
   3.9300000000099602      -0.10494457606351497     
   3.9400000000099600      -0.10154735280530570     
   3.9500000000099598       -9.8153034839449663E-002
   3.9600000000099596       -9.4764557688668094E-002
   3.9700000000099593       -9.1384797255421674E-002
   3.9800000000099591       -8.8016567984652072E-002
   3.9900000000099589       -8.4662621115567896E-002
   4.0000000000099591       -8.1325643023409666E-002
   4.0100000000099589       -7.8008253652012458E-002
   4.0200000000099587       -7.4713005037865585E-002
   4.0300000000099585       -7.1442379926249661E-002
   4.0400000000099583       -6.8198790479910940E-002
   4.0500000000099581       -6.4984577080612671E-002
   4.0600000000099579       -6.1802007223782901E-002
   4.0700000000099577       -5.8653274506357010E-002
   4.0800000000099574       -5.5540497707793124E-002
   4.0900000000099572       -5.2465719964119778E-002
   4.1000000000099570       -4.9430908034754244E-002
   4.1100000000099568       -4.6437951661714466E-002
   4.1200000000099566       -4.3488663020728818E-002
   4.1300000000099564       -4.0584776263633750E-002
   4.1400000000099562       -3.7727947151335629E-002
   4.1500000000099559       -3.4919752776501140E-002
   4.1600000000099557       -3.2161691375031588E-002
   4.1700000000099555       -2.9455182225269463E-002
   4.1800000000099553       -2.6801565633779695E-002
   4.1900000000099551       -2.4202103006448570E-002
   4.2000000000099549       -2.1657977003541877E-002
   4.2100000000099547       -1.9170291777270036E-002
   4.2200000000099545       -1.6740073290314565E-002
   4.2300000000099542       -1.4368269713681161E-002
   4.2400000000099540       -1.2055751902160274E-002
   4.2500000000099538       -9.8033139455931534E-003
   4.2600000000099536       -7.6116737940651819E-003
   4.2700000000099534       -5.4814739550728513E-003
   4.2800000000099532       -3.4132822606435520E-003
   4.2900000000099530       -1.4075927023199254E-003
   4.3000000000099527        5.3517366813890521E-004
   4.3100000000099525        2.4146677745437856E-003
   4.3200000000099523        4.2306114908060629E-003
   4.3300000000099521        5.9827965565164478E-003
   4.3400000000099519        7.6710834359181249E-003
   4.3500000000099517        9.2954001226594890E-003
   4.3600000000099515        1.0855740892744235E-002
   4.3700000000099513        1.2352165008126153E-002
   4.3800000000099510        1.3784795373419451E-002
   4.3900000000099508        1.5153817148215745E-002
   4.4000000000099506        1.6459476317512673E-002
   4.4100000000099504        1.7702078222770590E-002
   4.4200000000099502        1.8881986056118651E-002
   4.4300000000099500        1.9999619320233423E-002
   4.4400000000099498        2.1055452256409892E-002
   4.4500000000099496        2.2050012243337580E-002
   4.4600000000099493        2.2983878169082449E-002
   4.4700000000099491        2.3857678778760463E-002
   4.4800000000099489        2.4672091000367651E-002
   4.4900000000099487        2.5427838251209402E-002
   4.5000000000099485        2.6125688727343572E-002
   4.5100000000099483        2.6766453678421075E-002
   4.5200000000099481        2.7350985670273699E-002
   4.5300000000099478        2.7880176837561041E-002
   4.5400000000099476        2.8354957128747506E-002
   4.5500000000099474        2.8776292545636819E-002
   4.5600000000099472        2.9145183379644633E-002
   4.5700000000099470        2.9462662446941033E-002
   4.5800000000099468        2.9729793324542553E-002
   4.5900000000099466        2.9947668589380014E-002
   4.6000000000099464        3.0117408062311560E-002
   4.6100000000099461        3.0240157058994053E-002
   4.6200000000099459        3.0317084649464084E-002
   4.6300000000099457        3.0349381928220877E-002
   4.6400000000099455        3.0338260296540034E-002
   4.6500000000099453        3.0284949758682959E-002
   4.6600000000099451        3.0190697233603719E-002
   4.6700000000099449        3.0056764883688265E-002
   4.6800000000099446        2.9884428461996522E-002
   4.6900000000099444        2.9674975679410718E-002
   4.7000000000099442        2.9429704593027125E-002
   4.7100000000099440        2.9149922017062225E-002
   4.7200000000099438        2.8836941957477720E-002
   4.7300000000099436        2.8492084071462684E-002
   4.7400000000099434        2.8116672152846103E-002
   4.7500000000099432        2.7712032644447500E-002
   4.7600000000099429        2.7279493178309328E-002
   4.7700000000099427        2.6820381144692138E-002
   4.7800000000099425        2.6336022290650098E-002
   4.7900000000099423        2.5827739348944573E-002
   4.8000000000099421        2.5296850697992829E-002
   4.8100000000099419        2.4744669053490775E-002
   4.8200000000099417        2.4172500192291800E-002
   4.8300000000099415        2.3581641709068232E-002
   4.8400000000099412        2.2973381806228335E-002
   4.8500000000099410        2.2348998117509837E-002
   4.8600000000099408        2.1709756565620485E-002
   4.8700000000099406        2.1056910254248447E-002
   4.8800000000099404        2.0391698394718407E-002
   4.8900000000099402        1.9715345267524727E-002
   4.9000000000099400        1.9029059218931305E-002
   4.9100000000099397        1.8334031692786128E-002
   4.9200000000099395        1.7631436297661191E-002
   4.9300000000099393        1.6922427909390952E-002
   4.9400000000099391        1.6208141809048549E-002
   4.9500000000099389        1.5489692856367053E-002
   4.9600000000099387        1.4768174698580560E-002
   4.9700000000099385        1.4044659014634045E-002
   4.9800000000099383        1.3320194794681859E-002
   4.9900000000099380        1.2595807654770967E-002
