   9.9999999999999994E-012 -0.11048809956564225     
   1.0000000010000001E-002 -0.11042496391356464     
   2.0000000010000001E-002 -0.11023561348086056     
   3.0000000010000000E-002 -0.10992021757332474     
   4.0000000010000002E-002 -0.10947905750857093     
   5.0000000010000004E-002 -0.10891252538027503     
   6.0000000010000006E-002 -0.10822112242569484     
   7.0000000010000007E-002 -0.10740545707910780     
   8.0000000010000002E-002 -0.10646624279944017     
   9.0000000009999997E-002 -0.10540429575734982     
  0.10000000000999999      -0.10422053245716713     
  0.11000000000999999      -0.10291596735483409     
  0.12000000000999998      -0.10149171051678807     
  0.13000000000999998       -9.9948965348740107E-002
  0.14000000000999999       -9.8289026409028493E-002
  0.15000000001000000       -9.6513277309553239E-002
  0.16000000001000000       -9.4623188698538030E-002
  0.17000000001000001       -9.2620316313418494E-002
  0.18000000001000002       -9.0506299088652209E-002
  0.19000000001000003       -8.8282857301708539E-002
  0.20000000001000004       -8.5951790740428205E-002
  0.21000000001000005       -8.3514976875881275E-002
  0.22000000001000006       -8.0974369026421605E-002
  0.23000000001000007       -7.8331994500544039E-002
  0.24000000001000008       -7.5589952708174674E-002
  0.25000000001000006       -7.2750413232029257E-002
  0.26000000001000007       -6.9815613852554484E-002
  0.27000000001000007       -6.6787858521686352E-002
  0.28000000001000008       -6.3669515282178291E-002
  0.29000000001000009       -6.0463014130580098E-002
  0.30000000001000010       -5.7170844823088526E-002
  0.31000000001000011       -5.3795554624451555E-002
  0.32000000001000012       -5.0339746000924390E-002
  0.33000000001000013       -4.6806074258944674E-002
  0.34000000001000014       -4.3197245131753104E-002
  0.35000000001000015       -3.9516012316639246E-002
  0.36000000001000015       -3.5765174965863053E-002
  0.37000000001000016       -3.1947575134596048E-002
  0.38000000001000017       -2.8066095189462514E-002
  0.39000000001000018       -2.4123655181442077E-002
  0.40000000001000019       -2.0123210187032170E-002
  0.41000000001000020       -1.6067747621671347E-002
  0.42000000001000021       -1.1960284529490314E-002
  0.43000000001000022       -7.8038648535009164E-003
  0.44000000001000023       -3.6015566903482843E-003
  0.45000000001000023        6.4355046624853252E-004
  0.46000000001000024        4.9283484892655716E-003
  0.47000000001000025        9.2497133852853936E-003
  0.48000000001000026        1.3604508060534551E-002
  0.49000000001000027        1.7989585082092321E-002
  0.50000000001000022        2.2401789430390825E-002
  0.51000000001000023        2.6837961239206912E-002
  0.52000000001000024        3.1294938519441137E-002
  0.53000000001000025        3.5769559863075867E-002
  0.54000000001000026        4.0258667123813888E-002
  0.55000000001000027        4.4759108071009551E-002
  0.56000000001000028        4.9267739013624787E-002
  0.57000000001000029        5.3781427391065298E-002
  0.58000000001000029        5.8297054327880529E-002
  0.59000000001000030        6.2811517149442428E-002
  0.60000000001000031        6.7321731855854675E-002
  0.61000000001000032        7.1824635551479832E-002
  0.62000000001000033        7.6317188827614069E-002
  0.63000000001000034        8.0796378095980448E-002
  0.64000000001000035        8.5259217870854886E-002
  0.65000000001000036        8.9702752997782867E-002
  0.66000000001000036        9.4124060826990846E-002
  0.67000000001000037        9.8520253329738877E-002
  0.68000000001000038       0.10288847915600682     
  0.69000000001000039       0.10722592563204865     
  0.70000000001000040       0.11152982069649131     
  0.71000000001000041       0.11579743477379591     
  0.72000000001000042       0.12002608258403613     
  0.73000000001000043       0.12421312488808564     
  0.74000000001000044       0.12835597016744010     
  0.75000000001000044       0.13245207623802829     
  0.76000000001000045       0.13649895179749649     
  0.77000000001000046       0.14049415790557263     
  0.78000000001000047       0.14443530939723698     
  0.79000000001000048       0.14832007622854448     
  0.80000000001000049       0.15214618475505226     
  0.81000000001000050       0.15591141894291877     
  0.82000000001000051       0.15961362151284000     
  0.83000000001000052       0.16325069501709033     
  0.84000000001000052       0.16682060285002848     
  0.85000000001000053       0.17032137019251897     
  0.86000000001000054       0.17375108489080396     
  0.87000000001000055       0.17710789827044085     
  0.88000000001000056       0.18039002588599506     
  0.89000000001000057       0.18359574820724753     
  0.90000000001000058       0.18672341124274161     
  0.91000000001000059       0.18977142710155465     
  0.92000000001000060       0.19273827449423270     
  0.93000000001000060       0.19562249917387903     
  0.94000000001000061       0.19842271431843209     
  0.95000000001000062       0.20113760085520740     
  0.96000000001000063       0.20376590772881800     
  0.97000000001000064       0.20630645211361376     
  0.98000000001000065       0.20875811957181303     
  0.99000000001000066       0.21111986415851902     
   1.0000000000100007       0.21339070847483235     
   1.0100000000100007       0.21556974367028775     
   1.0200000000100007       0.21765612939585222     
   1.0300000000100007       0.21964909370872876     
   1.0400000000100007       0.22154793293021485     
   1.0500000000100007       0.22335201145786382     
   1.0600000000100007       0.22506076153319449     
   1.0700000000100007       0.22667368296618964     
   1.0800000000100007       0.22819034281781367     
   1.0900000000100007       0.22961037504176907     
   1.1000000000100008       0.23093348008669851     
   1.1100000000100008       0.23215942446002169     
   1.1200000000100008       0.23328804025457942     
   1.1300000000100008       0.23431922463923688     
   1.1400000000100008       0.23525293931457719     
   1.1500000000100008       0.23608920993479174     
   1.1600000000100008       0.23682812549685278     
   1.1700000000100008       0.23746983769802368     
   1.1800000000100008       0.23801456026274126     
   1.1900000000100008       0.23846256823987277     
   1.2000000000100008       0.23881419727132611     
   1.2100000000100009       0.23906984283296190     
   1.2200000000100009       0.23922995944872802     
   1.2300000000100009       0.23929505987890981     
   1.2400000000100009       0.23926571428335974     
   1.2500000000100009       0.23914254936054247     
   1.2600000000100009       0.23892624746320476     
   1.2700000000100009       0.23861754569145011     
   1.2800000000100009       0.23821723496397348     
   1.2900000000100009       0.23772615906818420     
   1.3000000000100009       0.23714521368992042     
   1.3100000000100009       0.23647534542343404     
   1.3200000000100010       0.23571755076230211     
   1.3300000000100010       0.23487287507189811     
   1.3400000000100010       0.23394241154403606     
   1.3500000000100010       0.23292730013437984     
   1.3600000000100010       0.23182872648319230     
   1.3700000000100010       0.23064792081998231     
   1.3800000000100010       0.22938615685258970     
   1.3900000000100010       0.22804475064123736     
   1.4000000000100010       0.22662505945806388     
   1.4100000000100010       0.22512848063264046     
   1.4200000000100010       0.22355645038396593     
   1.4300000000100010       0.22191044263942517     
   1.4400000000100011       0.22019196784118911     
   1.4500000000100011       0.21840257174053107     
   1.4600000000100011       0.21654383418052833     
   1.4700000000100011       0.21461736786761632     
   1.4800000000100011       0.21262481713246456     
   1.4900000000100011       0.21056785668064010     
   1.5000000000100011       0.20844819033352918     
   1.5100000000100011       0.20626754975999220     
   1.5200000000100011       0.20402769319922778     
   1.5300000000100011       0.20173040417533439     
   1.5400000000100011       0.19937749020405815     
   1.5500000000100012       0.19697078149223024     
   1.5600000000100012       0.19451212963040324     
   1.5700000000100012       0.19200340627920770     
   1.5800000000100012       0.18944650184996251     
   1.5900000000100012       0.18684332418008398     
   1.6000000000100012       0.18419579720385204     
   1.6100000000100012       0.18150585961910828     
   1.6200000000100012       0.17877546355047158     
   1.6300000000100012       0.17600657320967589     
   1.6400000000100012       0.17320116355364801     
   1.6500000000100012       0.17036121894096115     
   1.6600000000100013       0.16748873178731546     
   1.6700000000100013       0.16458570122071312     
   1.6800000000100013       0.16165413173701476     
   1.6900000000100013       0.15869603185657610     
   1.7000000000100013       0.15571341278268619     
   1.7100000000100013       0.15270828706254005     
   1.7200000000100013       0.14968266725149831     
   1.7300000000100013       0.14663856458140015     
   1.7400000000100013       0.14357798763371327     
   1.7500000000100013       0.14050294101831723     
   1.7600000000100013       0.13741542405873328     
   1.7700000000100014       0.13431742948462638     
   1.7800000000100014       0.13121094213241610     
   1.7900000000100014       0.12809793765485020     
   1.8000000000100014       0.12498038124039862     
   1.8100000000100014       0.12186022634334254     
   1.8200000000100014       0.11873941342543737     
   1.8300000000100014       0.11561986871003815     
   1.8400000000100014       0.11250350294958308     
   1.8500000000100014       0.10939221020733406     
   1.8600000000100014       0.10628786665427878     
   1.8700000000100014       0.10319232938210166     
   1.8800000000100014       0.10010743523313004     
   1.8900000000100015        9.7034999648163589E-002
   1.9000000000100015        9.3976815533092561E-002
   1.9100000000100015        9.0934652145206046E-002
   1.9200000000100015        8.7910254000087590E-002
   1.9300000000100015        8.4905339799987933E-002
   1.9400000000100015        8.1921601384557008E-002
   1.9500000000100015        7.8960702704806679E-002
   1.9600000000100015        7.6024278821164831E-002
   1.9700000000100015        7.3113934926467089E-002
   1.9800000000100015        7.0231245394718644E-002
   1.9900000000100015        6.7377752856441708E-002
   2.0000000000100013        6.4554967301404420E-002
   2.0100000000100011        6.1764365209510091E-002
   2.0200000000100009        5.9007388710601211E-002
   2.0300000000100007        5.6285444773910648E-002
   2.0400000000100005        5.3599904427869244E-002
   2.0500000000100003        5.0952102010950351E-002
   2.0600000000100001        4.8343334454205550E-002
   2.0700000000099998        4.5774860596117184E-002
   2.0800000000099996        4.3247900530361649E-002
   2.0900000000099994        4.0763634987046354E-002
   2.1000000000099992        3.8323204747950645E-002
   2.1100000000099990        3.5927710096264720E-002
   2.1200000000099988        3.3578210301288408E-002
   2.1300000000099986        3.1275723138511402E-002
   2.1400000000099983        2.9021224445462318E-002
   2.1500000000099981        2.6815647713673563E-002
   2.1600000000099979        2.4659883717070008E-002
   2.1700000000099977        2.2554780177049927E-002
   2.1800000000099975        2.0501141464485825E-002
   2.1900000000099973        1.8499728338830276E-002
   2.2000000000099971        1.6551257724471871E-002
   2.2100000000099969        1.4656402524442155E-002
   2.2200000000099966        1.2815791471533361E-002
   2.2300000000099964        1.1030009016842326E-002
   2.2400000000099962        9.2995952557140826E-003
   2.2500000000099960        7.6250458910146340E-003
   2.2600000000099958        6.0068122336198182E-003
   2.2700000000099956        4.4453012399633118E-003
   2.2800000000099954        2.9408755864449854E-003
   2.2900000000099952        1.4938537804567303E-003
   2.3000000000099949        1.0451030774306924E-004
   2.3100000000099947       -1.2269241842314399E-003
   2.3200000000099945       -2.5002626672734896E-003
   2.3300000000099943       -3.7153614782199640E-003
   2.3400000000099941       -4.8721200299121359E-003
   2.3500000000099939       -5.9704804878714240E-003
   2.3600000000099937       -7.0104274132030825E-003
   2.3700000000099934       -7.9919873722897050E-003
   2.3800000000099932       -8.9152285138727749E-003
   2.3900000000099930       -9.7802601141585011E-003
   2.4000000000099928       -1.0587232090614157E-002
   2.4100000000099926       -1.1336334485157459E-002
   2.4200000000099924       -1.2027796917471384E-002
   2.4300000000099922       -1.2661888009208866E-002
   2.4400000000099920       -1.3238914779878042E-002
   2.4500000000099917       -1.3759222015230013E-002
   2.4600000000099915       -1.4223191608993921E-002
   2.4700000000099913       -1.4631241878831636E-002
   2.4800000000099911       -1.4983826857404861E-002
   2.4900000000099909       -1.5281435559471965E-002
   2.5000000000099907       -1.5524591225949416E-002
   2.5100000000099905       -1.5713850545893235E-002
   2.5200000000099902       -1.5849802857370809E-002
   2.5300000000099900       -1.5933069328210994E-002
   2.5400000000099898       -1.5964302117631807E-002
   2.5500000000099896       -1.5944183519759278E-002
   2.5600000000099894       -1.5873425090058818E-002
   2.5700000000099892       -1.5752766755712647E-002
   2.5800000000099890       -1.5582975910980498E-002
   2.5900000000099888       -1.5364846498588880E-002
   2.6000000000099885       -1.5099198078197124E-002
   2.6100000000099883       -1.4786874882991671E-002
   2.6200000000099881       -1.4428744865459017E-002
   2.6300000000099879       -1.4025698733389949E-002
   2.6400000000099877       -1.3578648977163432E-002
   2.6500000000099875       -1.3088528889355633E-002
   2.6600000000099873       -1.2556291577714498E-002
   2.6700000000099871       -1.1982908972534692E-002
   2.6800000000099868       -1.1369370829458117E-002
   2.6900000000099866       -1.0716683728718798E-002
   2.7000000000099864       -1.0025870071838167E-002
   2.7100000000099862       -9.2979670767669442E-003
   2.7200000000099860       -8.5340257724567797E-003
   2.7300000000099858       -7.7351099938306328E-003
   2.7400000000099856       -6.9022953781063684E-003
   2.7500000000099853       -6.0366683634126977E-003
   2.7600000000099851       -5.1393251906190901E-003
   2.7700000000099849       -4.2113709092836266E-003
   2.7800000000099847       -3.2539183886056838E-003
   2.7900000000099845       -2.2680873342481311E-003
   2.8000000000099843       -1.2550033118773896E-003
   2.8100000000099841       -2.1579677824587473E-004
   2.8200000000099839        8.4839787937844580E-004
   2.8300000000099836        1.9364432946527843E-003
   2.8400000000099834        3.0472000637105645E-003
   2.8500000000099832        4.1795276760856481E-003
   2.8600000000099830        5.3322854342955223E-003
   2.8700000000099828        6.5043333613936244E-003
   2.8800000000099826        7.6945330958246572E-003
   2.8900000000099824        8.9017487729399353E-003
   2.9000000000099821        1.0124847892556396E-002
   2.9100000000099819        1.1362702171965597E-002
   2.9200000000099817        1.2614188383824623E-002
   2.9300000000099815        1.3878189178384862E-002
   2.9400000000099813        1.5153593889541572E-002
   2.9500000000099811        1.6439299324208984E-002
   2.9600000000099809        1.7734210534552361E-002
   2.9700000000099807        1.9037241572633590E-002
   2.9800000000099804        2.0347316227049633E-002
   2.9900000000099802        2.1663368741169378E-002
   3.0000000000099800        2.2984344512597940E-002
   3.0100000000099798        2.4309200773521805E-002
   3.0200000000099796        2.5636907251611343E-002
   3.0300000000099794        2.6966446811182959E-002
   3.0400000000099792        2.8296816074342784E-002
   3.0500000000099790        2.9627026021861638E-002
   3.0600000000099787        3.0956102573549360E-002
   3.0700000000099785        3.2283087147921677E-002
   3.0800000000099783        3.3607037200973855E-002
   3.0900000000099781        3.4927026743897610E-002
   3.1000000000099779        3.6242146839598324E-002
   3.1100000000099777        3.7551506077891567E-002
   3.1200000000099775        3.8854231029277861E-002
   3.1300000000099772        4.0149466677214793E-002
   3.1400000000099770        4.1436376828825880E-002
   3.1500000000099768        4.2714144504004709E-002
   3.1600000000099766        4.3981972302891553E-002
   3.1700000000099764        4.5239082751719076E-002
   3.1800000000099762        4.6484718627041163E-002
   3.1900000000099760        4.7718143258376658E-002
   3.2000000000099758        4.8938640809318507E-002
   3.2100000000099755        5.0145516537173904E-002
   3.2200000000099753        5.1338097031218485E-002
   3.2300000000099751        5.2515730429664731E-002
   3.2400000000099749        5.3677786615458842E-002
   3.2500000000099747        5.4823657391037006E-002
   3.2600000000099745        5.5952756632186601E-002
   3.2700000000099743        5.7064520421172535E-002
   3.2800000000099740        5.8158407159303316E-002
   3.2900000000099738        5.9233897659125706E-002
   3.3000000000099736        6.0290495216449455E-002
   3.3100000000099734        6.1327725662418175E-002
   3.3200000000099732        6.2345137395854233E-002
   3.3300000000099730        6.3342301396118919E-002
   3.3400000000099728        6.4318811216740421E-002
   3.3500000000099726        6.5274282960075036E-002
   3.3600000000099723        6.6208355233278504E-002
   3.3700000000099721        6.7120689085874707E-002
   3.3800000000099719        6.8010967929220859E-002
   3.3900000000099717        6.8878897438178627E-002
   3.4000000000099715        6.9724205435311506E-002
   3.4100000000099713        7.0546641757937650E-002
   3.4200000000099711        7.1345978108377672E-002
   3.4300000000099709        7.2122007887747072E-002
   3.4400000000099706        7.2874546013651550E-002
   3.4500000000099704        7.3603428722151101E-002
   3.4600000000099702        7.4308513354369735E-002
   3.4700000000099700        7.4989678128133661E-002
   3.4800000000099698        7.5646821895030386E-002
   3.4900000000099696        7.6279863883287127E-002
   3.5000000000099694        7.6888743426876502E-002
   3.5100000000099691        7.7473419681261868E-002
   3.5200000000099689        7.8033871326203444E-002
   3.5300000000099687        7.8570096256051672E-002
   3.5400000000099685        7.9082111257961316E-002
   3.5500000000099683        7.9569951678463299E-002
   3.5600000000099681        8.0033671078840227E-002
   3.5700000000099679        8.0473340879753164E-002
   3.5800000000099677        8.0889049995574475E-002
   3.5900000000099674        8.1280904458883294E-002
   3.6000000000099672        8.1649027035588365E-002
   3.6100000000099670        8.1993556831141581E-002
   3.6200000000099668        8.2314648888312816E-002
   3.6300000000099666        8.2612473776997875E-002
   3.6400000000099664        8.2887217176533828E-002
   3.6500000000099662        8.3139079450999090E-002
   3.6600000000099659        8.3368275217976268E-002
   3.6700000000099657        8.3575032911258049E-002
   3.6800000000099655        8.3759594337977042E-002
   3.6900000000099653        8.3922214230640668E-002
   3.7000000000099651        8.4063159794553352E-002
   3.7100000000099649        8.4182710251106477E-002
   3.7200000000099647        8.4281156377417385E-002
   3.7300000000099645        8.4358800042796583E-002
   3.7400000000099642        8.4415953742521088E-002
   3.7500000000099640        8.4452940129389836E-002
   3.7600000000099638        8.4470091543534256E-002
   3.7700000000099636        8.4467749540955248E-002
   3.7800000000099634        8.4446264421252665E-002
   3.7900000000099632        8.4405994755012037E-002
   3.8000000000099630        8.4347306911306347E-002
   3.8100000000099628        8.4270574585768310E-002
   3.8200000000099625        8.4176178329682147E-002
   3.8300000000099623        8.4064505080538851E-002
   3.8400000000099621        8.3935947694492849E-002
   3.8500000000099619        8.3790904481150424E-002
   3.8600000000099617        8.3629778741116906E-002
   3.8700000000099615        8.3452978306716941E-002
   3.8800000000099613        8.3260915086299556E-002
   3.8900000000099610        8.3054004612528889E-002
   3.9000000000099608        8.2832665595053076E-002
   3.9100000000099606        8.2597319477936249E-002
   3.9200000000099604        8.2348390002227725E-002
   3.9300000000099602        8.2086302774034156E-002
   3.9400000000099600        8.1811484838449341E-002
   3.9500000000099598        8.1524364259686483E-002
   3.9600000000099596        8.1225369707747783E-002
   3.9700000000099593        8.0914930051953687E-002
   3.9800000000099591        8.0593473961643097E-002
   3.9900000000099589        8.0261429514346755E-002
   4.0000000000099591        7.9919223811719439E-002
   4.0100000000099589        7.9567282603509412E-002
   4.0200000000099587        7.9206029919827420E-002
   4.0300000000099585        7.8835887711967020E-002
   4.0400000000099583        7.8457275502014770E-002
   4.0500000000099581        7.8070610041474864E-002
   4.0600000000099579        7.7676304979121188E-002
   4.0700000000099577        7.7274770538275653E-002
   4.0800000000099574        7.6866413203697068E-002
   4.0900000000099572        7.6451635418254532E-002
   4.1000000000099570        7.6030835289541521E-002
   4.1100000000099568        7.5604406306576652E-002
   4.1200000000099566        7.5172737066721174E-002
   4.1300000000099564        7.4736211012930709E-002
   4.1400000000099562        7.4295206181444237E-002
   4.1500000000099559        7.3850094960000043E-002
   4.1600000000099557        7.3401243856654544E-002
   4.1700000000099555        7.2949013279265895E-002
   4.1800000000099553        7.2493757325691272E-002
   4.1900000000099551        7.2035823584732997E-002
   4.2000000000099549        7.1575552947855212E-002
   4.2100000000099547        7.1113279431680138E-002
   4.2200000000099545        7.0649330011258435E-002
   4.2300000000099542        7.0184024464098396E-002
   4.2400000000099540        6.9717675224921963E-002
   4.2500000000099538        6.9250587251106735E-002
   4.2600000000099536        6.8783057898758965E-002
   4.2700000000099534        6.8315376809351111E-002
   4.2800000000099532        6.7847825806845646E-002
   4.2900000000099530        6.7380678805216407E-002
   4.3000000000099527        6.6914201726266262E-002
   4.3100000000099525        6.6448652427629887E-002
   4.3200000000099523        6.5984280640840276E-002
   4.3300000000099521        6.5521327919326688E-002
   4.3400000000099519        6.5060027596203218E-002
   4.3500000000099517        6.4600604751696558E-002
   4.3600000000099515        6.4143276190053139E-002
   4.3700000000099513        6.3688250425757154E-002
   4.3800000000099510        6.3235727678883566E-002
   4.3900000000099508        6.2785899879400295E-002
   4.4000000000099506        6.2338950680229085E-002
   4.4100000000099504        6.1895055478865563E-002
   4.4200000000099502        6.1454381447352976E-002
   4.4300000000099500        6.1017087570398809E-002
   4.4400000000099498        6.0583324691416404E-002
   4.4500000000099496        6.0153235566269669E-002
   4.4600000000099493        5.9726954924493550E-002
   4.4700000000099491        5.9304609537757888E-002
   4.4800000000099489        5.8886318295340120E-002
   4.4900000000099487        5.8472192286366909E-002
   4.5000000000099485        5.8062334888582284E-002
   4.5100000000099483        5.7656841863397618E-002
   4.5200000000099481        5.7255801456976244E-002
   4.5300000000099478        5.6859294507102684E-002
   4.5400000000099476        5.6467394555586914E-002
   4.5500000000099474        5.6080167965951139E-002
   4.5600000000099472        5.5697674046146992E-002
   4.5700000000099470        5.5319965176050312E-002
   4.5800000000099468        5.4947086939481138E-002
   4.5900000000099466        5.4579078260496156E-002
   4.6000000000099464        5.4215971543702862E-002
   4.6100000000099461        5.3857792818344949E-002
   4.6200000000099459        5.3504561885909616E-002
   4.6300000000099457        5.3156292471010821E-002
   4.6400000000099455        5.2812992375302667E-002
   4.6500000000099453        5.2474663634180713E-002
   4.6600000000099451        5.2141302676031925E-002
   4.6700000000099449        5.1812900483794985E-002
   4.6800000000099446        5.1489442758599360E-002
   4.6900000000099444        5.1170910085250418E-002
   4.7000000000099442        5.0857278099336448E-002
   4.7100000000099440        5.0548517655732816E-002
   4.7200000000099438        5.0244594998286096E-002
   4.7300000000099436        4.9945471930462768E-002
   4.7400000000099434        4.9651105986753333E-002
   4.7500000000099432        4.9361450604626086E-002
   4.7600000000099429        4.9076455296829760E-002
   4.7700000000099427        4.8796065823849516E-002
   4.7800000000099425        4.8520224366325568E-002
   4.7900000000099423        4.8248869697247940E-002
   4.8000000000099421        4.7981937353748158E-002
   4.8100000000099419        4.7719359808310574E-002
   4.8200000000099417        4.7461066639234661E-002
   4.8300000000099415        4.7206984700183030E-002
   4.8400000000099412        4.6957038288655592E-002
   4.8500000000099410        4.6711149313235542E-002
   4.8600000000099408        4.6469237459459092E-002
   4.8700000000099406        4.6231220354165187E-002
   4.8800000000099404        4.5997013728187305E-002
   4.8900000000099402        4.5766531577254840E-002
   4.9000000000099400        4.5539686320976783E-002
   4.9100000000099397        4.5316388959785875E-002
   4.9200000000099395        4.5096549229725960E-002
   4.9300000000099393        4.4880075754971674E-002
   4.9400000000099391        4.4666876197973535E-002
   4.9500000000099389        4.4456857407127473E-002
   4.9600000000099387        4.4249925561871420E-002
   4.9700000000099385        4.4045986315118899E-002
   4.9800000000099383        4.3844944932941624E-002
   4.9900000000099380        4.3646706431419768E-002
