   9.9999999999999994E-012 -0.11048809956564225     
   1.0000000010000001E-002 -0.11040843198811195     
   2.0000000010000001E-002 -0.11015311606785913     
   3.0000000010000000E-002 -0.10972284440675954     
   4.0000000010000002E-002 -0.10911876146465925     
   5.0000000010000004E-002 -0.10834244162179259     
   6.0000000010000006E-002 -0.10739586111178648     
   7.0000000010000007E-002 -0.10628136492611634     
   8.0000000010000002E-002 -0.10500163044025734     
   9.0000000009999997E-002 -0.10355962947435995     
  0.10000000000999999      -0.10195859033031926     
  0.11000000000999999      -0.10020196108605847     
  0.12000000000999998       -9.8293375122472160E-002
  0.13000000000999998       -9.6236619548900587E-002
  0.14000000000999999       -9.4035606909229838E-002
  0.15000000001000000       -9.1694350311314649E-002
  0.16000000001000000       -8.9216941935177624E-002
  0.17000000001000001       -8.6607534740795050E-002
  0.18000000001000002       -8.3870327108708953E-002
  0.19000000001000003       -8.1009550098254321E-002
  0.20000000001000004       -7.8029456990077628E-002
  0.21000000001000005       -7.4934314783407369E-002
  0.22000000001000006       -7.1728397336954755E-002
  0.23000000001000007       -6.8415979869529742E-002
  0.24000000001000008       -6.5001334568040192E-002
  0.25000000001000006       -6.1488727083334124E-002
  0.26000000001000007       -5.7882413726249471E-002
  0.27000000001000007       -5.4186639205946796E-002
  0.28000000001000008       -5.0405634779418812E-002
  0.29000000001000009       -4.6543616704710855E-002
  0.30000000001000010       -4.2604784910846835E-002
  0.31000000001000011       -3.8593321814893500E-002
  0.32000000001000012       -3.4513391231282053E-002
  0.33000000001000013       -3.0369137330739607E-002
  0.34000000001000014       -2.6164683616278411E-002
  0.35000000001000015       -2.1904131891957307E-002
  0.36000000001000015       -1.7591561206837220E-002
  0.37000000001000016       -1.3231026761961293E-002
  0.38000000001000017       -8.8265587725091799E-003
  0.39000000001000018       -4.3821612807012911E-003
  0.40000000001000019        9.8189082283539619E-005
  0.41000000001000020        4.6105443850274347E-003
  0.42000000001000021        9.1509867332814493E-003
  0.43000000001000022        1.3715629652913439E-002
  0.44000000001000023        1.8300619514364541E-002
  0.45000000001000023        2.2902136993954936E-002
  0.46000000001000024        2.7516398566960518E-002
  0.47000000001000025        3.2139658027120072E-002
  0.48000000001000026        3.6768208027103497E-002
  0.49000000001000027        4.1398381634440706E-002
  0.50000000001000022        4.6026553897461089E-002
  0.51000000001000023        5.0649143415901876E-002
  0.52000000001000024        5.5262613911000319E-002
  0.53000000001000025        5.9863475790074741E-002
  0.54000000001000026        6.4448287700818035E-002
  0.55000000001000027        6.9013658070757294E-002
  0.56000000001000028        7.3556246627584740E-002
  0.57000000001000029        7.8072765896315732E-002
  0.58000000001000029        8.2559982669488718E-002
  0.59000000001000030        8.7014719446880689E-002
  0.60000000001000031        9.1433855841469139E-002
  0.61000000001000032        9.5814329948624807E-002
  0.62000000001000033       0.10015313967576955     
  0.63000000001000034       0.10444734402997631     
  0.64000000001000035       0.10869406436122581     
  0.65000000001000036       0.11289048555926312     
  0.66000000001000036       0.11703385720222001     
  0.67000000001000037       0.12112149465538156     
  0.68000000001000038       0.12515078011868142     
  0.69000000001000039       0.12911916362170620     
  0.70000000001000040       0.13302416396517802     
  0.71000000001000041       0.13686336960806278     
  0.72000000001000042       0.14063443949962234     
  0.73000000001000043       0.14433510385589199     
  0.74000000001000044       0.14796316488021413     
  0.75000000001000044       0.15151649742760903     
  0.76000000001000045       0.15499304961289401     
  0.77000000001000046       0.15839084336259407     
  0.78000000001000047       0.16170797491080535     
  0.79000000001000048       0.16494261523928289     
  0.80000000001000049       0.16809301046212977     
  0.81000000001000050       0.17115748215555948     
  0.82000000001000051       0.17413442763329079     
  0.83000000001000052       0.17702232016821695     
  0.84000000001000052       0.17981970916106343     
  0.85000000001000053       0.18252522025681500     
  0.86000000001000054       0.18513755540975324     
  0.87000000001000055       0.18765549289799938     
  0.88000000001000056       0.19007788728850333     
  0.89000000001000057       0.19240366935346176     
  0.90000000001000058       0.19463184593918287     
  0.91000000001000059       0.19676149978844398     
  0.92000000001000060       0.19879178931741462     
  0.93000000001000060       0.20072194834823417     
  0.94000000001000061       0.20255128579834894     
  0.95000000001000062       0.20427918532772504     
  0.96000000001000063       0.20590510494505446     
  0.97000000001000064       0.20742857657407698     
  0.98000000001000065       0.20884920558113590     
  0.99000000001000066       0.21016667026507946     
   1.0000000000100007       0.21138072131061264     
   1.0100000000100007       0.21249118120619143     
   1.0200000000100007       0.21349794362753569     
   1.0300000000100007       0.21440097278781695     
   1.0400000000100007       0.21520030275556157     
   1.0500000000100007       0.21589603674128666     
   1.0600000000100007       0.21648834635386310     
   1.0700000000100007       0.21697747082757296     
   1.0800000000100007       0.21736371622080414     
   1.0900000000100007       0.21764745458729740     
   1.1000000000100008       0.21782912312083233     
   1.1100000000100008       0.21790922327420936     
   1.1200000000100008       0.21788831985335705     
   1.1300000000100008       0.21776704008736350     
   1.1400000000100008       0.21754607267519993     
   1.1500000000100008       0.21722616680987808     
   1.1600000000100008       0.21680813118075043     
   1.1700000000100008       0.21629283295463586     
   1.1800000000100008       0.21568119673642483     
   1.1900000000100008       0.21497420350979046     
   1.2000000000100008       0.21417288955860475     
   1.2100000000100009       0.21327834536963744     
   1.2200000000100009       0.21229171451708478     
   1.2300000000100009       0.21121419252945908     
   1.2400000000100009       0.21004702573934342     
   1.2500000000100009       0.20879151011649852     
   1.2600000000100009       0.20744899008478912     
   1.2700000000100009       0.20602085732338105     
   1.2800000000100009       0.20450854955264397     
   1.2900000000100009       0.20291354930518193     
   1.3000000000100009       0.20123738268240182     
   1.3100000000100009       0.19948161809702036     
   1.3200000000100010       0.19764786500190112     
   1.3300000000100010       0.19573777260560793     
   1.3400000000100010       0.19375302857505539     
   1.3500000000100010       0.19169535772563609     
   1.3600000000100010       0.18956652069920202     
   1.3700000000100010       0.18736831263027959     
   1.3800000000100010       0.18510256180090007     
   1.3900000000100010       0.18277112828443282     
   1.4000000000100010       0.18037590257881356     
   1.4100000000100010       0.17791880422957040     
   1.4200000000100010       0.17540178044305660     
   1.4300000000100010       0.17282680469031500     
   1.4400000000100011       0.17019587530200717     
   1.4500000000100011       0.16751101405485799     
   1.4600000000100011       0.16477426475008095     
   1.4700000000100011       0.16198769178426600     
   1.4800000000100011       0.15915337871322982     
   1.4900000000100011       0.15627342680935000     
   1.5000000000100011       0.15334995361292081     
   1.5100000000100011       0.15038509147809387     
   1.5200000000100011       0.14738098611398545     
   1.5300000000100011       0.14433979512155740     
   1.5400000000100011       0.14126368652690083     
   1.5500000000100012       0.13815483731157630     
   1.5600000000100012       0.13501543194068683     
   1.5700000000100012       0.13184766088938854     
   1.5800000000100012       0.12865371916856264     
   1.5900000000100012       0.12543580485040315     
   1.6000000000100012       0.12219611759469487     
   1.6100000000100012       0.11893685717658396     
   1.6200000000100012       0.11566022201666484     
   1.6300000000100012       0.11236840771423350     
   1.6400000000100012       0.10906360558457850     
   1.6500000000100012       0.10574800120120544     
   1.6600000000100013       0.10242377294390999     
   1.6700000000100013        9.9093090553638977E-002
   1.6800000000100013        9.5758113695095751E-002
   1.6900000000100013        9.2420990528067293E-002
   1.7000000000100013        8.9083856288467295E-002
   1.7100000000100013        8.5748831880105930E-002
   1.7200000000100013        8.2418022478212491E-002
   1.7300000000100013        7.9093516145751150E-002
   1.7400000000100013        7.5777382463580609E-002
   1.7500000000100013        7.2471671175521432E-002
   1.7600000000100013        6.9178410849401364E-002
   1.7700000000100014        6.5899607555156753E-002
   1.7800000000100014        6.2637243561074640E-002
   1.7900000000100014        5.9393276049261187E-002
   1.8000000000100014        5.6169635851424898E-002
   1.8100000000100014        5.2968226206062466E-002
   1.8200000000100014        4.9790921538131763E-002
   1.8300000000100014        4.6639566262291460E-002
   1.8400000000100014        4.3515973610781689E-002
   1.8500000000100014        4.0421924487008293E-002
   1.8600000000100014        3.7359166345884529E-002
   1.8700000000100014        3.4329412101969742E-002
   1.8800000000100014        3.1334339066428366E-002
   1.8900000000100015        2.8375587913816419E-002
   1.9000000000100015        2.5454761679681193E-002
   1.9100000000100015        2.2573424789939525E-002
   1.9200000000100015        1.9733102122974383E-002
   1.9300000000100015        1.6935278105363882E-002
   1.9400000000100015        1.4181395842129588E-002
   1.9500000000100015        1.1472856282359140E-002
   1.9600000000100015        8.8110174210263986E-003
   1.9700000000100015        6.1971935377996140E-003
   1.9800000000100015        3.6326544735895139E-003
   1.9900000000100015        1.1186249455547304E-003
   2.0000000000100013       -1.3437160987613689E-003
   2.0100000000100011       -3.7532360875255077E-003
   2.0200000000100009       -6.1088493903500990E-003
   2.0300000000100007       -8.4095178431203149E-003
   2.0400000000100005       -1.0654251231410783E-002
   2.0500000000100003       -1.2842107732035313E-002
   2.0600000000100001       -1.4972194312322579E-002
   2.0700000000099998       -1.7043667086757891E-002
   2.0800000000099996       -1.9055731630683415E-002
   2.0900000000099994       -2.1007643250798153E-002
   2.1000000000099992       -2.2898707212251623E-002
   2.1100000000099990       -2.4728278922177882E-002
   2.1200000000099988       -2.6495764069568023E-002
   2.1300000000099986       -2.8200618721434631E-002
   2.1400000000099983       -2.9842349375272331E-002
   2.1500000000099981       -3.1420512967875527E-002
   2.1600000000099979       -3.2934716840625669E-002
   2.1700000000099977       -3.4384618661415400E-002
   2.1800000000099975       -3.5769926303430136E-002
   2.1900000000099973       -3.7090397681061565E-002
   2.2000000000099971       -3.8345840543278206E-002
   2.2100000000099969       -3.9536112224833747E-002
   2.2200000000099966       -4.0661119355743014E-002
   2.2300000000099964       -4.1720817529507501E-002
   2.2400000000099962       -4.2715210930621625E-002
   2.2500000000099960       -4.3644351921942007E-002
   2.2600000000099958       -4.4508340592546200E-002
   2.2700000000099956       -4.5307324266760027E-002
   2.2800000000099954       -4.6041496975071650E-002
   2.2900000000099952       -4.6711098887700780E-002
   2.3000000000099949       -4.7316415711629686E-002
   2.3100000000099947       -4.7857778051947727E-002
   2.3200000000099945       -4.8335560738397843E-002
   2.3300000000099943       -4.8750182118053334E-002
   2.3400000000099941       -4.9102103315090115E-002
   2.3500000000099939       -4.9391827458650964E-002
   2.3600000000099937       -4.9619898879836546E-002
   2.3700000000099934       -4.9786902278882827E-002
   2.3800000000099932       -4.9893461863618177E-002
   2.3900000000099930       -4.9940240460317226E-002
   2.4000000000099928       -4.9927938598095689E-002
   2.4100000000099926       -4.9857293568011357E-002
   2.4200000000099924       -4.9729078458059336E-002
   2.4300000000099922       -4.9544101165265100E-002
   2.4400000000099920       -4.9303203386101099E-002
   2.4500000000099917       -4.9007259586459281E-002
   2.4600000000099915       -4.8657175952432838E-002
   2.4700000000099913       -4.8253889323164240E-002
   2.4800000000099911       -4.7798366107028617E-002
   2.4900000000099909       -4.7291601182425771E-002
   2.5000000000099907       -4.6734616784459587E-002
   2.5100000000099905       -4.6128461378785318E-002
   2.5200000000099902       -4.5474208523904325E-002
   2.5300000000099900       -4.4772955723185875E-002
   2.5400000000099898       -4.4025823267890687E-002
   2.5500000000099896       -4.3233953072465012E-002
   2.5600000000099894       -4.2398507503368654E-002
   2.5700000000099892       -4.1520668202687308E-002
   2.5800000000099890       -4.0601634907773923E-002
   2.5900000000099888       -3.9642624268145896E-002
   2.6000000000099885       -3.8644868660854759E-002
   2.6100000000099883       -3.7609615005526925E-002
   2.6200000000099881       -3.6538123580258666E-002
   2.6300000000099879       -3.5431666839527698E-002
   2.6400000000099877       -3.4291528235266350E-002
   2.6500000000099875       -3.3119001042218515E-002
   2.6600000000099873       -3.1915387188680200E-002
   2.6700000000099871       -3.0681996093701078E-002
   2.6800000000099868       -2.9420143511798849E-002
   2.6900000000099866       -2.8131150386213555E-002
   2.7000000000099864       -2.6816341711701774E-002
   2.7100000000099862       -2.5477045407843957E-002
   2.7200000000099860       -2.4114591203810681E-002
   2.7300000000099858       -2.2730309535503576E-002
   2.7400000000099856       -2.1325530455958433E-002
   2.7500000000099853       -1.9901582559869180E-002
   2.7600000000099851       -1.8459791923058411E-002
   2.7700000000099849       -1.7001481057692655E-002
   2.7800000000099847       -1.5527967884007496E-002
   2.7900000000099845       -1.4040564719277948E-002
   2.8000000000099843       -1.2540577284736856E-002
   2.8100000000099841       -1.1029303731113244E-002
   2.8200000000099839       -9.5080336834318796E-003
   2.8300000000099836       -7.9780473056815793E-003
   2.8400000000099834       -6.4406143859303683E-003
   2.8500000000099832       -4.8969934424333283E-003
   2.8600000000099830       -3.3484308512475441E-003
   2.8700000000099828       -1.7961599958377233E-003
   2.8800000000099826       -2.4140043912579401E-004
   2.8900000000099824        1.3146428815941497E-003
   2.9000000000099821        2.8707804364825618E-003
   2.9100000000099819        4.4258388613614280E-003
   2.9200000000099817        5.9786616919682428E-003
   2.9300000000099815        7.5281100739534312E-003
   2.9400000000099813        9.0730634483459083E-003
   2.9500000000099811        1.0612420212239917E-002
   2.9600000000099809        1.2145098354483713E-002
   2.9700000000099807        1.3670036066177046E-002
   2.9800000000099804        1.5186192325812434E-002
   2.9900000000099802        1.6692547458919613E-002
   3.0000000000099800        1.8188103672098999E-002
   3.0100000000099798        1.9671885561354338E-002
   3.0200000000099796        2.1142940594659237E-002
   3.0300000000099794        2.2600339568715475E-002
   3.0400000000099792        2.4043177039885025E-002
   3.0500000000099790        2.5470571729298633E-002
   3.0600000000099787        2.6881666902167659E-002
   3.0700000000099785        2.8275630721345354E-002
   3.0800000000099783        2.9651656575205146E-002
   3.0900000000099781        3.1008963379924745E-002
   3.1000000000099779        3.2346795856282001E-002
   3.1100000000099777        3.3664424781089733E-002
   3.1200000000099775        3.4961147213413757E-002
   3.1300000000099772        3.6236286695737488E-002
   3.1400000000099770        3.7489193430251769E-002
   3.1500000000099768        3.8719244430467925E-002
   3.1600000000099766        3.9925843648366155E-002
   3.1700000000099764        4.1108422077308734E-002
   3.1800000000099762        4.2266437830961859E-002
   3.1900000000099760        4.3399376198484885E-002
   3.2000000000099758        4.4506749676261378E-002
   3.2100000000099755        4.5588097976457118E-002
   3.2200000000099753        4.6642988012708456E-002
   3.2300000000099751        4.7671013863252940E-002
   3.2400000000099749        4.8671796711828835E-002
   3.2500000000099747        4.9644984766683636E-002
   3.2600000000099745        5.0590253158040235E-002
   3.2700000000099743        5.1507303814384772E-002
   3.2800000000099740        5.2395865317947474E-002
   3.2900000000099738        5.3255692739762134E-002
   3.3000000000099736        5.4086567454697809E-002
   3.3100000000099734        5.4888296936867240E-002
   3.3200000000099732        5.5660714535826689E-002
   3.3300000000099730        5.6403679233990672E-002
   3.3400000000099728        5.7117075385694577E-002
   3.3500000000099726        5.7800812438346824E-002
   3.3600000000099723        5.8454824636120922E-002
   3.3700000000099721        5.9079070706645392E-002
   3.3800000000099719        5.9673533531158757E-002
   3.3900000000099717        6.0238219798602846E-002
   3.4000000000099715        6.0773159644135863E-002
   3.4100000000099713        6.1278406272553793E-002
   3.4200000000099711        6.1754035567114701E-002
   3.4300000000099709        6.2200145684268099E-002
   3.4400000000099706        6.2616856634795895E-002
   3.4500000000099704        6.3004309851879353E-002
   3.4600000000099702        6.3362667746610452E-002
   3.4700000000099700        6.3692113251471200E-002
   3.4800000000099698        6.3992849352310713E-002
   3.4900000000099696        6.4265098609352880E-002
   3.5000000000099694        6.4509102667772072E-002
   3.5100000000099691        6.4725121758378953E-002
   3.5200000000099689        6.4913434188960659E-002
   3.5300000000099687        6.5074335826823551E-002
   3.5400000000099685        6.5208139573089963E-002
   3.5500000000099683        6.5315174829300784E-002
   3.5600000000099681        6.5395786956880864E-002
   3.5700000000099679        6.5450336730022360E-002
   3.5800000000099677        6.5479199782544836E-002
   3.5900000000099674        6.5482766049291222E-002
   3.6000000000099672        6.5461439202617877E-002
   3.6100000000099670        6.5415636084538833E-002
   3.6200000000099668        6.5345786135081643E-002
   3.6300000000099666        6.5252330817414370E-002
   3.6400000000099664        6.5135723040297133E-002
   3.6500000000099662        6.4996426578416241E-002
   3.6600000000099659        6.4834915491149683E-002
   3.6700000000099657        6.4651673540314994E-002
   3.6800000000099655        6.4447193607445802E-002
   3.6900000000099653        6.4221977111137946E-002
   3.7000000000099651        6.3976533425004992E-002
   3.7100000000099649        6.3711379296774687E-002
   3.7200000000099647        6.3427038269055575E-002
   3.7300000000099645        6.3124040102296677E-002
   3.7400000000099642        6.2802920200454443E-002
   3.7500000000099640        6.2464219039878782E-002
   3.7600000000099638        6.2108481601919022E-002
   3.7700000000099636        6.1736256809744941E-002
   3.7800000000099634        6.1348096969869537E-002
   3.7900000000099632        6.0944557218850753E-002
   3.8000000000099630        6.0526194975641601E-002
   3.8100000000099628        6.0093569400047647E-002
   3.8200000000099625        5.9647240857740619E-002
   3.8300000000099623        5.9187770392266595E-002
   3.8400000000099621        5.8715719204477657E-002
   3.8500000000099619        5.8231648139801376E-002
   3.8600000000099617        5.7736117183754057E-002
   3.8700000000099615        5.7229684966089309E-002
   3.8800000000099613        5.6712908273961998E-002
   3.8900000000099610        5.6186341574473553E-002
   3.9000000000099608        5.5650536546952220E-002
   3.9100000000099606        5.5106041625308383E-002
   3.9200000000099604        5.4553401550790068E-002
   3.9300000000099602        5.3993156935448816E-002
   3.9400000000099600        5.3425843836614736E-002
   3.9500000000099598        5.2851993342660206E-002
   3.9600000000099596        5.2272131170320035E-002
   3.9700000000099593        5.1686777273818318E-002
   3.9800000000099591        5.1096445466038240E-002
   3.9900000000099589        5.0501643051953968E-002
   4.0000000000099591        4.9902870474528460E-002
   4.0100000000099589        4.9300620973264514E-002
   4.0200000000099587        4.8695380255581136E-002
   4.0300000000099585        4.8087626181169907E-002
   4.0400000000099583        4.7477828459469726E-002
   4.0500000000099581        4.6866448360382645E-002
   4.0600000000099579        4.6253938438336570E-002
   4.0700000000099577        4.5640742269784165E-002
   4.0800000000099574        4.5027294204210727E-002
   4.0900000000099572        4.4414019128708015E-002
   4.1000000000099570        4.3801332246154248E-002
   4.1100000000099568        4.3189638867024635E-002
   4.1200000000099566        4.2579334214840101E-002
   4.1300000000099564        4.1970803245247365E-002
   4.1400000000099562        4.1364420478706476E-002
   4.1500000000099559        4.0760549846746472E-002
   4.1600000000099557        4.0159544551736384E-002
   4.1700000000099555        3.9561746940101020E-002
   4.1800000000099553        3.8967488388898158E-002
   4.1900000000099551        3.8377089205659271E-002
   4.2000000000099549        3.7790858541380465E-002
   4.2100000000099547        3.7209094316537669E-002
   4.2200000000099545        3.6632083159986312E-002
   4.2300000000099542        3.6060100360592998E-002
   4.2400000000099540        3.5493409831432246E-002
   4.2500000000099538        3.4932264086372580E-002
   4.2600000000099536        3.4376904228859848E-002
   4.2700000000099534        3.3827559952698205E-002
   4.2800000000099532        3.3284449554616222E-002
   4.2900000000099530        3.2747779958394466E-002
   4.3000000000099527        3.2217746750323045E-002
   4.3100000000099525        3.1694534225745516E-002
   4.3200000000099523        3.1178315446438565E-002
   4.3300000000099521        3.0669252308566458E-002
   4.3400000000099519        3.0167495620942994E-002
   4.3500000000099517        2.9673185193323931E-002
   4.3600000000099515        2.9186449934448272E-002
   4.3700000000099513        2.8707407959538314E-002
   4.3800000000099510        2.8236166706962718E-002
   4.3900000000099508        2.7772823063762234E-002
   4.4000000000099506        2.7317463499732159E-002
   4.4100000000099504        2.6870164209750330E-002
   4.4200000000099502        2.6430991264037265E-002
   4.4300000000099500        2.6000000766030248E-002
   4.4400000000099498        2.5577239017550560E-002
   4.4500000000099496        2.5162742690940959E-002
   4.4600000000099493        2.4756539007848938E-002
   4.4700000000099491        2.4358645924328223E-002
   4.4800000000099489        2.3969072321932391E-002
   4.4900000000099487        2.3587818204472630E-002
   4.5000000000099485        2.3214874900111190E-002
   4.5100000000099483        2.2850225268464211E-002
   4.5200000000099481        2.2493843912387637E-002
   4.5300000000099478        2.2145697394120478E-002
   4.5400000000099476        2.1805744455463058E-002
   4.5500000000099474        2.1473936241669295E-002
   4.5600000000099472        2.1150216528734042E-002
   4.5700000000099470        2.0834521953760454E-002
   4.5800000000099468        2.0526782248095635E-002
   4.5900000000099466        2.0226920472925250E-002
   4.6000000000099464        1.9934853257023252E-002
   4.6100000000099461        1.9650491036356924E-002
   4.6200000000099459        1.9373738295250340E-002
   4.6300000000099457        1.9104493808817097E-002
   4.6400000000099455        1.8842650886375711E-002
   4.6500000000099453        1.8588097615568080E-002
   4.6600000000099451        1.8340717106906004E-002
   4.6700000000099449        1.8100387738477358E-002
   4.6800000000099446        1.7866983400549180E-002
   4.6900000000099444        1.7640373739810880E-002
   4.7000000000099442        1.7420424403007478E-002
   4.7100000000099440        1.7206997279719180E-002
   4.7200000000099438        1.6999950744050432E-002
   4.7300000000099436        1.6799139894997220E-002
   4.7400000000099434        1.6604416795270069E-002
   4.7500000000099432        1.6415630708355222E-002
   4.7600000000099429        1.6232628333605101E-002
   4.7700000000099427        1.6055254039153824E-002
   4.7800000000099425        1.5883350092463874E-002
   4.7900000000099423        1.5716756888313629E-002
   4.8000000000099421        1.5555313174045321E-002
   4.8100000000099419        1.5398856271897673E-002
   4.8200000000099417        1.5247222298256605E-002
   4.8300000000099415        1.5100246379662910E-002
   4.8400000000099412        1.4957762865423163E-002
   4.8500000000099410        1.4819605536677313E-002
   4.8600000000099408        1.4685607811783380E-002
   4.8700000000099406        1.4555602947884744E-002
   4.8800000000099404        1.4429424238535410E-002
   4.8900000000099402        1.4306905207262244E-002
   4.9000000000099400        1.4187879796950173E-002
   4.9100000000099397        1.4072182554945356E-002
   4.9200000000099395        1.3959648813773776E-002
   4.9300000000099393        1.3850114867381372E-002
   4.9400000000099391        1.3743418142808300E-002
   4.9500000000099389        1.3639397367212883E-002
   4.9600000000099387        1.3537892730170614E-002
   4.9700000000099385        1.3438746041176633E-002
   4.9800000000099383        1.3341800882285718E-002
   4.9900000000099380        1.3246902755831610E-002
