   9.9999999999999994E-012  0.99102996600913085     
   1.0000000010000001E-002  0.99064499698485231     
   2.0000000010000001E-002  0.98949080278547696     
   3.0000000010000000E-002  0.98756949416499007     
   4.0000000010000002E-002  0.98488449965770197     
   5.0000000010000004E-002  0.98144044322133650     
   6.0000000010000006E-002  0.97724299409535276     
   7.0000000010000007E-002  0.97229870530887852     
   8.0000000010000002E-002  0.96661485661379398     
   9.0000000009999997E-002  0.96019931485202981     
  0.10000000000999999       0.95306042073505781     
  0.11000000000999999       0.94520690662552942     
  0.12000000000999998       0.93664784591860872     
  0.13000000000999998       0.92739263150290774     
  0.14000000000999999       0.91745097872875703     
  0.15000000001000000       0.90683294728373887     
  0.16000000001000000       0.89554897618677898     
  0.17000000001000001       0.88360992651818671     
  0.18000000001000002       0.87102712726339016     
  0.19000000001000003       0.85781242056326135     
  0.20000000001000004       0.84397820358922027     
  0.21000000001000005       0.82953746510570414     
  0.22000000001000006       0.81450381549908568     
  0.23000000001000007       0.79889150962554245     
  0.24000000001000008       0.78271546226599975     
  0.25000000001000006       0.76599125629055764     
  0.26000000001000007       0.74873514384888051     
  0.27000000001000007       0.73096404103839530     
  0.28000000001000008       0.71269551657845998     
  0.29000000001000009       0.69394777505246941     
  0.30000000001000010       0.67473963528449887     
  0.31000000001000011       0.65509050440274685     
  0.32000000001000012       0.63502034811626384     
  0.33000000001000013       0.61454965769964398     
  0.34000000001000014       0.59369941414612448     
  0.35000000001000015       0.57249104991532951     
  0.36000000001000015       0.55094640866908862     
  0.37000000001000016       0.52908770335819055     
  0.38000000001000017       0.50693747299492098     
  0.39000000001000018       0.48451853842079673     
  0.40000000001000019       0.46185395735594020     
  0.41000000001000020       0.43896697899577697     
  0.42000000001000021       0.41588099840189763     
  0.43000000001000022       0.39261951091670977     
  0.44000000001000023       0.36920606681563012     
  0.45000000001000023       0.34566422639576366     
  0.46000000001000024       0.32201751568606379     
  0.47000000001000025       0.29828938295066665     
  0.48000000001000026       0.27450315614429122     
  0.49000000001000027       0.25068200146616360     
  0.50000000001000022       0.22684888314676788     
  0.51000000001000023       0.20302652458977680     
  0.52000000001000024       0.17923737097973458     
  0.53000000001000025       0.15550355345441860     
  0.54000000001000026       0.13184685492929712     
  0.55000000001000027       0.10828867765012984     
  0.56000000001000028        8.4850012538541533E-002
  0.57000000001000029        6.1551410384369322E-002
  0.58000000001000029        3.8412954927763136E-002
  0.59000000001000030        1.5454237863454082E-002
  0.60000000001000031       -7.3056642106779229E-003
  0.61000000001000032       -2.9848210888553502E-002
  0.62000000001000033       -5.2155417091763377E-002
  0.63000000001000034       -7.4209870252940180E-002
  0.64000000001000035       -9.5994745561953018E-002
  0.65000000001000036      -0.11749381929851137     
  0.66000000001000036      -0.13869148028253070     
  0.67000000001000037      -0.15957273948084533     
  0.68000000001000038      -0.18012323781554868     
  0.69000000001000039      -0.20032925222536058     
  0.70000000001000040      -0.22017770003697351     
  0.71000000001000041      -0.23965614170829524     
  0.72000000001000042      -0.25875278200988333     
  0.73000000001000043      -0.27745646971466470     
  0.74000000001000044      -0.29575669586924930     
  0.75000000001000044      -0.31364359072279513     
  0.76000000001000045      -0.33110791939147438     
  0.77000000001000046      -0.34814107633814506     
  0.78000000001000047      -0.36473507874786643     
  0.79000000001000048      -0.38088255888043587     
  0.80000000001000049      -0.39657675548118720     
  0.81000000001000050      -0.41181150433091551     
  0.82000000001000051      -0.42658122801499243     
  0.83000000001000052      -0.44088092499055342     
  0.84000000001000052      -0.45470615802909231     
  0.85000000001000053      -0.46805304210993565     
  0.86000000001000054      -0.48091823183789373     
  0.87000000001000055      -0.49329890845596963     
  0.88000000001000056      -0.50519276652133160     
  0.89000000001000057      -0.51659800030989722     
  0.90000000001000058      -0.52751329001183844     
  0.91000000001000059      -0.53793778777712575     
  0.92000000001000060      -0.54787110366694292     
  0.93000000001000060      -0.55731329156340081     
  0.94000000001000061      -0.56626483508653636     
  0.95000000001000062      -0.57472663356407483     
  0.96000000001000063      -0.58269998809593526     
  0.97000000001000064      -0.59018658775193145     
  0.98000000001000065      -0.59718849593764411     
  0.99000000001000066      -0.60370813695998460     
   1.0000000000100007      -0.60974828282057447     
   1.0100000000100007      -0.61531204026174724     
   1.0200000000100007      -0.62040283808673435     
   1.0300000000100007      -0.62502441477245496     
   1.0400000000100007      -0.62918080639028828     
   1.0500000000100007      -0.63287633484728711     
   1.0600000000100007      -0.63611559645748816     
   1.0700000000100007      -0.63890345085029732     
   1.0800000000100007      -0.64124501022039981     
   1.0900000000100007      -0.64314562892123539     
   1.1000000000100008      -0.64461089340182931     
   1.1100000000100008      -0.64564661248464805     
   1.1200000000100008      -0.64625880798018942     
   1.1300000000100008      -0.64645370563218862     
   1.1400000000100008      -0.64623772638565113     
   1.1500000000100008      -0.64561747796839131     
   1.1600000000100008      -0.64459974677537724     
   1.1700000000100008      -0.64319149004393439     
   1.1800000000100008      -0.64139982830676812     
   1.1900000000100008      -0.63923203810880014     
   1.2000000000100008      -0.63669554497298975     
   1.2100000000100009      -0.63379791659962015     
   1.2200000000100009      -0.63054685628296459     
   1.2300000000100009      -0.62695019652880901     
   1.2400000000100009      -0.62301589285599612     
   1.2500000000100009      -0.61875201776494637     
   1.2600000000100009      -0.61416675485604100     
   1.2700000000100009      -0.60926839308075675     
   1.2800000000100009      -0.60406532110858480     
   1.2900000000100009      -0.59856602179298146     
   1.3000000000100009      -0.59277906671992353     
   1.3100000000100009      -0.58671311082305178     
   1.3200000000100010      -0.58037688704987611     
   1.3300000000100010      -0.57377920106409797     
   1.3400000000100010      -0.56692892596974376     
   1.3500000000100010      -0.55983499704353146     
   1.3600000000100010      -0.55250640646266469     
   1.3700000000100010      -0.54495219801609285     
   1.3800000000100010      -0.53718146178816695     
   1.3900000000100010      -0.52920332880455967     
   1.4000000000100010      -0.52102696563129947     
   1.4100000000100010      -0.51266156891878478     
   1.4200000000100010      -0.50411635988369496     
   1.4300000000100010      -0.49540057872278265     
   1.4400000000100011      -0.48652347895362447     
   1.4500000000100011      -0.47749432167851530     
   1.4600000000100011      -0.46832236976879749     
   1.4700000000100011      -0.45901688196803531     
   1.4800000000100011      -0.44958710691355341     
   1.4900000000100011      -0.44004227707696109     
   1.5000000000100011      -0.43039160262536946     
   1.5100000000100011      -0.42064426520607956     
   1.5200000000100011      -0.41080941165855889     
   1.5300000000100011      -0.40089614765853820     
   1.5400000000100011      -0.39091353130004114     
   1.5500000000100012      -0.38087056662209190     
   1.5600000000100012      -0.37077619708775006     
   1.5700000000100012      -0.36063929902396297     
   1.5800000000100012      -0.35046867503152390     
   1.5900000000100012      -0.34027304737516789     
   1.6000000000100012      -0.33006105136451469     
   1.6100000000100012      -0.31984122873719512     
   1.6200000000100012      -0.30962202105604819     
   1.6300000000100012      -0.29941176313277384     
   1.6400000000100012      -0.28921867649084321     
   1.6500000000100012      -0.27905086288082692     
   1.6600000000100013      -0.26891629786158028     
   1.6700000000100013      -0.25882282446093974     
   1.6800000000100013      -0.24877814692972389     
   1.6900000000100013      -0.23878982460289794     
   1.7000000000100013      -0.22886526588176487     
   1.7100000000100013      -0.21901172235096644     
   1.7200000000100013      -0.20923628304394226     
   1.7300000000100013      -0.19954586887028289     
   1.7400000000100013      -0.18994722721814103     
   1.7500000000100013      -0.18044692674452839     
   1.7600000000100013      -0.17105135236592706     
   1.7700000000100014      -0.16176670046119312     
   1.7800000000100014      -0.15259897429821970     
   1.7900000000100014      -0.14355397969526779     
   1.8000000000100014      -0.13463732092726838     
   1.8100000000100014      -0.12585439688674924     
   1.8200000000100014      -0.11721039750835043     
   1.8300000000100014      -0.10871030046517301     
   1.8400000000100014      -0.10035886814444508     
   1.8500000000100014       -9.2160644909216119E-002
   1.8600000000100014       -8.4119954651981216E-002
   1.8700000000100014       -7.6240898645322963E-002
   1.8800000000100014       -6.8527353693820667E-002
   1.8900000000100015       -6.0982970590637411E-002
   1.9000000000100015       -5.3611172881348167E-002
   1.9100000000100015       -4.6415155936724496E-002
   1.9200000000100015       -3.9397886335349443E-002
   1.9300000000100015       -3.2562101556099142E-002
   1.9400000000100015       -2.5910309979704439E-002
   1.9500000000100015       -1.9444791197796130E-002
   1.9600000000100015       -1.3167596627046172E-002
   1.9700000000100015       -7.0805504252480726E-003
   1.9800000000100015       -1.1852507054346719E-003
   1.9900000000100015        4.5169289565873388E-003
   2.0000000000100013        1.0024837726593114E-002
   2.0100000000100011        1.5337545434152226E-002
   2.0200000000100009        2.0454340219284450E-002
   2.0300000000100007        2.5374725910734426E-002
   2.0400000000100005        3.0098419143591099E-002
   2.0500000000100003        3.4625346224489872E-002
   2.0600000000100001        3.8955639753109741E-002
   2.0700000000099998        4.3089635009110935E-002
   2.0800000000099996        4.7027866114053067E-002
   2.0900000000099994        5.0771061978186691E-002
   2.1000000000099992        5.4320142042325478E-002
   2.1100000000099990        5.7676211825279433E-002
   2.1200000000099988        6.0840558287560534E-002
   2.1300000000099986        6.3814645022272382E-002
   2.1400000000099983        6.6600107284245522E-002
   2.1500000000099981        6.9198746868603458E-002
   2.1600000000099979        7.1612526850025518E-002
   2.1700000000099977        7.3843566194020369E-002
   2.1800000000099975        7.5894134251537765E-002
   2.1900000000099973        7.7766645148229036E-002
   2.2000000000099971        7.9463652079615227E-002
   2.2100000000099969        8.0987841523345844E-002
   2.2200000000099966        8.2342027379622804E-002
   2.2300000000099964        8.3529145050733292E-002
   2.2400000000099962        8.4552245470479126E-002
   2.2500000000099960        8.5414489094108925E-002
   2.2600000000099958        8.6119139859163363E-002
   2.2700000000099956        8.6669559127421303E-002
   2.2800000000099954        8.7069199617899787E-002
   2.2900000000099952        8.7321599340609929E-002
   2.3000000000099949        8.7430375540502231E-002
   2.3100000000099947        8.7399218660758421E-002
   2.3200000000099945        8.7231886334296571E-002
   2.3300000000099943        8.6932197412057335E-002
   2.3400000000099941        8.6504026036333698E-002
   2.3500000000099939        8.5951295767091207E-002
   2.3600000000099937        8.5277973768910262E-002
   2.3700000000099934        8.4488065065856599E-002
   2.3800000000099932        8.3585606871264179E-002
   2.3900000000099930        8.2574662999085308E-002
   2.4000000000099928        8.1459318363136760E-002
   2.4100000000099926        8.0243673570245158E-002
   2.4200000000099924        7.8931839612965557E-002
   2.4300000000099922        7.7527932667227600E-002
   2.4400000000099920        7.6036068999939380E-002
   2.4500000000099917        7.4460359991264019E-002
   2.4600000000099915        7.2804907275969152E-002
   2.4700000000099913        7.1073798007940808E-002
   2.4800000000099911        6.9271100251649675E-002
   2.4900000000099909        6.7400858504058608E-002
   2.5000000000099907        6.5467089350167124E-002
   2.5100000000099905        6.3473777255102865E-002
   2.5200000000099902        6.1424870495387029E-002
   2.5300000000099900        5.9324277231728839E-002
   2.5400000000099898        5.7175861725433971E-002
   2.5500000000099896        5.4983440700252295E-002
   2.5600000000099894        5.2750779851233318E-002
   2.5700000000099892        5.0481590501912456E-002
   2.5800000000099890        4.8179526410905900E-002
   2.5900000000099888        4.5848180728761748E-002
   2.6000000000099885        4.3491083105680998E-002
   2.6100000000099883        4.1111696950505532E-002
   2.6200000000099881        3.8713416841149678E-002
   2.6300000000099879        3.6299566086447216E-002
   2.6400000000099877        3.3873394439178105E-002
   2.6500000000099875        3.1438075959845491E-002
   2.6600000000099873        2.8996707030580899E-002
   2.6700000000099871        2.6552304518370345E-002
   2.6800000000099868        2.4107804086614115E-002
   2.6900000000099866        2.1666058653860960E-002
   2.7000000000099864        1.9229836998385982E-002
   2.7100000000099862        1.6801822507122262E-002
   2.7200000000099860        1.4384612067295601E-002
   2.7300000000099858        1.1980715098961679E-002
   2.7400000000099856        9.5925527264978609E-003
   2.7500000000099853        7.2224570869595245E-003
   2.7600000000099851        4.8726707730759097E-003
   2.7700000000099849        2.5453464085276436E-003
   2.7800000000099847        2.4254635302487434E-004
   2.7900000000099845       -2.0337574654181161E-003
   2.8000000000099843       -4.2816835937299113E-003
   2.8100000000099841       -6.4994409753784607E-003
   2.8200000000099839       -8.6853287532501801E-003
   2.8300000000099836       -1.0837735956844001E-002
   2.8400000000099834       -1.2955141076906091E-002
   2.8500000000099832       -1.5036111530719914E-002
   2.8600000000099830       -1.7079303021348708E-002
   2.8700000000099828       -1.9083458794205029E-002
   2.8800000000099826       -2.1047408794393766E-002
   2.8900000000099824       -2.2970068728340429E-002
   2.9000000000099821       -2.4850439033277542E-002
   2.9100000000099819       -2.6687603758215613E-002
   2.9200000000099817       -2.8480729360074626E-002
   2.9300000000099815       -3.0229063418693931E-002
   2.9400000000099813       -3.1931933274475466E-002
   2.9500000000099811       -3.3588744592447546E-002
   2.9600000000099809       -3.5198979856558496E-002
   2.9700000000099807       -3.6762196798032790E-002
   2.9800000000099804       -3.8278026761631043E-002
   2.9900000000099802       -3.9746173013666959E-002
   3.0000000000099800       -4.1166408995632377E-002
   3.0100000000099798       -4.2538576527280297E-002
   3.0200000000099796       -4.3862583963003444E-002
   3.0300000000099794       -4.5138404305332627E-002
   3.0400000000099792       -4.6366073279356476E-002
   3.0500000000099790       -4.7545687371839146E-002
   3.0600000000099787       -4.8677401838779520E-002
   3.0700000000099785       -4.9761428685119714E-002
   3.0800000000099783       -5.0798034620267642E-002
   3.0900000000099781       -5.1787538993053314E-002
   3.1000000000099779       -5.2730311709684383E-002
   3.1100000000099777       -5.3626771138212806E-002
   3.1200000000099775       -5.4477382002962704E-002
   3.1300000000099772       -5.5282653272304291E-002
   3.1400000000099770       -5.6043136043091676E-002
   3.1500000000099768       -5.6759421425007804E-002
   3.1600000000099766       -5.7432138427984260E-002
   3.1700000000099764       -5.8061951855784957E-002
   3.1800000000099762       -5.8649560208757799E-002
   3.1900000000099760       -5.9195693598673979E-002
   3.2000000000099758       -5.9701111678485255E-002
   3.2100000000099755       -6.0166601589737835E-002
   3.2200000000099753       -6.0592975930287972E-002
   3.2300000000099751       -6.0981070744868429E-002
   3.2400000000099749       -6.1331743540956149E-002
   3.2500000000099747       -6.1645871332292809E-002
   3.2600000000099745       -6.1924348712306822E-002
   3.2700000000099743       -6.2168085959584528E-002
   3.2800000000099740       -6.2378007177431791E-002
   3.2900000000099738       -6.2555048469464358E-002
   3.3000000000099736       -6.2700156153057809E-002
   3.3100000000099734       -6.2814285012382245E-002
   3.3200000000099732       -6.2898396592638794E-002
   3.3300000000099730       -6.2953457537009497E-002
   3.3400000000099728       -6.2980437967721944E-002
   3.3500000000099726       -6.2980309912525789E-002
   3.3600000000099723       -6.2954045777768225E-002
   3.3700000000099721       -6.2902616869151287E-002
   3.3800000000099719       -6.2826991961145301E-002
   3.3900000000099717       -6.2728135915929711E-002
   3.4000000000099715       -6.2607008352626184E-002
   3.4100000000099713       -6.2464562367486452E-002
   3.4200000000099711       -6.2301743305594647E-002
   3.4300000000099709       -6.2119487584543331E-002
   3.4400000000099706       -6.1918721570442661E-002
   3.4500000000099704       -6.1700360506525220E-002
   3.4600000000099702       -6.1465307494511956E-002
   3.4700000000099700       -6.1214452528812288E-002
   3.4800000000099698       -6.0948671583538186E-002
   3.4900000000099696       -6.0668825752223876E-002
   3.5000000000099694       -6.0375760440054382E-002
   3.5100000000099691       -6.0070304608322536E-002
   3.5200000000099689       -5.9753270070751728E-002
   3.5300000000099687       -5.9425450841241609E-002
   3.5400000000099685       -5.9087622532519479E-002
   3.5500000000099683       -5.8740541805104608E-002
   3.5600000000099681       -5.8384945865924354E-002
   3.5700000000099679       -5.8021552015852018E-002
   3.5800000000099677       -5.7651057245374539E-002
   3.5900000000099674       -5.7274137877535769E-002
   3.6000000000099672       -5.6891449257245652E-002
   3.6100000000099670       -5.6503625485990992E-002
   3.6200000000099668       -5.6111279200933784E-002
   3.6300000000099666       -5.5715001397337191E-002
   3.6400000000099664       -5.5315361293215640E-002
   3.6500000000099662       -5.4912906235066318E-002
   3.6600000000099659       -5.4508161643504825E-002
   3.6700000000099657       -5.4101630997594088E-002
   3.6800000000099655       -5.3693795856628382E-002
   3.6900000000099653       -5.3285115918109340E-002
   3.7000000000099651       -5.2876029110628289E-002
   3.7100000000099649       -5.2466951720353185E-002
   3.7200000000099647       -5.2058278549801808E-002
   3.7300000000099645       -5.1650383107573007E-002
   3.7400000000099642       -5.1243617827698505E-002
   3.7500000000099640       -5.0838314317273724E-002
   3.7600000000099638       -5.0434783631022537E-002
   3.7700000000099636       -5.0033316571452810E-002
   3.7800000000099634       -4.9634184013261959E-002
   3.7900000000099632       -4.9237637250657509E-002
   3.8000000000099630       -4.8843908366266606E-002
   3.8100000000099628       -4.8453210620318030E-002
   3.8200000000099625       -4.8065738858792798E-002
   3.8300000000099623       -4.7681669939254032E-002
   3.8400000000099621       -4.7301163173082826E-002
   3.8500000000099619       -4.6924360782863800E-002
   3.8600000000099617       -4.6551388373684235E-002
   3.8700000000099615       -4.6182355417129714E-002
   3.8800000000099613       -4.5817355746781495E-002
   3.8900000000099610       -4.5456468064042181E-002
   3.9000000000099608       -4.5099756453140717E-002
   3.9100000000099606       -4.4747270904190027E-002
   3.9200000000099604       -4.4399047843195802E-002
   3.9300000000099602       -4.4055110667939601E-002
   3.9400000000099600       -4.3715470288684020E-002
   3.9500000000099598       -4.3380125672673721E-002
   3.9600000000099596       -4.3049064391430372E-002
   3.9700000000099593       -4.2722263169866624E-002
   3.9800000000099591       -4.2399688436267888E-002
   3.9900000000099589       -4.2081296872217989E-002
   4.0000000000099591       -4.1767035961568583E-002
   4.0100000000099589       -4.1456844537578821E-002
   4.0200000000099587       -4.1150653327375976E-002
   4.0300000000099585       -4.0848385492913294E-002
   4.0400000000099583       -4.0549957167627028E-002
   4.0500000000099581       -4.0255277988017785E-002
   4.0600000000099579       -3.9964251619408531E-002
   4.0700000000099577       -3.9676776275154861E-002
   4.0800000000099574       -3.9392745228608889E-002
   4.0900000000099572       -3.9112047317163112E-002
   4.1000000000099570       -3.8834567437726078E-002
   4.1100000000099568       -3.8560187033006635E-002
   4.1200000000099566       -3.8288784568010020E-002
   4.1300000000099564       -3.8020235996174913E-002
   4.1400000000099562       -3.7754415214606520E-002
   4.1500000000099559       -3.7491194507888945E-002
   4.1600000000099557       -3.7230444979986323E-002
   4.1700000000099555       -3.6972036973771175E-002
   4.1800000000099553       -3.6715840477746217E-002
   4.1900000000099551       -3.6461725519555940E-002
   4.2000000000099549       -3.6209562545913579E-002
   4.2100000000099547       -3.5959222788599650E-002
   4.2200000000099545       -3.5710578616219887E-002
   4.2300000000099542       -3.5463503871441690E-002
   4.2400000000099540       -3.5217874193461125E-002
   4.2500000000099538       -3.4973567325485615E-002
   4.2600000000099536       -3.4730463407050709E-002
   4.2700000000099534       -3.4488445251024125E-002
   4.2800000000099532       -3.4247398605184609E-002
   4.2900000000099530       -3.4007212398298077E-002
   4.3000000000099527       -3.3767778970649073E-002
   4.3100000000099525       -3.3528994289020911E-002
   4.3200000000099523       -3.3290758146153829E-002
   4.3300000000099521       -3.3052974344745176E-002
   4.3400000000099519       -3.2815550866092211E-002
   4.3500000000099517       -3.2578400023512269E-002
   4.3600000000099515       -3.2341438600710308E-002
   4.3700000000099513       -3.2104587975297326E-002
   4.3800000000099510       -3.1867774227697522E-002
   4.3900000000099508       -3.1630928235713278E-002
   4.4000000000099506       -3.1393985755049945E-002
   4.4100000000099504       -3.1156887486131400E-002
   4.4200000000099502       -3.0919579127567459E-002
   4.4300000000099500       -3.0682011416661159E-002
   4.4400000000099498       -3.0444140157370032E-002
   4.4500000000099496       -3.0205926236159940E-002
   4.4600000000099493       -2.9967335626212316E-002
   4.4700000000099491       -2.9728339380465745E-002
   4.4800000000099489       -2.9488913613992029E-002
   4.4900000000099487       -2.9249039476222271E-002
   4.5000000000099485       -2.9008703113552820E-002
   4.5100000000099483       -2.8767895622872731E-002
   4.5200000000099481       -2.8526612996563339E-002
   4.5300000000099478       -2.8284856059527613E-002
   4.5400000000099476       -2.8042630398811157E-002
   4.5500000000099474       -2.7799946286379384E-002
   4.5600000000099472       -2.7556818595613645E-002
   4.5700000000099470       -2.7313266712087357E-002
   4.5800000000099468       -2.7069314439177115E-002
   4.5900000000099466       -2.6824989899056417E-002
   4.6000000000099464       -2.6580325429609274E-002
   4.6100000000099461       -2.6335357477788968E-002
   4.6200000000099459       -2.6090126489932797E-002
   4.6300000000099457       -2.5844676799527067E-002
   4.6400000000099455       -2.5599056512898111E-002
   4.6500000000099453       -2.5353317393285446E-002
   4.6600000000099451       -2.5107514743730287E-002
   4.6700000000099449       -2.4861707289190446E-002
   4.6800000000099446       -2.4615957058266684E-002
   4.6900000000099444       -2.4370329264900310E-002
   4.7000000000099442       -2.4124892190374343E-002
   4.7100000000099440       -2.3879717065922710E-002
   4.7200000000099438       -2.3634877956222804E-002
   4.7300000000099436       -2.3390451644018505E-002
   4.7400000000099434       -2.3146517516089361E-002
   4.7500000000099432       -2.2903157450753723E-002
   4.7600000000099429       -2.2660455707062165E-002
   4.7700000000099427       -2.2418498815808915E-002
   4.7800000000099425       -2.2177375472458852E-002
   4.7900000000099423       -2.1937176432059412E-002
   4.8000000000099421       -2.1697994406177895E-002
   4.8100000000099419       -2.1459923961878173E-002
   4.8200000000099417       -2.1223061422723132E-002
   4.8300000000099415       -2.0987504771765385E-002
   4.8400000000099412       -2.0753353556463586E-002
   4.8500000000099410       -2.0520708795439751E-002
   4.8600000000099408       -2.0289672886971765E-002
   4.8700000000099406       -2.0060349519095515E-002
   4.8800000000099404       -1.9832843581174018E-002
   4.8900000000099402       -1.9607261076774258E-002
   4.9000000000099400       -1.9383709037679143E-002
   4.9100000000099397       -1.9162295438849227E-002
   4.9200000000099395       -1.8943129114140082E-002
   4.9300000000099393       -1.8726319672571514E-002
   4.9400000000099391       -1.8511977414941205E-002
   4.9500000000099389       -1.8300213250569523E-002
   4.9600000000099387       -1.8091138613962741E-002
   4.9700000000099385       -1.7884865381181045E-002
   4.9800000000099383       -1.7681505785701455E-002
   4.9900000000099380       -1.7481172333570431E-002
