   9.9999999999999994E-012  0.99102996600913085     
   1.0000000010000001E-002  0.98993106792664953     
   2.0000000010000001E-002  0.98625190473474134     
   3.0000000010000000E-002  0.98002510131013965     
   4.0000000010000002E-002  0.97130421426793667     
   5.0000000010000004E-002  0.96016187355654203     
   6.0000000010000006E-002  0.94668752408718271     
   7.0000000010000007E-002  0.93098482312301523     
   8.0000000010000002E-002  0.91316886153105836     
   9.0000000009999997E-002  0.89336336645033065     
  0.10000000000999999       0.87169801905870659     
  0.11000000000999999       0.84830598949234781     
  0.12000000000999998       0.82332175700817967     
  0.13000000000999998       0.79687925154428019     
  0.14000000000999999       0.76911032580400751     
  0.15000000001000000       0.74014354627921475     
  0.16000000001000000       0.71010327726664646     
  0.17000000001000001       0.67910902360705350     
  0.18000000001000002       0.64727499407608113     
  0.19000000001000003       0.61470984721058242     
  0.20000000001000004       0.58151658355448210     
  0.21000000001000005       0.54779255193886434     
  0.22000000001000006       0.51362954172420927     
  0.23000000001000007       0.47911393739949498     
  0.24000000001000008       0.44432691620791875     
  0.25000000001000006       0.40934467334944646     
  0.26000000001000007       0.37423866269938610     
  0.27000000001000007       0.33907584385384132     
  0.28000000001000008       0.30391892868655379     
  0.29000000001000009       0.26882662252209261     
  0.30000000001000010       0.23385385655428167     
  0.31000000001000011       0.19905200932587638     
  0.32000000001000012       0.16446911599311051     
  0.33000000001000013       0.13015006477886765     
  0.34000000001000014        9.6136780516277415E-002
  0.35000000001000015        6.2468395538991160E-002
  0.36000000001000015        2.9181408417193865E-002
  0.37000000001000016       -3.6901688043238985E-003
  0.38000000001000017       -3.6114674116968816E-002
  0.39000000001000018       -6.8062669014136309E-002
  0.40000000001000019       -9.9506821108255109E-002
  0.41000000001000020      -0.13042179511033022     
  0.42000000001000021      -0.16078415141512217     
  0.43000000001000022      -0.19057225157796301     
  0.44000000001000023      -0.21976617001881488     
  0.45000000001000023      -0.24834761134235267     
  0.46000000001000024      -0.27629983271700420     
  0.47000000001000025      -0.30360757080901368     
  0.48000000001000026      -0.33025697281893190     
  0.49000000001000027      -0.35623553121683438     
  0.50000000001000022      -0.38153202181843426     
  0.51000000001000023      -0.40613644488656575     
  0.52000000001000024      -0.43003996898068408     
  0.53000000001000025      -0.45323487731251666     
  0.54000000001000026      -0.47571451639817991     
  0.55000000001000027      -0.49747324682510874     
  0.56000000001000028      -0.51850639597773340     
  0.57000000001000029      -0.53881021258833850     
  0.58000000001000029      -0.55838182299936401     
  0.59000000001000030      -0.57721918904070924     
  0.60000000001000031      -0.59532106744065028     
  0.61000000001000032      -0.61268697070199774     
  0.62000000001000033      -0.62931712938619033     
  0.63000000001000034      -0.64521245575744979     
  0.64000000001000035      -0.66037450874701897     
  0.65000000001000036      -0.67480546020403165     
  0.66000000001000036      -0.68850806240490603     
  0.67000000001000037      -0.70148561679740562     
  0.68000000001000038      -0.71374194395884127     
  0.69000000001000039      -0.72528135475038125     
  0.70000000001000040      -0.73610862265123089     
  0.71000000001000041      -0.74622895725760063     
  0.72000000001000042      -0.75564797893201274     
  0.73000000001000043      -0.76437169458868415     
  0.74000000001000044      -0.77240647460051237     
  0.75000000001000044      -0.77975903081269560     
  0.76000000001000045      -0.78643639564724066     
  0.77000000001000046      -0.79244590228164991     
  0.78000000001000047      -0.79779516588393151     
  0.79000000001000048      -0.80249206588481814     
  0.80000000001000049      -0.80654472926673271     
  0.81000000001000050      -0.80996151484766299     
  0.82000000001000051      -0.81275099853668242     
  0.83000000001000052      -0.81492195953645652     
  0.84000000001000052      -0.81648336746664041     
  0.85000000001000053      -0.81744437038069628     
  0.86000000001000054      -0.81781428364730258     
  0.87000000001000055      -0.81760257966633709     
  0.88000000001000056      -0.81681887838810385     
  0.89000000001000057      -0.81547293860358017     
  0.90000000001000058      -0.81357464997223927     
  0.91000000001000059      -0.81113402575294524     
  0.92000000001000060      -0.80816119620306226     
  0.93000000001000060      -0.80466640260910294     
  0.94000000001000061      -0.80065999191311410     
  0.95000000001000062      -0.79615241189670138     
  0.96000000001000063      -0.79115420688636451     
  0.97000000001000064      -0.78567601394039077     
  0.98000000001000065      -0.77972855948091657     
  0.99000000001000066      -0.77332265633007313     
   1.0000000000100007      -0.76646920111431116     
   1.0100000000100007      -0.75917917199644858     
   1.0200000000100007      -0.75146362669810451     
   1.0300000000100007      -0.74333370077435235     
   1.0400000000100007      -0.73480060610084119     
   1.0500000000100007      -0.72587562953790363     
   1.0600000000100007      -0.71657013173349449     
   1.0700000000100007      -0.70689554602860438     
   1.0800000000100007      -0.69686337742924342     
   1.0900000000100007      -0.68648520160983195     
   1.1000000000100008      -0.67577266391366064     
   1.1100000000100008      -0.66473747831698904     
   1.1200000000100008      -0.65339142632435154     
   1.1300000000100008      -0.64174635576371653     
   1.1400000000100008      -0.62981417945130391     
   1.1500000000100008      -0.61760687369711187     
   1.1600000000100008      -0.60513647662352721     
   1.1700000000100008      -0.59241508627079476     
   1.1800000000100008      -0.57945485846459843     
   1.1900000000100008      -0.56626800442256209     
   1.2000000000100008      -0.55286678807810130     
   1.2100000000100009      -0.53926352310175751     
   1.2200000000100009      -0.52547056960189775     
   1.2300000000100009      -0.51150033048849919     
   1.2400000000100009      -0.49736524748561084     
   1.2500000000100009      -0.48307779678003004     
   1.2600000000100009      -0.46865048429571321     
   1.2700000000100009      -0.45409584058547603     
   1.2800000000100009      -0.43942641533360860     
   1.2900000000100009      -0.42465477146513031     
   1.3000000000100009      -0.40979347885954248     
   1.3100000000100009      -0.39485510766908005     
   1.3200000000100010      -0.37985222124362594     
   1.3300000000100010      -0.36479736866660539     
   1.3400000000100010      -0.34970307690834240     
   1.3500000000100010      -0.33458184260549262     
   1.3600000000100010      -0.31944612347729301     
   1.3700000000100010      -0.30430832939144986     
   1.3800000000100010      -0.28918081309453292     
   1.3900000000100010      -0.27407586062373929     
   1.4000000000100010      -0.25900568141881986     
   1.4100000000100010      -0.24398239815482894     
   1.4200000000100010      -0.22901803631813791     
   1.4300000000100010      -0.21412451354985246     
   1.4400000000100011      -0.19931362878236869     
   1.4500000000100011      -0.18459705119629732     
   1.4600000000100011      -0.16998630902636000     
   1.4700000000100011      -0.15549277824612093     
   1.4800000000100011      -0.14112767116253871     
   1.4900000000100011      -0.12690202495231664     
   1.5000000000100011      -0.11282669017287446     
   1.5100000000100011       -9.8912319281466904E-002
   1.5200000000100011       -8.5169355196521468E-002
   1.5300000000100011       -7.1608019935661293E-002
   1.5400000000100011       -5.8238303365113750E-002
   1.5500000000100012       -4.5069952095279461E-002
   1.5600000000100012       -3.2112458557150433E-002
   1.5700000000100012       -1.9375050294018415E-002
   1.5800000000100012       -6.8666795025071684E-003
   1.5900000000100012        5.4039871436035569E-003
   1.6000000000100012        1.7428578354013367E-002
   1.6100000000100012        2.9199027735120675E-002
   1.6200000000100012        4.0707582924966998E-002
   1.6300000000100012        5.1946814320206078E-002
   1.6400000000100012        6.2909623366690232E-002
   1.6500000000100012        7.3589250386684485E-002
   1.6600000000100013        8.3979281917258203E-002
   1.6700000000100013        9.4073657536048502E-002
   1.6800000000100013       0.10386667615233976     
   1.6900000000100013       0.11335300174323897     
   1.7000000000100013       0.12252766851664529     
   1.7100000000100013       0.13138608548469718     
   1.7200000000100013       0.13992404043342505     
   1.7300000000100013       0.14813770327642803     
   1.7400000000100013       0.15602362878251699     
   1.7500000000100013       0.16357875866941524     
   1.7600000000100013       0.17080042305776960     
   1.7700000000100014       0.17768634128188063     
   1.7800000000100014       0.18423462205571617     
   1.7900000000100014       0.19044376299489446     
   1.8000000000100014       0.19631264949742175     
   1.8100000000100014       0.20184055298802112     
   1.8200000000100014       0.20702712853288899     
   1.8300000000100014       0.21187241183365621     
   1.8400000000100014       0.21637681561119990     
   1.8500000000100014       0.22054112539174234     
   1.8600000000100014       0.22436649470938433     
   1.8700000000100014       0.22785443974083130     
   1.8800000000100014       0.23100683338959321     
   1.8900000000100015       0.23382589883835397     
   1.9000000000100015       0.23631420258951796     
   1.9100000000100015       0.23847464701514326     
   1.9200000000100015       0.24031046243855717     
   1.9300000000100015       0.24182519877093028     
   1.9400000000100015       0.24302271672693926     
   1.9500000000100015       0.24390717864439848     
   1.9600000000100015       0.24448303893336604     
   1.9700000000100015       0.24475503418074790     
   1.9800000000100015       0.24472817293682153     
   1.9900000000100015       0.24440772521040105     
   2.0000000000100013       0.24379921169953933     
   2.0100000000100011       0.24290839278475160     
   2.0200000000100009       0.24174125731171964     
   2.0300000000100007       0.24030401119032008     
   2.0400000000100005       0.23860306583660990     
   2.0500000000100003       0.23664502648410951     
   2.0600000000100001       0.23443668039033927     
   2.0700000000099998       0.23198498496411846     
   2.0800000000099996       0.22929705583860197     
   2.0900000000099994       0.22638015491444552     
   2.1000000000099992       0.22324167839683245     
   2.1100000000099990       0.21988914484939609     
   2.1200000000099988       0.21633018328731352     
   2.1300000000099986       0.21257252133105439     
   2.1400000000099983       0.20862397344143208     
   2.1500000000099981       0.20449242925574507     
   2.1600000000099979       0.20018584204390161     
   2.1700000000099977       0.19571221730251503     
   2.1800000000099975       0.19107960150402709     
   2.1900000000099973       0.18629607101698306     
   2.2000000000099971       0.18136972121263686     
   2.2100000000099969       0.17630865577212215     
   2.2200000000099966       0.17112097620748029     
   2.2300000000099964       0.16581477160890279     
   2.2400000000099962       0.16039810862961629     
   2.2500000000099960       0.15487902171892637     
   2.2600000000099958       0.14926550361303875     
   2.2700000000099956       0.14356549609239577     
   2.2800000000099954       0.13778688101340847     
   2.2900000000099952       0.13193747162163122     
   2.3000000000099949       0.12602500415261220     
   2.3100000000099947       0.12005712972587242     
   2.3200000000099945       0.11404140653670884     
   2.3300000000099943       0.10798529234978986     
   2.3400000000099941       0.10189613729781391     
   2.3500000000099939        9.5781176987836128E-002
   2.3600000000099937        8.9647525917230048E-002
   2.3700000000099934        8.3502171200645472E-002
   2.3800000000099932        7.7351966608749559E-002
   2.3900000000099930        7.1203626918992499E-002
   2.4000000000099928        6.5063722578125233E-002
   2.4100000000099926        5.8938674675711247E-002
   2.4200000000099924        5.2834750227418834E-002
   2.4300000000099922        4.6758057766451540E-002
   2.4400000000099920        4.0714543241075478E-002
   2.4500000000099917        3.4709986215825578E-002
   2.4600000000099915        2.8749996373625807E-002
   2.4700000000099913        2.2840010315732566E-002
   2.4800000000099911        1.6985288656107808E-002
   2.4900000000099909        1.1190913406550353E-002
   2.5000000000099907        5.4617856486518122E-003
   2.5100000000099905       -1.9737651159442365E-004
   2.5200000000099902       -5.7820397109258053E-003
   2.5300000000099900       -1.1287856822284385E-002
   2.5400000000099898       -1.6710668179420397E-002
   2.5500000000099896       -2.2046502537588077E-002
   2.5600000000099894       -2.7291577775459163E-002
   2.5700000000099892       -3.2442301343526526E-002
   2.5800000000099890       -3.7495270464407759E-002
   2.5900000000099888       -4.2447272090587192E-002
   2.6000000000099885       -4.7295282625249527E-002
   2.6100000000099883       -5.2036467411969822E-002
   2.6200000000099881       -5.6668179999122728E-002
   2.6300000000099879       -6.1187961184970455E-002
   2.6400000000099877       -6.5593537849473443E-002
   2.6500000000099875       -6.9882821578950760E-002
   2.6600000000099873       -7.4053907089793022E-002
   2.6700000000099871       -7.8105070457500175E-002
   2.6800000000099868       -8.2034767157384392E-002
   2.6900000000099866       -8.5841629923338297E-002
   2.7000000000099864       -8.9524466431129032E-002
   2.7100000000099862       -9.3082256812728498E-002
   2.7200000000099860       -9.6514151008244578E-002
   2.7300000000099858       -9.9819465962059734E-002
   2.7400000000099856      -0.10299768266982889     
   2.7500000000099853      -0.10604844308302479     
   2.7600000000099851      -0.10897154687775359     
   2.7700000000099849      -0.11176694809459461     
   2.7800000000099847      -0.11443475165624303     
   2.7900000000099845      -0.11697520976975420     
   2.8000000000099843      -0.11938871822020994     
   2.8100000000099841      -0.12167581256263089     
   2.8200000000099839      -0.12383716421897366     
   2.8300000000099836      -0.12587357648704584     
   2.8400000000099834      -0.12778598046817141     
   2.8500000000099832      -0.12957543092042542     
   2.8600000000099830      -0.13124310204424205     
   2.8700000000099828      -0.13279028320717390     
   2.8800000000099826      -0.13421837461455272     
   2.8900000000099824      -0.13552888293276183     
   2.9000000000099821      -0.13672341687178777     
   2.9100000000099819      -0.13780368273366556     
   2.9200000000099817      -0.13877147993337305     
   2.9300000000099815      -0.13962869649866336     
   2.9400000000099813      -0.14037730455524750     
   2.9500000000099811      -0.14101935580366010     
   2.9600000000099809      -0.14155697699404721     
   2.9700000000099807      -0.14199236540501997     
   2.9800000000099804      -0.14232778433261001     
   2.9900000000099802      -0.14256555859525105     
   3.0000000000099800      -0.14270807006058753     
   3.0100000000099798      -0.14275775319978623     
   3.0200000000099796      -0.14271709067488700     
   3.0300000000099794      -0.14258860896459064     
   3.0400000000099792      -0.14237487403372934     
   3.0500000000099790      -0.14207848705151091     
   3.0600000000099787      -0.14170208016346680     
   3.0700000000099785      -0.14124831232186380     
   3.0800000000099783      -0.14071986517917007     
   3.0900000000099781      -0.14011943904898341     
   3.1000000000099779      -0.13944974893865075     
   3.1100000000099777      -0.13871352065761861     
   3.1200000000099775      -0.13791348700536327     
   3.1300000000099772      -0.13705238404255557     
   3.1400000000099770      -0.13613294744891730     
   3.1500000000099768      -0.13515790897102614     
   3.1600000000099766      -0.13412999296312392     
   3.1700000000099764      -0.13305191302377908     
   3.1800000000099762      -0.13192636873104907     
   3.1900000000099760      -0.13075604247858225     
   3.2000000000099758      -0.12954359641489330     
   3.2100000000099755      -0.12829166948783907     
   3.2200000000099753      -0.12700287459611659     
   3.2300000000099751      -0.12567979584940028     
   3.2400000000099749      -0.12432498593853100     
   3.2500000000099747      -0.12294096361696913     
   3.2600000000099745      -0.12153021129452260     
   3.2700000000099743      -0.12009517274416440     
   3.2800000000099740      -0.11863825092255911     
   3.2900000000099738      -0.11716180590472600     
   3.3000000000099736      -0.11566815293307901     
   3.3100000000099734      -0.11415956058089816     
   3.3200000000099732      -0.11263824903010718     
   3.3300000000099730      -0.11110638846305518     
   3.3400000000099728      -0.10956609756782935     
   3.3500000000099726      -0.10801944215645613     
   3.3600000000099723      -0.10646843389518863     
   3.3700000000099721      -0.10491502914591873     
   3.3800000000099719      -0.10336112791760073     
   3.3900000000099717      -0.10180857292642771     
   3.4000000000099715      -0.10025914876335948     
   3.4100000000099713       -9.8714581167466314E-002
   3.4200000000099711       -9.7176536403422956E-002
   3.4300000000099709       -9.5646620741364402E-002
   3.4400000000099706       -9.4126380037196672E-002
   3.4500000000099704       -9.2617299411344972E-002
   3.4600000000099702       -9.1120803023816380E-002
   3.4700000000099700       -8.9638253943355450E-002
   3.4800000000099698       -8.8170954108378080E-002
   3.4900000000099696       -8.6720144377283231E-002
   3.5000000000099694       -8.5287004665661748E-002
   3.5100000000099691       -8.3872654167848351E-002
   3.5200000000099689       -8.2478151660194773E-002
   3.5300000000099687       -8.1104495883382172E-002
   3.5400000000099685       -7.9752626001035026E-002
   3.5500000000099683       -7.8423422131850801E-002
   3.5600000000099681       -7.7117705952417362E-002
   3.5700000000099679       -7.5836241367853191E-002
   3.5800000000099677       -7.4579735247375226E-002
   3.5900000000099674       -7.3348838221875004E-002
   3.6000000000099672       -7.2144145540563892E-002
   3.6100000000099670       -7.0966197983736060E-002
   3.6200000000099668       -6.9815482828688991E-002
   3.6300000000099666       -6.8692434865839314E-002
   3.6400000000099664       -6.7597437462073875E-002
   3.6500000000099662       -6.6530823668383823E-002
   3.6600000000099659       -6.5492877368841476E-002
   3.6700000000099657       -6.4483834467996312E-002
   3.6800000000099655       -6.3503884113787462E-002
   3.6900000000099653       -6.2553169953096247E-002
   3.7000000000099651       -6.1631791417089889E-002
   3.7100000000099649       -6.0739805033541941E-002
   3.7200000000099647       -5.9877225763350375E-002
   3.7300000000099645       -5.9044028358514175E-002
   3.7400000000099642       -5.8240148738872531E-002
   3.7500000000099640       -5.7465485384955307E-002
   3.7600000000099638       -5.6719900744342869E-002
   3.7700000000099636       -5.6003222648983074E-002
   3.7800000000099634       -5.5315245740966468E-002
   3.7900000000099632       -5.4655732904316502E-002
   3.8000000000099630       -5.4024416700406697E-002
   3.8100000000099628       -5.3421000804677196E-002
   3.8200000000099625       -5.2845161442381786E-002
   3.8300000000099623       -5.2296548821158972E-002
   3.8400000000099621       -5.1774788558282735E-002
   3.8500000000099619       -5.1279483100512793E-002
   3.8600000000099617       -5.0810213134529471E-002
   3.8700000000099615       -5.0366538986003261E-002
   3.8800000000099613       -4.9948002005416561E-002
   3.8900000000099610       -4.9554125938822295E-002
   3.9000000000099608       -4.9184418281791889E-002
   3.9100000000099606       -4.8838371614874108E-002
   3.9200000000099604       -4.8515464918955795E-002
   3.9300000000099602       -4.8215164868984473E-002
   3.9400000000099600       -4.7936927104584547E-002
   3.9500000000099598       -4.7680197476167988E-002
   3.9600000000099596       -4.7444413265213502E-002
   3.9700000000099593       -4.7229004377458361E-002
   3.9800000000099591       -4.7033394507820445E-002
   3.9900000000099589       -4.6857002275940175E-002
   4.0000000000099591       -4.6699242331304902E-002
   4.0100000000099589       -4.6559526426992529E-002
   4.0200000000099587       -4.6437264461144136E-002
   4.0300000000099585       -4.6331865485350135E-002
   4.0400000000099583       -4.6242738679208660E-002
   4.0500000000099581       -4.6169294290390191E-002
   4.0600000000099579       -4.6110944539616498E-002
   4.0700000000099577       -4.6067104490038348E-002
   4.0800000000099574       -4.6037192880570753E-002
   4.0900000000099572       -4.6020632922820048E-002
   4.1000000000099570       -4.6016853061312431E-002
   4.1100000000099568       -4.6025287696808803E-002
   4.1200000000099566       -4.6045377872564311E-002
   4.1300000000099564       -4.6076571923466939E-002
   4.1400000000099562       -4.6118326088061094E-002
   4.1500000000099559       -4.6170105083537041E-002
   4.1600000000099557       -4.6231382643836902E-002
   4.1700000000099555       -4.6301642021100729E-002
   4.1800000000099553       -4.6380376450744172E-002
   4.1900000000099551       -4.6467089580528212E-002
   4.2000000000099549       -4.6561295864047503E-002
   4.2100000000099547       -4.6662520919128855E-002
   4.2200000000099545       -4.6770301851693175E-002
   4.2300000000099542       -4.6884187545695011E-002
   4.2400000000099540       -4.7003738919811980E-002
   4.2500000000099538       -4.7128529151609928E-002
   4.2600000000099536       -4.7258143869964526E-002
   4.2700000000099534       -4.7392181316566653E-002
   4.2800000000099532       -4.7530252477387055E-002
   4.2900000000099530       -4.7671981185017462E-002
   4.3000000000099527       -4.7817004192844917E-002
   4.3100000000099525       -4.7964971222052510E-002
   4.3200000000099523       -4.8115544982469657E-002
   4.3300000000099521       -4.8268401168326334E-002
   4.3400000000099519       -4.8423228429986517E-002
   4.3500000000099517       -4.8579728322759336E-002
   4.3600000000099515       -4.8737615233900723E-002
   4.3700000000099513       -4.8896616288931952E-002
   4.3800000000099510       -4.9056471238409047E-002
   4.3900000000099508       -4.9216932326281902E-002
   4.4000000000099506       -4.9377764140982237E-002
   4.4100000000099504       -4.9538743450376344E-002
   4.4200000000099502       -4.9699659021711022E-002
   4.4300000000099500       -4.9860311427671368E-002
   4.4400000000099498       -5.0020512839653884E-002
   4.4500000000099496       -5.0180086809341419E-002
   4.4600000000099493       -5.0338868039645747E-002
   4.4700000000099491       -5.0496702146059801E-002
   4.4800000000099489       -5.0653445409435338E-002
   4.4900000000099487       -5.0808964521172104E-002
   4.5000000000099485       -5.0963136321774891E-002
   4.5100000000099483       -5.1115847533698758E-002
   4.5200000000099481       -5.1266994489370242E-002
   4.5300000000099478       -5.1416482855232828E-002
   4.5400000000099476       -5.1564227352628535E-002
   4.5500000000099474       -5.1710151476286027E-002
   4.5600000000099472       -5.1854187211147020E-002
   4.5700000000099470       -5.1996274748220106E-002
   4.5800000000099468       -5.2136362200110052E-002
   4.5900000000099466       -5.2274405316829087E-002
   4.6000000000099464       -5.2410367202454247E-002
   4.6100000000099461       -5.2544218033153664E-002
   4.6200000000099459       -5.2675934777063380E-002
   4.6300000000099457       -5.2805500916455715E-002
   4.6400000000099455       -5.2932906172600255E-002
   4.6500000000099453       -5.3058146233679861E-002
   4.6600000000099451       -5.3181222486086879E-002
   4.6700000000099449       -5.3302141749386654E-002
   4.6800000000099446       -5.3420916015202734E-002
   4.6900000000099444       -5.3537562190242104E-002
   4.7000000000099442       -5.3652101843648617E-002
   4.7100000000099440       -5.3764560958841287E-002
   4.7200000000099438       -5.3874969689965649E-002
   4.7300000000099436       -5.3983362123060027E-002
   4.7400000000099434       -5.4089776042012150E-002
   4.7500000000099432       -5.4194252699360144E-002
   4.7600000000099429       -5.4296836591968420E-002
   4.7700000000099427       -5.4397575241591146E-002
   4.7800000000099425       -5.4496518980316974E-002
   4.7900000000099423       -5.4593720740873708E-002
   4.8000000000099421       -5.4689235851756814E-002
   4.8100000000099419       -5.4783121837133797E-002
   4.8200000000099417       -5.4875438221465421E-002
   4.8300000000099415       -5.4966246338776684E-002
   4.8400000000099412       -5.5055609146501816E-002
   4.8500000000099410       -5.5143591043823680E-002
   4.8600000000099408       -5.5230257694422150E-002
   4.8700000000099406       -5.5315675853544591E-002
   4.8800000000099404       -5.5399913199309869E-002
   4.8900000000099402       -5.5483038168157486E-002
   4.9000000000099400       -5.5565119794355113E-002
   4.9100000000099397       -5.5646227553480088E-002
   4.9200000000099395       -5.5726431209795022E-002
   4.9300000000099393       -5.5805800667441709E-002
   4.9400000000099391       -5.5884405825384287E-002
   4.9500000000099389       -5.5962316436039619E-002
   4.9600000000099387       -5.6039601967539696E-002
   4.9700000000099385       -5.6116331469581671E-002
   4.9800000000099383       -5.6192573442828096E-002
   4.9900000000099380       -5.6268395711832522E-002
