   9.9999999999999994E-012 -0.11379941686993691     
   1.0000000010000001E-002 -0.11373605794871595     
   2.0000000010000001E-002 -0.11354601659978376     
   3.0000000010000000E-002 -0.11322939962162445     
   4.0000000010000002E-002 -0.11278638682741168     
   5.0000000010000004E-002 -0.11221723363627134     
   6.0000000010000006E-002 -0.11152227445290992     
   7.0000000010000007E-002 -0.11070192662256007     
   8.0000000010000002E-002 -0.10975669472997843     
   9.0000000009999997E-002 -0.10868717501413747     
  0.10000000000999999      -0.10749405969046681     
  0.11000000000999999      -0.10617814100460946     
  0.12000000000999998      -0.10474031487992937     
  0.13000000000999998      -0.10318158406034628     
  0.14000000000999999      -0.10150306068663913     
  0.15000000001000000       -9.9705968275723478E-002
  0.16000000001000000       -9.7791643097461439E-002
  0.17000000001000001       -9.5761534962195083E-002
  0.18000000001000002       -9.3617207444989498E-002
  0.19000000001000003       -9.1360337580465162E-002
  0.20000000001000004       -8.8992715066159439E-002
  0.21000000001000005       -8.6516241013600725E-002
  0.22000000001000006       -8.3932926285606460E-002
  0.23000000001000007       -8.1244889456443273E-002
  0.24000000001000008       -7.8454354428969711E-002
  0.25000000001000006       -7.5563647740108403E-002
  0.26000000001000007       -7.2575195583237634E-002
  0.27000000001000007       -6.9491520573509907E-002
  0.28000000001000008       -6.6315238279795324E-002
  0.29000000001000009       -6.3049053544942640E-002
  0.30000000001000010       -5.9695756614359177E-002
  0.31000000001000011       -5.6258219091509909E-002
  0.32000000001000012       -5.2739389737799527E-002
  0.33000000001000013       -4.9142290133386980E-002
  0.34000000001000014       -4.5470010214758355E-002
  0.35000000001000015       -4.1725703704310266E-002
  0.36000000001000015       -3.7912583446738521E-002
  0.37000000001000016       -3.4033916666658288E-002
  0.38000000001000017       -3.0093020161574835E-002
  0.39000000001000018       -2.6093255444053304E-002
  0.40000000001000019       -2.2038023846690163E-002
  0.41000000001000020       -1.7930761603245256E-002
  0.42000000001000021       -1.3774934919044685E-002
  0.43000000001000022       -9.5740350435005953E-003
  0.44000000001000023       -5.3315733573053676E-003
  0.45000000001000023       -1.0510764865430591E-003
  0.46000000001000024        3.2639185443879650E-003
  0.47000000001000025        7.6098691095267653E-003
  0.48000000001000026        1.1983231716677815E-002
  0.49000000001000027        1.6380466670666650E-002
  0.50000000001000022        2.0798042654355392E-002
  0.51000000001000023        2.5232441217767149E-002
  0.52000000001000024        2.9680161166207170E-002
  0.53000000001000025        3.4137722838840381E-002
  0.54000000001000026        3.8601672269774047E-002
  0.55000000001000027        4.3068585224306406E-002
  0.56000000001000028        4.7535071103628049E-002
  0.57000000001000029        5.1997776711901166E-002
  0.58000000001000029        5.6453389880288765E-002
  0.59000000001000030        6.0898642943156459E-002
  0.60000000001000031        6.5330316062321411E-002
  0.61000000001000032        6.9745240395869629E-002
  0.62000000001000033        7.4140301108707035E-002
  0.63000000001000034        7.8512440222638008E-002
  0.64000000001000035        8.2858659304384949E-002
  0.65000000001000036        8.7176021990563929E-002
  0.66000000001000036        9.1461656349211801E-002
  0.67000000001000037        9.5712757078023902E-002
  0.68000000001000038        9.9926587539995046E-002
  0.69000000001000039       0.10410048163766916     
  0.70000000001000040       0.10823184552768475     
  0.71000000001000041       0.11231815917775705     
  0.72000000001000042       0.11635697776866116     
  0.73000000001000043       0.12034593294417187     
  0.74000000001000044       0.12428273391227504     
  0.75000000001000044       0.12816516840129416     
  0.76000000001000045       0.13199110347486750     
  0.77000000001000046       0.13575848620997505     
  0.78000000001000047       0.13946534424244283     
  0.79000000001000048       0.14310978618454900     
  0.80000000001000049       0.14669000191952258     
  0.81000000001000050       0.15020426277786034     
  0.82000000001000051       0.15365092160049326     
  0.83000000001000052       0.15702841269391016     
  0.84000000001000052       0.16033525168239668     
  0.85000000001000053       0.16357003526257041     
  0.86000000001000054       0.16673144086539235     
  0.87000000001000055       0.16981822623080828     
  0.88000000001000056       0.17282922890013189     
  0.89000000001000057       0.17576336563120892     
  0.90000000001000058       0.17861963174132131     
  0.91000000001000059       0.18139710038268592     
  0.92000000001000060       0.18409492175528439     
  0.93000000001000060       0.18671232226163076     
  0.94000000001000061       0.18924860360793722     
  0.95000000001000062       0.19170314185598586     
  0.96000000001000063       0.19407538642984834     
  0.97000000001000064       0.19636485908142501     
  0.98000000001000065       0.19857115281859469     
  0.99000000001000066       0.20069393079958536     
   1.0000000000100007       0.20273292519698613     
   1.0100000000100007       0.20468793603463192     
   1.0200000000100007       0.20655883000040207     
   1.0300000000100007       0.20834553923778043     
   1.0400000000100007       0.21004806011883387     
   1.0500000000100007       0.21166645200107884     
   1.0600000000100007       0.21320083597051548     
   1.0700000000100007       0.21465139357292848     
   1.0800000000100007       0.21601836553537224     
   1.0900000000100007       0.21730205047958479     
   1.1000000000100008       0.21850280362890556     
   1.1100000000100008       0.21962103551010898     
   1.1200000000100008       0.22065721065140820     
   1.1300000000100008       0.22161184627773672     
   1.1400000000100008       0.22248551100426953     
   1.1500000000100008       0.22327882352901374     
   1.1600000000100008       0.22399245132516973     
   1.1700000000100008       0.22462710933384744     
   1.1800000000100008       0.22518355865760981     
   1.1900000000100008       0.22566260525521470     
   1.2000000000100008       0.22606509863783342     
   1.2100000000100009       0.22639193056693871     
   1.2200000000100009       0.22664403375397751     
   1.2300000000100009       0.22682238056187870     
   1.2400000000100009       0.22692798170838474     
   1.2500000000100009       0.22696188497114372     
   1.2600000000100009       0.22692517389446004     
   1.2700000000100009       0.22681896649756100     
   1.2800000000100009       0.22664441398421548     
   1.2900000000100009       0.22640269945351635     
   1.3000000000100009       0.22609503661162983     
   1.3100000000100009       0.22572266848430855     
   1.3200000000100010       0.22528686612996643     
   1.3300000000100010       0.22478892735312303     
   1.3400000000100010       0.22423017541803919     
   1.3500000000100010       0.22361195776238460     
   1.3600000000100010       0.22293564471080690     
   1.3700000000100010       0.22220262818829997     
   1.3800000000100010       0.22141432043330594     
   1.3900000000100010       0.22057215271052519     
   1.4000000000100010       0.21967757402345306     
   1.4100000000100010       0.21873204982670941     
   1.4200000000100010       0.21773706073827589     
   1.4300000000100010       0.21669410125181227     
   1.4400000000100011       0.21560467844927550     
   1.4500000000100011       0.21447031071412487     
   1.4600000000100011       0.21329252644545332     
   1.4700000000100011       0.21207286277344686     
   1.4800000000100011       0.21081286427663204     
   1.4900000000100011       0.20951408170143376     
   1.5000000000100011       0.20817807068462385     
   1.5100000000100011       0.20680639047930321     
   1.5200000000100011       0.20540060268511504     
   1.5300000000100011       0.20396226998344633     
   1.5400000000100011       0.20249295487842972     
   1.5500000000100012       0.20099421844460896     
   1.5600000000100012       0.19946761908218419     
   1.5700000000100012       0.19791471128079896     
   1.5800000000100012       0.19633704439287641     
   1.5900000000100012       0.19473616141755373     
   1.6000000000100012       0.19311359779629994     
   1.6100000000100012       0.19147088022133757     
   1.6200000000100012       0.18980952545801716     
   1.6300000000100012       0.18813103918231944     
   1.6400000000100012       0.18643691483468014     
   1.6500000000100012       0.18472863249135074     
   1.6600000000100013       0.18300765775451644     
   1.6700000000100013       0.18127544066240414     
   1.6800000000100013       0.17953341462061095     
   1.6900000000100013       0.17778299535588421     
   1.7000000000100013       0.17602557989357437     
   1.7100000000100013       0.17426254555997067     
   1.7200000000100013       0.17249524901071195     
   1.7300000000100013       0.17072502528644290     
   1.7400000000100013       0.16895318689686004     
   1.7500000000100013       0.16718102293426015     
   1.7600000000100013       0.16540979821766877     
   1.7700000000100014       0.16364075246858661     
   1.7800000000100014       0.16187509951934875     
   1.7900000000100014       0.16011402655504373     
   1.8000000000100014       0.15835869338988839     
   1.8100000000100014       0.15661023177890104     
   1.8200000000100014       0.15486974476565746     
   1.8300000000100014       0.15313830606685389     
   1.8400000000100014       0.15141695949433906     
   1.8500000000100014       0.14970671841521205     
   1.8600000000100014       0.14800856525051537     
   1.8700000000100014       0.14632345101298341     
   1.8800000000100014       0.14465229488423803     
   1.8900000000100015       0.14299598383174983     
   1.9000000000100015       0.14135537226581124     
   1.9100000000100015       0.13973128173669686     
   1.9200000000100015       0.13812450067211102     
   1.9300000000100015       0.13653578415495085     
   1.9400000000100015       0.13496585374133957     
   1.9500000000100015       0.13341539731881355     
   1.9600000000100015       0.13188506900447300     
   1.9700000000100015       0.13037548908283808     
   1.9800000000100015       0.12888724398308224     
   1.9900000000100015       0.12742088629524517     
   2.0000000000100013       0.12597693482496494     
   2.0100000000100011       0.12455587468620211     
   2.0200000000100009       0.12315815743136690     
   2.0300000000100007       0.12178420121820355     
   2.0400000000100005       0.12043439101272346     
   2.0500000000100003       0.11910907882742969     
   2.0600000000100001       0.11780858399401754     
   2.0700000000099998       0.11653319346969211     
   2.0800000000099996       0.11528316217619136     
   2.0900000000099994       0.11405871337056528     
   2.1000000000099992       0.11286003904671578     
   2.1100000000099990       0.11168730036666882     
   2.1200000000099988       0.11054062812051209     
   2.1300000000099986       0.10942012321390293     
   2.1400000000099983       0.10832585718202040     
   2.1500000000099981       0.10725787272881145     
   2.1600000000099979       0.10621618429035920     
   2.1700000000099977       0.10520077862118078     
   2.1800000000099975       0.10421161540224615     
   2.1900000000099973       0.10324862786949796     
   2.2000000000099971       0.10231172346163893     
   2.2100000000099969       0.10140078448594866     
   2.2200000000099966       0.10051566880088432     
   2.2300000000099964        9.9656210514219495E-002
   2.2400000000099962        9.8822220695474805E-002
   2.2500000000099960        9.8013488101396623E-002
   2.2600000000099958        9.7229779913245828E-002
   2.2700000000099956        9.6470842484666891E-002
   2.2800000000099954        9.5736402098914347E-002
   2.2900000000099952        9.5026165734229909E-002
   2.3000000000099949        9.4339821836173260E-002
   2.3100000000099947        9.3677041095726707E-002
   2.3200000000099945        9.3037477232012472E-002
   2.3300000000099943        9.2420767778477880E-002
   2.3400000000099941        9.1826534871426405E-002
   2.3500000000099939        9.1254386039793384E-002
   2.3600000000099937        9.0703914995089063E-002
   2.3700000000099934        9.0174702420455707E-002
   2.3800000000099932        8.9666316757811809E-002
   2.3900000000099930        8.9178314992082133E-002
   2.4000000000099928        8.8710243431541810E-002
   2.4100000000099926        8.8261638483328436E-002
   2.4200000000099924        8.7832027423207948E-002
   2.4300000000099922        8.7420929158708721E-002
   2.4400000000099920        8.7027854984768449E-002
   2.4500000000099917        8.6652309331070307E-002
   2.4600000000099915        8.6293790500275386E-002
   2.4700000000099913        8.5951791396390906E-002
   2.4800000000099911        8.5625800242544889E-002
   2.4900000000099909        8.5315301287471335E-002
   2.5000000000099907        8.5019775500040640E-002
   2.5100000000099905        8.4738701251204598E-002
   2.5200000000099902        8.4471554982756020E-002
   2.5300000000099900        8.4217811862336595E-002
   2.5400000000099898        8.3976946424158247E-002
   2.5500000000099896        8.3748433194937230E-002
   2.5600000000099894        8.3531747304569789E-002
   2.5700000000099892        8.3326365081112769E-002
   2.5800000000099890        8.3131764629663138E-002
   2.5900000000099888        8.2947426394761437E-002
   2.6000000000099885        8.2772833705977183E-002
   2.6100000000099883        8.2607473306362894E-002
   2.6200000000099881        8.2450835863496011E-002
   2.6300000000099879        8.2302416462856756E-002
   2.6400000000099877        8.2161715083320680E-002
   2.6500000000099875        8.2028237054573294E-002
   2.6600000000099873        8.1901493496283756E-002
   2.6700000000099871        8.1781001738902084E-002
   2.6800000000099868        8.1666285725974050E-002
   2.6900000000099866        8.1556876397892636E-002
   2.7000000000099864        8.1452312057034890E-002
   2.7100000000099862        8.1352138714256575E-002
   2.7200000000099860        8.1255910416745292E-002
   2.7300000000099858        8.1163189557255599E-002
   2.7400000000099856        8.1073547164776577E-002
   2.7500000000099853        8.0986563176703830E-002
   2.7600000000099851        8.0901826692613893E-002
   2.7700000000099849        8.0818936209759482E-002
   2.7800000000099847        8.0737499840427704E-002
   2.7900000000099845        8.0657135511323502E-002
   2.8000000000099843        8.0577471145162602E-002
   2.8100000000099841        8.0498144824677251E-002
   2.8200000000099839        8.0418804939258112E-002
   2.8300000000099836        8.0339110314473355E-002
   2.8400000000099834        8.0258730324725261E-002
   2.8500000000099832        8.0177344989320679E-002
   2.8600000000099830        8.0094645052248753E-002
   2.8700000000099828        8.0010332045974214E-002
   2.8800000000099826        7.9924118339571387E-002
   2.8900000000099824        7.9835727171534837E-002
   2.9000000000099821        7.9744892667620221E-002
   2.9100000000099819        7.9651359844077591E-002
   2.9200000000099817        7.9554884596654288E-002
   2.9300000000099815        7.9455233675752884E-002
   2.9400000000099813        7.9352184648142893E-002
   2.9500000000099811        7.9245525845631742E-002
   2.9600000000099809        7.9135056301110507E-002
   2.9700000000099807        7.9020585672398252E-002
   2.9800000000099804        7.8901934154314596E-002
   2.9900000000099802        7.8778932379417577E-002
   3.0000000000099800        7.8651421307849093E-002
   3.0100000000099798        7.8519252106734785E-002
   3.0200000000099796        7.8382286019589922E-002
   3.0300000000099794        7.8240394226184964E-002
   3.0400000000099792        7.8093457693328538E-002
   3.0500000000099790        7.7941367017025961E-002
   3.0600000000099787        7.7784022256473309E-002
   3.0700000000099785        7.7621332760347175E-002
   3.0800000000099783        7.7453216985850198E-002
   3.0900000000099781        7.7279602310970447E-002
   3.1000000000099779        7.7100424840412574E-002
   3.1100000000099777        7.6915629205655089E-002
   3.1200000000099775        7.6725168359585094E-002
   3.1300000000099772        7.6529003366159629E-002
   3.1400000000099770        7.6327103185536552E-002
   3.1500000000099768        7.6119444455114621E-002
   3.1600000000099766        7.5906011266916498E-002
   3.1700000000099764        7.5686794941742491E-002
   3.1800000000099762        7.5461793800516250E-002
   3.1900000000099760        7.5231012933237681E-002
   3.2000000000099758        7.4994463965949248E-002
   3.2100000000099755        7.4752164826115991E-002
   3.2200000000099753        7.4504139506809314E-002
   3.2300000000099751        7.4250417830077658E-002
   3.2400000000099749        7.3991035209876571E-002
   3.2500000000099747        7.3726032414922690E-002
   3.2600000000099745        7.3455455331825265E-002
   3.2700000000099743        7.3179354728838630E-002
   3.2800000000099740        7.2897786020570648E-002
   3.2900000000099738        7.2610809033967744E-002
   3.3000000000099736        7.2318487775890561E-002
   3.3100000000099734        7.2020890202579596E-002
   3.3200000000099732        7.1718087991301055E-002
   3.3300000000099730        7.1410156314450246E-002
   3.3400000000099728        7.1097173616378864E-002
   3.3500000000099726        7.0779221393201364E-002
   3.3600000000099723        7.0456383975821518E-002
   3.3700000000099721        7.0128748316411027E-002
   3.3800000000099719        6.9796403778557642E-002
   3.3900000000099717        6.9459441931289542E-002
   3.4000000000099715        6.9117956347170328E-002
   3.4100000000099713        6.8772042404646253E-002
   3.4200000000099711        6.8421797094815620E-002
   3.4300000000099709        6.8067318832778931E-002
   3.4400000000099706        6.7708707273714433E-002
   3.4500000000099704        6.7346063133814194E-002
   3.4600000000099702        6.6979488016201863E-002
   3.4700000000099700        6.6609084241942909E-002
   3.4800000000099698        6.6234954686246003E-002
   3.4900000000099696        6.5857202619942892E-002
   3.5000000000099694        6.5475931556323100E-002
   3.5100000000099691        6.5091245103387735E-002
   3.5200000000099689        6.4703246821577756E-002
   3.5300000000099687        6.4312040087018782E-002
   3.5400000000099685        6.3917727960317222E-002
   3.5500000000099683        6.3520413060928788E-002
   3.5600000000099681        6.3120197447114140E-002
   3.5700000000099679        6.2717182501483879E-002
   3.5800000000099677        6.2311468822127458E-002
   3.5900000000099674        6.1903156119311228E-002
   3.6000000000099672        6.1492343117720873E-002
   3.6100000000099670        6.1079127464217342E-002
   3.6200000000099668        6.0663605641065009E-002
   3.6300000000099666        6.0245872884583961E-002
   3.6400000000099664        5.9826023109171636E-002
   3.6500000000099662        5.9404148836630019E-002
   3.6600000000099659        5.8980341130729620E-002
   3.6700000000099657        5.8554689536934060E-002
   3.6800000000099655        5.8127282027203041E-002
   3.6900000000099653        5.7698204949786135E-002
   3.7000000000099651        5.7267542983913969E-002
   3.7100000000099649        5.6835379099288576E-002
   3.7200000000099647        5.6401794520270040E-002
   3.7300000000099645        5.5966868694651908E-002
   3.7400000000099642        5.5530679266913421E-002
   3.7500000000099640        5.5093302055834813E-002
   3.7600000000099638        5.4654811036354792E-002
   3.7700000000099636        5.4215278325551522E-002
   3.7800000000099634        5.3774774172619597E-002
   3.7900000000099632        5.3333366952718661E-002
   3.8000000000099630        5.2891123164562980E-002
   3.8100000000099628        5.2448107431622114E-002
   3.8200000000099625        5.2004382506799354E-002
   3.8300000000099623        5.1560009280454767E-002
   3.8400000000099621        5.1115046791637544E-002
   3.8500000000099619        5.0669552242392078E-002
   3.8600000000099617        5.0223581015001503E-002
   3.8700000000099615        4.9777186692032203E-002
   3.8800000000099613        4.9330421079042078E-002
   3.8900000000099610        4.8883334229816708E-002
   3.9000000000099608        4.8435974473996161E-002
   3.9100000000099606        4.7988388446957471E-002
   3.9200000000099604        4.7540621121816916E-002
   3.9300000000099602        4.7092715843418079E-002
   3.9400000000099600        4.6644714364172453E-002
   3.9500000000099598        4.6196656881620106E-002
   3.9600000000099596        4.5748582077580029E-002
   3.9700000000099593        4.5300527158760137E-002
   3.9800000000099591        4.4852527898700242E-002
   3.9900000000099589        4.4404618680920584E-002
   4.0000000000099591        4.3956832543152941E-002
   4.0100000000099589        4.3509201222531629E-002
   4.0200000000099587        4.3061755201624093E-002
   4.0300000000099585        4.2614523755183299E-002
   4.0400000000099583        4.2167534997506931E-002
   4.0500000000099581        4.1720815930288958E-002
   4.0600000000099579        4.1274392490854045E-002
   4.0700000000099577        4.0828289600665792E-002
   4.0800000000099574        4.0382531214003856E-002
   4.0900000000099572        3.9937140366707431E-002
   4.1000000000099570        3.9492139224884343E-002
   4.1100000000099568        3.9047549133490088E-002
   4.1200000000099566        3.8603390664682179E-002
   4.1300000000099564        3.8159683665859215E-002
   4.1400000000099562        3.7716447307297084E-002
   4.1500000000099559        3.7273700129297996E-002
   4.1600000000099557        3.6831460088771521E-002
   4.1700000000099555        3.6389744605169513E-002
   4.1800000000099553        3.5948570605701100E-002
   4.1900000000099551        3.5507954569757076E-002
   4.2000000000099549        3.5067912572476448E-002
   4.2100000000099547        3.4628460327391544E-002
   4.2200000000099545        3.4189613228092566E-002
   4.2300000000099542        3.3751386388854131E-002
   4.2400000000099540        3.3313794684173177E-002
   4.2500000000099538        3.2876852787168162E-002
   4.2600000000099536        3.2440575206795677E-002
   4.2700000000099534        3.2004976323843304E-002
   4.2800000000099532        3.1570070425661623E-002
   4.2900000000099530        3.1135871739602184E-002
   4.3000000000099527        3.0702394465131722E-002
   4.3100000000099525        3.0269652804597758E-002
   4.3200000000099523        2.9837660992622955E-002
   4.3300000000099521        2.9406433324110755E-002
   4.3400000000099519        2.8975984180847979E-002
   4.3500000000099517        2.8546328056693614E-002
   4.3600000000099515        2.8117479581346631E-002
   4.3700000000099513        2.7689453542690180E-002
   4.3800000000099510        2.7262264907711265E-002
   4.3900000000099508        2.6835928841999940E-002
   4.4000000000099506        2.6410460727834345E-002
   4.4100000000099504        2.5985876180861879E-002
   4.4200000000099502        2.5562191065389216E-002
   4.4300000000099500        2.5139421508296643E-002
   4.4400000000099498        2.4717583911596442E-002
   4.4500000000099496        2.4296694963655434E-002
   4.4600000000099493        2.3876771649106242E-002
   4.4700000000099491        2.3457831257473354E-002
   4.4800000000099489        2.3039891390541929E-002
   4.4900000000099487        2.2622969968500471E-002
   4.5000000000099485        2.2207085234888742E-002
   4.5100000000099483        2.1792255760385300E-002
   4.5200000000099481        2.1378500445470187E-002
   4.5300000000099478        2.0965838521998501E-002
   4.5400000000099476        2.0554289553724119E-002
   4.5500000000099474        2.0143873435810655E-002
   4.5600000000099472        1.9734610393370645E-002
   4.5700000000099470        1.9326520979071612E-002
   4.5800000000099468        1.8919626069850697E-002
   4.5900000000099466        1.8513946862777103E-002
   4.6000000000099464        1.8109504870104966E-002
   4.6100000000099461        1.7706321913554781E-002
   4.6200000000099459        1.7304420117865697E-002
   4.6300000000099457        1.6903821903657291E-002
   4.6400000000099455        1.6504549979640581E-002
   4.6500000000099453        1.6106627334216340E-002
   4.6600000000099451        1.5710077226498510E-002
   4.6700000000099449        1.5314923176799375E-002
   4.6800000000099446        1.4921188956611649E-002
   4.6900000000099444        1.4528898578122168E-002
   4.7000000000099442        1.4138076283289535E-002
   4.7100000000099440        1.3748746532518211E-002
   4.7200000000099438        1.3360933992957869E-002
   4.7300000000099436        1.2974663526457830E-002
   4.7400000000099434        1.2589960177202824E-002
   4.7500000000099432        1.2206849159055873E-002
   4.7600000000099429        1.1825355842631620E-002
   4.7700000000099427        1.1445505742122905E-002
   4.7800000000099425        1.1067324501900575E-002
   4.7900000000099423        1.0690837882905454E-002
   4.8000000000099421        1.0316071748850041E-002
   4.8100000000099419        9.9430520522453148E-003
   4.8200000000099417        9.5718048202668247E-003
   4.8300000000099415        9.2023561404731384E-003
   4.8400000000099412        8.8347321463870653E-003
   4.8500000000099410        8.4689590029508113E-003
   4.8600000000099408        8.1050628918621030E-003
   4.8700000000099406        7.7430699968004304E-003
   4.8800000000099404        7.3830064885484718E-003
   4.8900000000099402        7.0248985100149486E-003
   4.9000000000099400        6.6687721611626023E-003
   4.9100000000099397        6.3146534838461332E-003
   4.9200000000099395        5.9625684465621619E-003
   4.9300000000099393        5.6125429291142654E-003
   4.9400000000099391        5.2646027071956468E-003
   4.9500000000099389        4.9187734368902015E-003
   4.9600000000099387        4.5750806390949892E-003
   4.9700000000099385        4.2335496838652202E-003
   4.9800000000099383        3.8942057746828378E-003
   4.9900000000099380        3.5570739326528391E-003
