   9.9999999999999994E-012 -0.11379941686993691     
   1.0000000010000001E-002 -0.11369473379165626     
   2.0000000010000001E-002 -0.11333983212329410     
   3.0000000010000000E-002 -0.11273621819698305     
   4.0000000010000002E-002 -0.11188639924144823     
   5.0000000010000004E-002 -0.11079383587947925     
   6.0000000010000006E-002 -0.10946288288938152     
   7.0000000010000007E-002 -0.10789871839993177     
   8.0000000010000002E-002 -0.10610726474628389     
   9.0000000009999997E-002 -0.10409510424241508     
  0.10000000000999999      -0.10186939292066532     
  0.11000000000999999       -9.9437774911614138E-002
  0.12000000000999998       -9.6808299656428329E-002
  0.13000000000999998       -9.3989343623198621E-002
  0.14000000000999999       -9.0989537690969624E-002
  0.15000000001000000       -8.7817700907287383E-002
  0.16000000001000000       -8.4482780937880128E-002
  0.17000000001000001       -8.0993801219861383E-002
  0.18000000001000002       -7.7359814600579530E-002
  0.19000000001000003       -7.3589863085337812E-002
  0.20000000001000004       -6.9692943217910197E-002
  0.21000000001000005       -6.5677976566007781E-002
  0.22000000001000006       -6.1553784768119971E-002
  0.23000000001000007       -5.7329068608288528E-002
  0.24000000001000008       -5.3012390612894852E-002
  0.25000000001000006       -4.8612160701742159E-002
  0.26000000001000007       -4.4136624469509646E-002
  0.27000000001000007       -3.9593853719363949E-002
  0.28000000001000008       -3.4991738915588565E-002
  0.29000000001000009       -3.0337983264878670E-002
  0.30000000001000010       -2.5640098175469566E-002
  0.31000000001000011       -2.0905399879013471E-002
  0.32000000001000012       -1.6141007031940869E-002
  0.33000000001000013       -1.1353839140996374E-002
  0.34000000001000014       -6.5506156819405735E-003
  0.35000000001000015       -1.7378558013433684E-003
  0.36000000001000015        3.0781214907095325E-003
  0.37000000001000016        7.8911967139762094E-003
  0.38000000001000017        1.2695448961635103E-002
  0.39000000001000018        1.7485154647455235E-002
  0.40000000001000019        2.2254786000939587E-002
  0.41000000001000020        2.6999009347337365E-002
  0.42000000001000021        3.1712683203228016E-002
  0.43000000001000022        3.6390856213277457E-002
  0.44000000001000023        4.1028764949580784E-002
  0.45000000001000023        4.5621831591588849E-002
  0.46000000001000024        5.0165661501837322E-002
  0.47000000001000025        5.4656040710449869E-002
  0.48000000001000026        5.9088933319576223E-002
  0.49000000001000027        6.3460478837476519E-002
  0.50000000001000022        6.7766989450804921E-002
  0.51000000001000023        7.2004947242725395E-002
  0.52000000001000024        7.6171001363763730E-002
  0.53000000001000025        8.0261965161722376E-002
  0.54000000001000026        8.4274813276529137E-002
  0.55000000001000027        8.8206678705527508E-002
  0.56000000001000028        9.2054849844423581E-002
  0.57000000001000029        9.5816767508868222E-002
  0.58000000001000029        9.9490021941453788E-002
  0.59000000001000030       0.10307234980873319     
  0.60000000001000031       0.10656163119271540     
  0.61000000001000032       0.10995588658114934     
  0.62000000001000033       0.11325327386076831     
  0.63000000001000034       0.11645208531753024     
  0.64000000001000035       0.11955074464774736     
  0.65000000001000036       0.12254780398385245     
  0.66000000001000036       0.12544194093839525     
  0.67000000001000037       0.12823195566970252     
  0.68000000001000038       0.13091676797246415     
  0.69000000001000039       0.13349541439633159     
  0.70000000001000040       0.13596704539542856     
  0.71000000001000041       0.13833092251148127     
  0.72000000001000042       0.14058641559307528     
  0.73000000001000043       0.14273300005334211     
  0.74000000001000044       0.14477025416816719     
  0.75000000001000044       0.14669785641679817     
  0.76000000001000045       0.14851558286651564     
  0.77000000001000046       0.15022330460281147     
  0.78000000001000047       0.15182098520630011     
  0.79000000001000048       0.15330867827737227     
  0.80000000001000049       0.15468652500938324     
  0.81000000001000050       0.15595475181095556     
  0.82000000001000051       0.15711366797776521     
  0.83000000001000052       0.15816366341397620     
  0.84000000001000052       0.15910520640328601     
  0.85000000001000053       0.15993884142935311     
  0.86000000001000054       0.16066518704518559     
  0.87000000001000055       0.16128493379089348     
  0.88000000001000056       0.16179884215903217     
  0.89000000001000057       0.16220774060660023     
  0.90000000001000058       0.16251252361259888     
  0.91000000001000059       0.16271414977991211     
  0.92000000001000060       0.16281363998012904     
  0.93000000001000060       0.16281207553980157     
  0.94000000001000061       0.16271059646651295     
  0.95000000001000062       0.16251039971302442     
  0.96000000001000063       0.16221273747766768     
  0.97000000001000064       0.16181891553906286     
  0.98000000001000065       0.16133029162316143     
  0.99000000001000066       0.16074827380054801     
   1.0000000000100007       0.16007431891187915     
   1.0100000000100007       0.15930993101929164     
   1.0200000000100007       0.15845665988157617     
   1.0300000000100007       0.15751609945087380     
   1.0400000000100007       0.15648988638865075     
   1.0500000000100007       0.15537969859870165     
   1.0600000000100007       0.15418725377492506     
   1.0700000000100007       0.15291430796163744     
   1.0800000000100007       0.15156265412421091     
   1.0900000000100007       0.15013412072785648     
   1.1000000000100008       0.14863057032241445     
   1.1100000000100008       0.14705389813106726     
   1.1200000000100008       0.14540603064095053     
   1.1300000000100008       0.14368892419370599     
   1.1400000000100008       0.14190456357410136     
   1.1500000000100008       0.14005496059492348     
   1.1600000000100008       0.13814215267645072     
   1.1700000000100008       0.13616820141890695     
   1.1800000000100008       0.13413519116641240     
   1.1900000000100008       0.13204522756106032     
   1.2000000000100008       0.12990043608587071     
   1.2100000000100009       0.12770296059550182     
   1.2200000000100009       0.12545496183373311     
   1.2300000000100009       0.12315861593687276     
   1.2400000000100009       0.12081611292238699     
   1.2500000000100009       0.11842965516219668     
   1.2600000000100009       0.11600145584023761     
   1.2700000000100009       0.11353373739403678     
   1.2800000000100009       0.11102872994021402     
   1.2900000000100009       0.10848866968397752     
   1.3000000000100009       0.10591579731284355     
   1.3100000000100009       0.10331235637496990     
   1.3200000000100010       0.10068059164265783     
   1.3300000000100010        9.8022747461734644E-002
   1.3400000000100010        9.5341066087690510E-002
   1.3500000000100010        9.2637786009601625E-002
   1.3600000000100010        8.9915140263025370E-002
   1.3700000000100010        8.7175354733206173E-002
   1.3800000000100010        8.4420646450078823E-002
   1.3900000000100010        8.1653221876698434E-002
   1.4000000000100010        7.8875275192865607E-002
   1.4100000000100010        7.6088986575846479E-002
   1.4200000000100010        7.3296520480212735E-002
   1.4300000000100010        7.0500023918946511E-002
   1.4400000000100011        6.7701624748063641E-002
   1.4500000000100011        6.4903429957112249E-002
   1.4600000000100011        6.2107523967997028E-002
   1.4700000000100011        5.9315966944662665E-002
   1.4800000000100011        5.6530793116245405E-002
   1.4900000000100011        5.3754009116363702E-002
   1.5000000000100011        5.0987592341275666E-002
   1.5100000000100011        4.8233489329669234E-002
   1.5200000000100011        4.5493614166886451E-002
   1.5300000000100011        4.2769846916400747E-002
   1.5400000000100011        4.0064032081375545E-002
   1.5500000000100012        3.7377977099129732E-002
   1.5600000000100012        3.4713450871320647E-002
   1.5700000000100012        3.2072182332628450E-002
   1.5800000000100012        2.9455859060689836E-002
   1.5900000000100012        2.6866125929977357E-002
   1.6000000000100012        2.4304583812263247E-002
   1.6100000000100012        2.1772788326232966E-002
   1.6200000000100012        1.9272248638734148E-002
   1.6300000000100012        1.6804426320053391E-002
   1.6400000000100012        1.4370734255512257E-002
   1.6500000000100012        1.1972535615563015E-002
   1.6600000000100013        9.6111428864446621E-003
   1.6700000000100013        7.2878169633321943E-003
   1.6800000000100013        5.0037663077763641E-003
   1.6900000000100013        2.7601461710887675E-003
   1.7000000000100013        5.5805788517862001E-004
   1.7100000000100013       -1.6014517778074112E-003
   1.7200000000100013       -3.7173911758492995E-003
   1.7300000000100013       -5.7888242963931970E-003
   1.7400000000100013       -7.8148711838033173E-003
   1.7500000000100013       -9.7947082942339055E-003
   1.7600000000100013       -1.1727568777399010E-002
   1.7700000000100014       -1.3612742684891549E-002
   1.7800000000100014       -1.5449577104875128E-002
   1.7900000000100014       -1.7237476223144161E-002
   1.8000000000100014       -1.8975901310720616E-002
   1.8100000000100014       -2.0664370638323833E-002
   1.8200000000100014       -2.2302459318218070E-002
   1.8300000000100014       -2.3889799074105322E-002
   1.8400000000100014       -2.5426077939892665E-002
   1.8500000000100014       -2.6911039888317279E-002
   1.8600000000100014       -2.8344484390565573E-002
   1.8700000000100014       -2.9726265908166811E-002
   1.8800000000100014       -3.1056293318581146E-002
   1.8900000000100015       -3.2334529276037589E-002
   1.9000000000100015       -3.3560989509300712E-002
   1.9100000000100015       -3.4735742058167506E-002
   1.9200000000100015       -3.5858906450606826E-002
   1.9300000000100015       -3.6930652822557392E-002
   1.9400000000100015       -3.7951200982499669E-002
   1.9500000000100015       -3.8920819423003634E-002
   1.9600000000100015       -3.9839824281535562E-002
   1.9700000000100015       -4.0708578252880781E-002
   1.9800000000100015       -4.1527489455601273E-002
   1.9900000000100015       -4.2297010255006061E-002
   2.0000000000100013       -4.3017636045157320E-002
   2.0100000000100011       -4.3689903992477103E-002
   2.0200000000100009       -4.4314391743549973E-002
   2.0300000000100007       -4.4891716099742435E-002
   2.0400000000100005       -4.5422531661274385E-002
   2.0500000000100003       -4.5907529443389244E-002
   2.0600000000100001       -4.6347435467267828E-002
   2.0700000000099998       -4.6743009328329935E-002
   2.0800000000099996       -4.7095042744551743E-002
   2.0900000000099994       -4.7404358087411974E-002
   2.1000000000099992       -4.7671806898052560E-002
   2.1100000000099990       -4.7898268391212882E-002
   2.1200000000099988       -4.8084647949457118E-002
   2.1300000000099986       -4.8231875610177291E-002
   2.1400000000099983       -4.8340904547806637E-002
   2.1500000000099981       -4.8412709553629862E-002
   2.1600000000099979       -4.8448285515522049E-002
   2.1700000000099977       -4.8448645899890688E-002
   2.1800000000099975       -4.8414821238035297E-002
   2.1900000000099973       -4.8347857619073897E-002
   2.2000000000099971       -4.8248815191520501E-002
   2.2100000000099969       -4.8118766675527905E-002
   2.2200000000099966       -4.7958795887739783E-002
   2.2300000000099964       -4.7769996280623062E-002
   2.2400000000099962       -4.7553469498078864E-002
   2.2500000000099960       -4.7310323949052331E-002
   2.2600000000099958       -4.7041673400789338E-002
   2.2700000000099956       -4.6748635593308406E-002
   2.2800000000099954       -4.6432330876581288E-002
   2.2900000000099952       -4.6093880871836579E-002
   2.3000000000099949       -4.5734407158326287E-002
   2.3100000000099947       -4.5355029986815676E-002
   2.3200000000099945       -4.4956867020983247E-002
   2.3300000000099943       -4.4541032107839600E-002
   2.3400000000099941       -4.4108634078200870E-002
   2.3500000000099939       -4.3660775578178025E-002
   2.3600000000099937       -4.3198551932569836E-002
   2.3700000000099934       -4.2723050040976859E-002
   2.3800000000099932       -4.2235347307382438E-002
   2.3900000000099930       -4.1736510603877931E-002
   2.4000000000099928       -4.1227595269142943E-002
   2.4100000000099926       -4.0709644142222494E-002
   2.4200000000099924       -4.0183686632082730E-002
   2.4300000000099922       -3.9650737823359178E-002
   2.4400000000099920       -3.9111797618654569E-002
   2.4500000000099917       -3.8567849917680565E-002
   2.4600000000099915       -3.8019861833481390E-002
   2.4700000000099913       -3.7468782945920452E-002
   2.4800000000099911       -3.6915544592557387E-002
   2.4900000000099909       -3.6361059196988045E-002
   2.5000000000099907       -3.5806219634671489E-002
   2.5100000000099905       -3.5251898636216257E-002
   2.5200000000099902       -3.4698948228051224E-002
   2.5300000000099900       -3.4148199210359866E-002
   2.5400000000099898       -3.3600460672112045E-002
   2.5500000000099896       -3.3056519542984560E-002
   2.5600000000099894       -3.2517140181919417E-002
   2.5700000000099892       -3.1983064002029368E-002
   2.5800000000099890       -3.1455009131520897E-002
   2.5900000000099888       -3.0933670110268756E-002
   2.6000000000099885       -3.0419717621639308E-002
   2.6100000000099883       -2.9913798259126149E-002
   2.6200000000099881       -2.9416534327327954E-002
   2.6300000000099879       -2.8928523676767799E-002
   2.6400000000099877       -2.8450339572022171E-002
   2.6500000000099875       -2.7982530592598226E-002
   2.6600000000099873       -2.7525620565971298E-002
   2.6700000000099871       -2.7080108532168079E-002
   2.6800000000099868       -2.6646468739253339E-002
   2.6900000000099866       -2.6225150669057267E-002
   2.7000000000099864       -2.5816579092455320E-002
   2.7100000000099862       -2.5421154153491037E-002
   2.7200000000099860       -2.5039251481612339E-002
   2.7300000000099858       -2.4671222331272179E-002
   2.7400000000099856       -2.4317393748125710E-002
   2.7500000000099853       -2.3978068761039771E-002
   2.7600000000099851       -2.3653526599114339E-002
   2.7700000000099849       -2.3344022932899822E-002
   2.7800000000099847       -2.3049790138982458E-002
   2.7900000000099845       -2.2771037587095443E-002
   2.8000000000099843       -2.2507951948903593E-002
   2.8100000000099841       -2.2260697527598072E-002
   2.8200000000099839       -2.2029416607429624E-002
   2.8300000000099836       -2.1814229822299979E-002
   2.8400000000099834       -2.1615236542524906E-002
   2.8500000000099832       -2.1432515278876740E-002
   2.8600000000099830       -2.1266124103008877E-002
   2.8700000000099828       -2.1116101083363360E-002
   2.8800000000099826       -2.0982464735658270E-002
   2.8900000000099824       -2.0865214487052051E-002
   2.9000000000099821       -2.0764331153081877E-002
   2.9100000000099819       -2.0679777426473960E-002
   2.9200000000099817       -2.0611498376926701E-002
   2.9300000000099815       -2.0559421960969916E-002
   2.9400000000099813       -2.0523459541010765E-002
   2.9500000000099811       -2.0503506412678469E-002
   2.9600000000099809       -2.0499442339591188E-002
   2.9700000000099807       -2.0511132094673461E-002
   2.9800000000099804       -2.0538426007162401E-002
   2.9900000000099802       -2.0581160514450757E-002
   3.0000000000099800       -2.0639158717926914E-002
   3.0100000000099798       -2.0712230941981623E-002
   3.0200000000099796       -2.0800175295367113E-002
   3.0300000000099794       -2.0902778234105156E-002
   3.0400000000099792       -2.1019815125158280E-002
   3.0500000000099790       -2.1151050810091377E-002
   3.0600000000099787       -2.1296240167969452E-002
   3.0700000000099785       -2.1455128676753345E-002
   3.0800000000099783       -2.1627452972473583E-002
   3.0900000000099781       -2.1812941405482084E-002
   3.1000000000099779       -2.2011314593098873E-002
   3.1100000000099777       -2.2222285967993589E-002
   3.1200000000099775       -2.2445562321660804E-002
   3.1300000000099772       -2.2680844342368417E-002
   3.1400000000099770       -2.2927827146983614E-002
   3.1500000000099768       -2.3186200806098234E-002
   3.1600000000099766       -2.3455650861903373E-002
   3.1700000000099764       -2.3735858838280537E-002
   3.1800000000099762       -2.4026502742605694E-002
   3.1900000000099760       -2.4327257558781117E-002
   3.2000000000099758       -2.4637795731037297E-002
   3.2100000000099755       -2.4957787638070033E-002
   3.2200000000099753       -2.5286902057101136E-002
   3.2300000000099751       -2.5624806617478312E-002
   3.2400000000099749       -2.5971168243450471E-002
   3.2500000000099747       -2.6325653585782278E-002
   3.2600000000099745       -2.6687929441895086E-002
   3.2700000000099743       -2.7057663164245009E-002
   3.2800000000099740       -2.7434523056674286E-002
   3.2900000000099738       -2.7818178758495883E-002
   3.3000000000099736       -2.8208301616094934E-002
   3.3100000000099734       -2.8604565041854813E-002
   3.3200000000099732       -2.9006644860238285E-002
   3.3300000000099730       -2.9414219640879192E-002
   3.3400000000099728       -2.9826971018560390E-002
   3.3500000000099726       -3.0244583999978768E-002
   3.3600000000099723       -3.0666747257218463E-002
   3.3700000000099721       -3.1093153407876616E-002
   3.3800000000099719       -3.1523499281805548E-002
   3.3900000000099717       -3.1957486174458372E-002
   3.4000000000099715       -3.2394820086843142E-002
   3.4100000000099713       -3.2835211952112267E-002
   3.4200000000099711       -3.3278377848831794E-002
   3.4300000000099709       -3.3724039200995613E-002
   3.4400000000099706       -3.4171922964865944E-002
   3.4500000000099704       -3.4621761802740660E-002
   3.4600000000099702       -3.5073294243763861E-002
   3.4700000000099700       -3.5526264831913658E-002
   3.4800000000099698       -3.5980424261315272E-002
   3.4900000000099696       -3.6435529499044564E-002
   3.5000000000099694       -3.6891343895600302E-002
   3.5100000000099691       -3.7347637283237159E-002
   3.5200000000099689       -3.7804186062365484E-002
   3.5300000000099687       -3.8260773276236060E-002
   3.5400000000099685       -3.8717188674138849E-002
   3.5500000000099683       -3.9173228763357645E-002
   3.5600000000099681       -3.9628696850130804E-002
   3.5700000000099679       -4.0083403069880688E-002
   3.5800000000099677       -4.0537164406979909E-002
   3.5900000000099674       -4.0989804704335463E-002
   3.6000000000099672       -4.1441154663074242E-002
   3.6100000000099670       -4.1891051832625599E-002
   3.6200000000099668       -4.2339340591499561E-002
   3.6300000000099666       -4.2785872119065788E-002
   3.6400000000099664       -4.3230504358645269E-002
   3.6500000000099662       -4.3673101972228498E-002
   3.6600000000099659       -4.4113536287139314E-002
   3.6700000000099657       -4.4551685234968004E-002
   3.6800000000099655       -4.4987433283095658E-002
   3.6900000000099653       -4.5420671359139922E-002
   3.7000000000099651       -4.5851296768648554E-002
   3.7100000000099649       -4.6279213106370579E-002
   3.7200000000099647       -4.6704330161435263E-002
   3.7300000000099645       -4.7126563816768621E-002
   3.7400000000099642       -4.7545835943076195E-002
   3.7500000000099640       -4.7962074287720327E-002
   3.7600000000099638       -4.8375212358818906E-002
   3.7700000000099636       -4.8785189304889336E-002
   3.7800000000099634       -4.9191949790360172E-002
   3.7900000000099632       -4.9595443867269419E-002
   3.8000000000099630       -4.9995626843465660E-002
   3.8100000000099628       -5.0392459147623914E-002
   3.8200000000099625       -5.0785906191384178E-002
   3.8300000000099623       -5.1175938228917042E-002
   3.8400000000099621       -5.1562530214214849E-002
   3.8500000000099619       -5.1945661656402978E-002
   3.8600000000099617       -5.2325316473358606E-002
   3.8700000000099615       -5.2701482843921621E-002
   3.8800000000099613       -5.3074153058972742E-002
   3.8900000000099610       -5.3443323371651544E-002
   3.9000000000099608       -5.3808993846976884E-002
   3.9100000000099606       -5.4171168211128419E-002
   3.9200000000099604       -5.4529853700639688E-002
   3.9300000000099602       -5.4885060911745553E-002
   3.9400000000099600       -5.5236803650121666E-002
   3.9500000000099598       -5.5585098781242404E-002
   3.9600000000099596       -5.5929966081580330E-002
   3.9700000000099593       -5.6271428090858930E-002
   3.9800000000099591       -5.6609509965564110E-002
   3.9900000000099589       -5.6944239333910983E-002
   4.0000000000099591       -5.7275646152455263E-002
   4.0100000000099589       -5.7603762564528392E-002
   4.0200000000099587       -5.7928622760669221E-002
   4.0300000000099585       -5.8250262841214581E-002
   4.0400000000099583       -5.8568720681203404E-002
   4.0500000000099581       -5.8884035797740028E-002
   4.0600000000099579       -5.9196249219954492E-002
   4.0700000000099577       -5.9505403361686325E-002
   4.0800000000099574       -5.9811541897012967E-002
   4.0900000000099572       -6.0114709638731813E-002
   4.1000000000099570       -6.0414952419898749E-002
   4.1100000000099568       -6.0712316978515514E-002
   4.1200000000099566       -6.1006850845449698E-002
   4.1300000000099564       -6.1298602235663316E-002
   4.1400000000099562       -6.1587619942816960E-002
   4.1500000000099559       -6.1873953237306725E-002
   4.1600000000099557       -6.2157651767784580E-002
   4.1700000000099555       -6.2438765466203416E-002
   4.1800000000099553       -6.2717344456419744E-002
   4.1900000000099551       -6.2993438966379448E-002
   4.2000000000099549       -6.3267099243903918E-002
   4.2100000000099547       -6.3538375476085623E-002
   4.2200000000099545       -6.3807317712296294E-002
   4.2300000000099542       -6.4073975790801069E-002
   4.2400000000099540       -6.4338399268967728E-002
   4.2500000000099538       -6.4600637357050378E-002
   4.2600000000099536       -6.4860738855523639E-002
   4.2700000000099534       -6.5118752095933374E-002
   4.2800000000099532       -6.5374724885228011E-002
   4.2900000000099530       -6.5628704453524256E-002
   4.3000000000099527       -6.5880737405260598E-002
   4.3100000000099525       -6.6130869673681814E-002
   4.3200000000099523       -6.6379146478596843E-002
   4.3300000000099521       -6.6625612287345842E-002
   4.3400000000099519       -6.6870310778908384E-002
   4.3500000000099517       -6.7113284811081253E-002
   4.3600000000099515       -6.7354576390650803E-002
   4.3700000000099513       -6.7594226646480932E-002
   4.3800000000099510       -6.7832275805436187E-002
   4.3900000000099508       -6.8068763171055549E-002
   4.4000000000099506       -6.8303727104891715E-002
   4.4100000000099504       -6.8537205010427121E-002
   4.4200000000099502       -6.8769233319478956E-002
   4.4300000000099500       -6.8999847481000937E-002
   4.4400000000099498       -6.9229081952191796E-002
   4.4500000000099496       -6.9456970191818179E-002
   4.4600000000099493       -6.9683544655658985E-002
   4.4700000000099491       -6.9908836793980064E-002
   4.4800000000099489       -7.0132877050946063E-002
   4.4900000000099487       -7.0355694865878532E-002
   4.5000000000099485       -7.0577318676269069E-002
   4.5100000000099483       -7.0797775922457812E-002
   4.5200000000099481       -7.1017093053888453E-002
   4.5300000000099478       -7.1235295536852164E-002
   4.5400000000099476       -7.1452407863635020E-002
   4.5500000000099474       -7.1668453562984638E-002
   4.5600000000099472       -7.1883455211813219E-002
   4.5700000000099470       -7.2097434448058079E-002
   4.5800000000099468       -7.2310411984619322E-002
   4.5900000000099466       -7.2522407624300983E-002
   4.6000000000099464       -7.2733440275680281E-002
   4.6100000000099461       -7.2943527969834762E-002
   4.6200000000099459       -7.3152687877857239E-002
   4.6300000000099457       -7.3360936329093643E-002
   4.6400000000099455       -7.3568288830038298E-002
   4.6500000000099453       -7.3774760083826177E-002
   4.6600000000099451       -7.3980364010262908E-002
   4.6700000000099449       -7.4185113766336214E-002
   4.6800000000099446       -7.4389021767154187E-002
   4.6900000000099444       -7.4592099707260287E-002
   4.7000000000099442       -7.4794358582274095E-002
   4.7100000000099440       -7.4995808710812795E-002
   4.7200000000099438       -7.5196459756648251E-002
   4.7300000000099436       -7.5396320751056845E-002
   4.7400000000099434       -7.5595400115323119E-002
   4.7500000000099432       -7.5793705683358845E-002
   4.7600000000099429       -7.5991244724401025E-002
   4.7700000000099427       -7.6188023965755941E-002
   4.7800000000099425       -7.6384049615555977E-002
   4.7900000000099423       -7.6579327385498969E-002
   4.8000000000099421       -7.6773862513542693E-002
   4.8100000000099419       -7.6967659786523979E-002
   4.8200000000099417       -7.7160723562680888E-002
   4.8300000000099415       -7.7353057794049968E-002
   4.8400000000099412       -7.7544666048717070E-002
   4.8500000000099410       -7.7735551532899599E-002
   4.8600000000099408       -7.7925717112838716E-002
   4.8700000000099406       -7.8115165336482634E-002
   4.8800000000099404       -7.8303898454940041E-002
   4.8900000000099402       -7.8491918443687386E-002
   4.9000000000099400       -7.8679227023511517E-002
   4.9100000000099397       -7.8865825681170648E-002
   4.9200000000099395       -7.9051715689757551E-002
   4.9300000000099393       -7.9236898128749220E-002
   4.9400000000099391       -7.9421373903727596E-002
   4.9500000000099389       -7.9605143765755657E-002
   4.9600000000099387       -7.9788208330395238E-002
   4.9700000000099385       -7.9970568096350475E-002
   4.9800000000099383       -8.0152223463724331E-002
   4.9900000000099380       -8.0333174751872100E-002
