   9.9999999999999994E-012   3.9298031453751392     
   1.0000000010000001E-002   3.9238770258175446     
   2.0000000010000001E-002   3.9053499946925547     
   3.0000000010000000E-002   3.8744865346029442     
   4.0000000010000002E-002   3.8317197088243664     
   5.0000000010000004E-002   3.7776361147158264     
   6.0000000010000006E-002   3.7129569026811917     
   7.0000000010000007E-002   3.6385160320675367     
   8.0000000010000002E-002   3.5552372250432409     
   9.0000000009999997E-002   3.4641109501222065     
  0.10000000000999999        3.3661725226132848     
  0.11000000000999999        3.2624821072034105     
  0.12000000000999998        3.1541071006580976     
  0.13000000000999998        3.0421070992649808     
  0.14000000000999999        2.9275214386497805     
  0.15000000001000000        2.8113591404107927     
  0.16000000001000000        2.6945910067429377     
  0.17000000001000001        2.5781435612398051     
  0.18000000001000002        2.4628945279231416     
  0.19000000001000003        2.3496695594815029     
  0.20000000001000004        2.2392399588678593     
  0.21000000001000005        2.1323211778663684     
  0.22000000001000006        2.0295719164162302     
  0.23000000001000007        1.9315936839134602     
  0.24000000001000008        1.8389307165480657     
  0.25000000001000006        1.7520701722586287     
  0.26000000001000007        1.6714425471102081     
  0.27000000001000007        1.5974222742549296     
  0.28000000001000008        1.5303284797571093     
  0.29000000001000009        1.4704258791495419     
  0.30000000001000010        1.4179258053116790     
  0.31000000001000011        1.3729873627299070     
  0.32000000001000012        1.3357187059359488     
  0.33000000001000013        1.3061784413533248     
  0.34000000001000014        1.2843771522626413     
  0.35000000001000015        1.2702790464001947     
  0.36000000001000015        1.2638037250455938     
  0.37000000001000016        1.2648280714973141     
  0.38000000001000017        1.2731882557043781     
  0.39000000001000018        1.2886818506103421     
  0.40000000001000019        1.3110700545403666     
  0.41000000001000020        1.3400800127727523     
  0.42000000001000021        1.3754072303132949     
  0.43000000001000022        1.4167180668959243     
  0.44000000001000023        1.4636523042359224     
  0.45000000001000023        1.5158257749022752     
  0.46000000001000024        1.5728330413818508     
  0.47000000001000025        1.6342501134407328     
  0.48000000001000026        1.6996371914526882     
  0.49000000001000027        1.7685414230800365     
  0.50000000001000022        1.8404996605255788     
  0.51000000001000023        1.9150412055234272     
  0.52000000001000024        1.9916905292956930     
  0.53000000001000025        2.0699699548660493     
  0.54000000001000026        2.1494022893827949     
  0.55000000001000027        2.2295133944558496     
  0.56000000001000028        2.3098346829478849     
  0.57000000001000029        2.3899055311716921     
  0.58000000001000029        2.4692755960267108     
  0.59000000001000030        2.5475070272499187     
  0.60000000001000031        2.6241765656527436     
  0.61000000001000032        2.6988775189588674     
  0.62000000001000033        2.7712216076406389     
  0.63000000001000034        2.8408406739672025     
  0.64000000001000035        2.9073882483184121     
  0.65000000001000036        2.9705409676786183     
  0.66000000001000036        3.0299998420968088     
  0.67000000001000037        3.0854913657783745     
  0.68000000001000038        3.1367684703528824     
  0.69000000001000039        3.1836113187361743     
  0.70000000001000040        3.2258279388684805     
  0.71000000001000041        3.2632546974581884     
  0.72000000001000042        3.2957566146887287     
  0.73000000001000043        3.3232275216495282     
  0.74000000001000044        3.3455900630272470     
  0.75000000001000044        3.3627955483369765     
  0.76000000001000045        3.3748236556815492     
  0.77000000001000046        3.3816819926978097     
  0.78000000001000047        3.3834055199790902     
  0.79000000001000048        3.3800558428510779     
  0.80000000001000049        3.3717203779220828     
  0.81000000001000050        3.3585114013267519     
  0.82000000001000051        3.3405649860335167     
  0.83000000001000052        3.3180398359894547     
  0.84000000001000052        3.2911160252313620     
  0.85000000001000053        3.2599936503981994     
  0.86000000001000054        3.2248914053377922     
  0.87000000001000055        3.1860450867097621     
  0.88000000001000056        3.1437060396475216     
  0.89000000001000057        3.0981395526552862     
  0.90000000001000058        3.0496232109822525     
  0.91000000001000059        2.9984452177363345     
  0.92000000001000060        2.9449026919753258     
  0.93000000001000060        2.8892999529451999     
  0.94000000001000061        2.8319467995247662     
  0.95000000001000062        2.7731567937843953     
  0.96000000001000063        2.7132455573756848     
  0.97000000001000064        2.6525290892407725     
  0.98000000001000065        2.5913221128662931     
  0.99000000001000066        2.5299364610095547     
   1.0000000000100007        2.4686795054947446     
   1.0100000000100007        2.4078526393168822     
   1.0200000000100007        2.3477498179028133     
   1.0300000000100007        2.2886561659629492     
   1.0400000000100007        2.2308466559402791     
   1.0500000000100007        2.1745848635911020     
   1.0600000000100007        2.1201218057633002     
   1.0700000000100007        2.0676948649403406     
   1.0800000000100007        2.0175268046105215     
   1.0900000000100007        1.9698248789997130     
   1.1000000000100008        1.9247800401747850     
   1.1100000000100008        1.8825662449864788     
   1.1200000000100008        1.8433398637770892     
   1.1300000000100008        1.8072391922324249     
   1.1400000000100008        1.7743840672115496     
   1.1500000000100008        1.7448755868442118     
   1.1600000000100008        1.7187959346471162     
   1.1700000000100008        1.6962083068786538     
   1.1800000000100008        1.6771569418298580     
   1.1900000000100008        1.6616672492394862     
   1.2000000000100008        1.6497460375256612     
   1.2100000000100009        1.6413818360476529     
   1.2200000000100009        1.6365453091514139     
   1.2300000000100009        1.6351897583135266     
   1.2400000000100009        1.6372517082823617     
   1.2500000000100009        1.6426515727244650     
   1.2600000000100009        1.6512943945203422     
   1.2700000000100009        1.6630706555186727     
   1.2800000000100009        1.6778571502531605     
   1.2900000000100009        1.6955179178532327     
   1.3000000000100009        1.7159052261399486     
   1.3100000000100009        1.7388606016929413     
   1.3200000000100010        1.7642158995040063     
   1.3300000000100010        1.7917944056989117     
   1.3400000000100010        1.8214119667116808     
   1.3500000000100010        1.8528781382355399     
   1.3600000000100010        1.8859973472520628     
   1.3700000000100010        1.9205700604548304     
   1.3800000000100010        1.9563939524359915     
   1.3900000000100010        1.9932650670929932     
   1.4000000000100010        2.0309789658378623     
   1.4100000000100010        2.0693318563518952     
   1.4200000000100010        2.1081216958234159     
   1.4300000000100010        2.1471492628340836     
   1.4400000000100011        2.1862191923186454     
   1.4500000000100011        2.2251409683123384     
   1.4600000000100011        2.2637298695174888     
   1.4700000000100011        2.3018078630642047     
   1.4800000000100011        2.3392044422072251     
   1.4900000000100011        2.3757574040895686     
   1.5000000000100011        2.4113135641111851     
   1.5100000000100011        2.4457294038646977     
   1.5200000000100011        2.4788716500378158     
   1.5300000000100011        2.5106177821303279     
   1.5400000000100011        2.5408564672898160     
   1.5500000000100012        2.5694879210315289     
   1.5600000000100012        2.5964241930711758     
   1.5700000000100012        2.6215893779618917     
   1.5800000000100012        2.6449197506852977     
   1.5900000000100012        2.6663638277985071     
   1.6000000000100012        2.6858823551813775     
   1.6100000000100012        2.7034482238583930     
   1.6200000000100012        2.7190463157846883     
   1.6300000000100012        2.7326732818833719     
   1.6400000000100012        2.7443372549989666     
   1.6500000000100012        2.7540575007873165     
   1.6600000000100013        2.7618640098935479     
   1.6700000000100013        2.7677970350747483     
   1.6800000000100013        2.7719065772012135     
   1.6900000000100013        2.7742518243179592     
   1.7000000000100013        2.7749005481653652     
   1.7100000000100013        2.7739284627432910     
   1.7200000000100013        2.7714185496559880     
   1.7300000000100013        2.7674603550950008     
   1.7400000000100013        2.7621492634036802     
   1.7500000000100013        2.7555857522198610     
   1.7600000000100013        2.7478746342127427     
   1.7700000000100014        2.7391242904165449     
   1.7800000000100014        2.7294459001175699     
   1.7900000000100014        2.7189526721738155     
   1.8000000000100014        2.7077590825382258     
   1.8100000000100014        2.6959801226193498     
   1.8200000000100014        2.6837305629479382     
   1.8300000000100014        2.6711242364265715     
   1.8400000000100014        2.6582733452234693     
   1.8500000000100014        2.6452877951331488     
   1.8600000000100014        2.6322745609676157     
   1.8700000000100014        2.6193370862644318     
   1.8800000000100014        2.6065747203046441     
   1.8900000000100015        2.5940821951263811     
   1.9000000000100015        2.5819491449014635     
   1.9100000000100015        2.5702596697149436     
   1.9200000000100015        2.5590919454535954     
   1.9300000000100015        2.5485178811714544     
   1.9400000000100015        2.5386028249609303     
   1.9500000000100015        2.5294053190192569     
   1.9600000000100015        2.5209769042643364     
   1.9700000000100015        2.5133619745237015     
   1.9800000000100015        2.5065976799975065     
   1.9900000000100015        2.5007138793831993     
   2.0000000000100013        2.4957331397478439     
   2.0100000000100011        2.4916707829456852     
   2.0200000000100009        2.4885349771052296     
   2.0300000000100007        2.4863268714533513     
   2.0400000000100005        2.4850407725051111     
   2.0500000000100003        2.4846643594282787     
   2.0600000000100001        2.4851789361920784     
   2.0700000000099998        2.4865597179312511     
   2.0800000000099996        2.4887761487998317     
   2.0900000000099994        2.4917922484546744     
   2.1000000000099992        2.4955669841969663     
   2.1100000000099990        2.5000546657110183     
   2.1200000000099988        2.5052053592734240     
   2.1300000000099986        2.5109653182622012     
   2.1400000000099983        2.5172774267742968     
   2.1500000000099981        2.5240816531605366     
   2.1600000000099979        2.5313155103090268     
   2.1700000000099977        2.5389145195504357     
   2.1800000000099975        2.5468126751206914     
   2.1900000000099973        2.5549429061973452     
   2.2000000000099971        2.5632375336241680     
   2.2100000000099969        2.5716287185532631     
   2.2200000000099966        2.5800489003637974     
   2.2300000000099964        2.5884312213601155     
   2.2400000000099962        2.5967099359080668     
   2.2500000000099960        2.6048208018354426     
   2.2600000000099958        2.6127014520990191     
   2.2700000000099956        2.6202917449053613     
   2.2800000000099954        2.6275340906637563     
   2.2900000000099952        2.6343737543459382     
   2.3000000000099949        2.6407591320271457     
   2.3100000000099947        2.6466420005850928     
   2.3200000000099945        2.6519777397361790     
   2.3300000000099943        2.6567255257903621     
   2.3400000000099941        2.6608484967062065     
   2.3500000000099939        2.6643138882244921     
   2.3600000000099937        2.6670931410511107     
   2.3700000000099934        2.6691619792467560     
   2.3800000000099932        2.6705004601610183     
   2.3900000000099930        2.6710929964209087     
   2.4000000000099928        2.6709283506477748     
   2.4100000000099926        2.6699996037310632     
   2.4200000000099924        2.6683040976318688     
   2.4300000000099922        2.6658433538229582     
   2.4400000000099920        2.6626229685944471     
   2.4500000000099917        2.6586524865651491     
   2.4600000000099915        2.6539452538383652     
   2.4700000000099913        2.6485182523273960     
   2.4800000000099911        2.6423919168500065     
   2.4900000000099909        2.6355899366525763     
   2.5000000000099907        2.6281390430734839     
   2.5100000000099905        2.6200687850917181     
   2.5200000000099902        2.6114112945307548     
   2.5300000000099900        2.6022010426997180     
   2.5400000000099898        2.5924745902540471     
   2.5500000000099896        2.5822703320466154     
   2.5600000000099894        2.5716282387180200     
   2.5700000000099892        2.5605895967420111     
   2.5800000000099890        2.5491967485992069     
   2.5900000000099888        2.5374928347001569     
   2.6000000000099885        2.5255215386177632     
   2.6100000000099883        2.5133268371200281     
   2.6200000000099881        2.5009527564174565     
   2.6300000000099879        2.4884431359561749     
   2.6400000000099877        2.4758414009984162     
   2.6500000000099875        2.4631903451374138     
   2.6600000000099873        2.4505319237945264     
   2.6700000000099871        2.4379070596435013     
   2.6800000000099868        2.4253554608007328     
   2.6900000000099866        2.4129154525121863     
   2.7000000000099864        2.4006238229578005     
   2.7100000000099862        2.3885156836836829     
   2.7200000000099860        2.3766243450616913     
   2.7300000000099858        2.3649812070660232     
   2.7400000000099856        2.3536156655476792     
   2.7500000000099853        2.3425550340808905     
   2.7600000000099851        2.3318244813513962     
   2.7700000000099849        2.3214469839553957     
   2.7800000000099847        2.3114432943806555     
   2.7900000000099845        2.3018319238481495     
   2.8000000000099843        2.2926291396041933     
   2.8100000000099841        2.2838489761697902     
   2.8200000000099839        2.2755032599762135     
   2.8300000000099836        2.2676016467440192     
   2.8400000000099834        2.2601516708971543     
   2.8500000000099832        2.2531588062446732     
   2.8600000000099830        2.2466265371102327     
   2.8700000000099828        2.2405564390439792     
   2.8800000000099826        2.2349482682130004     
   2.8900000000099824        2.2298000585350510     
   2.9000000000099821        2.2251082255960521     
   2.9100000000099819        2.2208676763746782     
   2.9200000000099817        2.2170719237873340     
   2.9300000000099815        2.2137132050637307     
   2.9400000000099813        2.2107826029670345     
   2.9500000000099811        2.2082701688830677     
   2.9600000000099809        2.2061650468199137     
   2.9700000000099807        2.2044555973824318     
   2.9800000000099804        2.2031295208152306     
   2.9900000000099802        2.2021739782423144     
   3.0000000000099800        2.2015757102714946     
   3.0100000000099798        2.2013211521764835     
   3.0200000000099796        2.2013965449187971     
   3.0300000000099794        2.2017880413248947     
   3.0400000000099792        2.2024818067908862     
   3.0500000000099790        2.2034641139471276     
   3.0600000000099787        2.2047214307777110     
   3.0700000000099785        2.2062405017546745     
   3.0800000000099783        2.2080084216132687     
   3.0900000000099781        2.2100127014622810     
   3.1000000000099779        2.2122413269917418     
   3.1100000000099777        2.2146828086088628     
   3.1200000000099775        2.2173262234012170     
   3.1300000000099772        2.2201612488935574     
   3.1400000000099770        2.2231781886307465     
   3.1500000000099768        2.2263679896836508     
   3.1600000000099766        2.2297222522370097     
   3.1700000000099764        2.2332332314779082     
   3.1800000000099762        2.2368938320600704     
   3.1900000000099760        2.2406975954724557     
   3.2000000000099758        2.2446386806902217     
   3.2100000000099755        2.2487118385316620     
   3.2200000000099753        2.2529123801860527     
   3.2300000000099751        2.2572361404141308     
   3.2400000000099749        2.2616794359549770     
   3.2500000000099747        2.2662390197003059     
   3.2600000000099745        2.2709120312193263     
   3.2700000000099743        2.2756959442344158     
   3.2800000000099740        2.2805885116598095     
   3.2900000000099738        2.2855877088222405     
   3.3000000000099736        2.2906916754841320     
   3.3100000000099734        2.2958986572864961     
   3.3200000000099732        2.3012069472202916     
   3.3300000000099730        2.3066148277217735     
   3.3400000000099728        2.3121205139695125     
   3.3500000000099726        2.3177220989384191     
   3.3600000000099723        2.3234175007396276     
   3.3700000000099721        2.3292044127446574     
   3.3800000000099719        2.3350802569581894     
   3.3900000000099717        2.3410421410664641     
   3.4000000000099715        2.3470868195479428     
   3.4100000000099713        2.3532106591900064     
   3.4200000000099711        2.3594096093102936     
   3.4300000000099709        2.3656791769343779     
   3.4400000000099706        2.3720144071331015     
   3.4500000000099704        2.3784098686735455     
   3.4600000000099702        2.3848596450876713     
   3.4700000000099700        2.3913573312125811     
   3.4800000000099698        2.3978960352064407     
   3.4900000000099696        2.4044683859949458     
   3.5000000000099694        2.4110665460549976     
   3.5100000000099691        2.4176822293955440     
   3.5200000000099689        2.4243067245505756     
   3.5300000000099687        2.4309309223564752     
   3.5400000000099685        2.4375453482455929     
   3.5500000000099683        2.4441401987503615     
   3.5600000000099681        2.4507053818777846     
   3.5700000000099679        2.4572305609829268     
   3.5800000000099677        2.4637052017424050     
   3.5900000000099674        2.4701186218049123     
   3.6000000000099672        2.4764600426757548     
   3.6100000000099670        2.4827186433763386     
   3.6200000000099668        2.4888836154075293     
   3.6300000000099666        2.4949442185380288     
   3.6400000000099664        2.5008898369352166     
   3.6500000000099662        2.5067100351564231     
   3.6600000000099659        2.5123946135231803     
   3.6700000000099657        2.5179336624096407     
   3.6800000000099655        2.5233176149888772     
   3.6900000000099653        2.5285372979970768     
   3.7000000000099651        2.5335839800955444     
   3.7100000000099649        2.5384494174337089     
   3.7200000000099647        2.5431258960427732     
   3.7300000000099645        2.5476062707190210     
   3.7400000000099642        2.5518840000877416     
   3.7500000000099640        2.5559531775731563     
   3.7600000000099638        2.5598085580360057     
   3.7700000000099636        2.5634455798786311     
   3.7800000000099634        2.5668603824568019     
   3.7900000000099632        2.5700498186780680     
   3.8000000000099630        2.5730114627076102     
   3.8100000000099628        2.5757436127440974     
   3.8200000000099625        2.5782452888696072     
   3.8300000000099623        2.5805162260188297     
   3.8400000000099621        2.5825568621532873     
   3.8500000000099619        2.5843683217657487     
   3.8600000000099617        2.5859523948781797     
   3.8700000000099615        2.5873115117330308     
   3.8800000000099613        2.5884487134122343     
   3.8900000000099610        2.5893676186506500     
   3.9000000000099608        2.5900723871405757     
   3.9100000000099606        2.5905676796511967     
   3.9200000000099604        2.5908586153111850     
   3.9300000000099602        2.5909507264239666     
   3.9400000000099600        2.5908499112032377     
   3.9500000000099598        2.5905623848311032     
   3.9600000000099596        2.5900946292525222     
   3.9700000000099593        2.5894533421275918     
   3.9800000000099591        2.5886453853675238     
   3.9900000000099589        2.5876777336809296     
   4.0000000000099591        2.5865574235543218     
   4.0100000000099589        2.5852915030844810     
   4.0200000000099587        2.5838869830707938     
   4.0300000000099585        2.5823507897627356     
   4.0400000000099583        2.5806897196416361     
   4.0500000000099581        2.5789103965967870     
   4.0600000000099579        2.5770192318340781     
   4.0700000000099577        2.5750223868307689     
   4.0800000000099574        2.5729257396230585     
   4.0900000000099572        2.5707348546839586     
   4.1000000000099570        2.5684549566178552     
   4.1100000000099568        2.5660909078653589     
   4.1200000000099566        2.5636471905778397     
   4.1300000000099564        2.5611278927857186     
   4.1400000000099562        2.5585366989483811     
   4.1500000000099559        2.5558768849368847     
   4.1600000000099557        2.5531513174635956     
   4.1700000000099555        2.5503624579359747     
   4.1800000000099553        2.5475123706750686     
   4.1900000000099551        2.5446027354032461     
   4.2000000000099549        2.5416348638705912     
   4.2100000000099547        2.5386097204553741     
   4.2200000000099545        2.5355279465414604     
   4.2300000000099542        2.5323898884446185     
   4.2400000000099540        2.5291956286306774     
   4.2500000000099538        2.5259450199415796     
   4.2600000000099536        2.5226377225207672     
   4.2700000000099534        2.5192732431072429     
   4.2800000000099532        2.5158509763481463     
   4.2900000000099530        2.5123702477630001     
   4.3000000000099527        2.5088303579789573     
   4.3100000000099525        2.5052306278455725     
   4.3200000000099523        2.5015704440298312     
   4.3300000000099521        2.4978493046875068     
   4.3400000000099519        2.4940668648053563     
   4.3500000000099517        2.4902229808102589     
   4.3600000000099515        2.4863177540460373     
   4.3700000000099513        2.4823515727264547     
   4.3800000000099510        2.4783251519835754     
   4.3900000000099508        2.4742395716442718     
   4.4000000000099506        2.4700963113840602     
   4.4100000000099504        2.4658972829264734     
   4.4200000000099502        2.4616448589777384     
   4.4300000000099500        2.4573418986103963     
   4.4400000000099498        2.4529917688355756     
   4.4500000000099496        2.4485983621316074     
   4.4600000000099493        2.4441661097264666     
   4.4700000000099491        2.4396999904628132     
   4.4800000000099489        2.4352055351070043     
   4.4900000000099487        2.4306888259971484     
   4.5000000000099485        2.4261564919597474     
   4.5100000000099483        2.4216156984595680     
   4.5200000000099481        2.4170741329827701     
   4.5300000000099478        2.4125399856888015     
   4.5400000000099476        2.4080219254018616     
   4.5500000000099474        2.4035290710475974     
   4.5600000000099472        2.3990709586748986     
   4.5700000000099470        2.3946575042359277     
   4.5800000000099468        2.3902989623296778     
   4.5900000000099466        2.3860058811451070     
   4.6000000000099464        2.3817890538691007     
   4.6100000000099461        2.3776594668519229     
   4.6200000000099459        2.3736282448482870     
   4.6300000000099457        2.3697065936754442     
   4.6400000000099455        2.3659057406507320     
   4.6500000000099453        2.3622368731895782     
   4.6600000000099451        2.3587110759609504     
   4.6700000000099449        2.3553392670105686     
   4.6800000000099446        2.3521321332727614     
   4.6900000000099444        2.3491000658995649     
   4.7000000000099442        2.3462530958404999     
   4.7100000000099440        2.3436008301083886     
   4.7200000000099438        2.3411523891655390     
   4.7300000000099436        2.3389163458607123     
   4.7400000000099434        2.3369006663404157     
   4.7500000000099432        2.3351126533484008     
   4.7600000000099429        2.3335588923147230     
   4.7700000000099427        2.3322452006205650     
   4.7800000000099425        2.3311765804071714     
   4.7900000000099423        2.3303571752769821     
   4.8000000000099421        2.3297902312123422     
   4.8100000000099419        2.3294780620123268     
   4.8200000000099417        2.3294220195212421     
   4.8300000000099415        2.3296224688935636     
   4.8400000000099412        2.3300787691095559     
   4.8500000000099410        2.3307892589237924     
   4.8600000000099408        2.3317512483954870     
   4.8700000000099406        2.3329610161151715     
   4.8800000000099404        2.3344138122069875     
   4.8900000000099402        2.3361038671499759     
   4.9000000000099400        2.3380244064254767     
   4.9100000000099397        2.3401676709612742     
   4.9200000000099395        2.3425249433067195     
   4.9300000000099393        2.3450865794369502     
   4.9400000000099391        2.3478420460487492     
   4.9500000000099389        2.3507799631757083     
   4.9600000000099387        2.3538881519165225     
   4.9700000000099385        2.3571536870375129     
   4.9800000000099383        2.3605629541791973     
   4.9900000000099380        2.3641017113670020     
