   9.9999999999999994E-012   3.9298031453751392     
   1.0000000010000001E-002   3.9257795019929809     
   2.0000000010000001E-002   3.9137430938096007     
   3.0000000010000000E-002   3.8937966046773980     
   4.0000000010000002E-002   3.8661083339249847     
   5.0000000010000004E-002   3.8309081871427546     
   6.0000000010000006E-002   3.7884825236895248     
   7.0000000010000007E-002   3.7391682331950244     
   8.0000000010000002E-002   3.6833464176478063     
   9.0000000009999997E-002   3.6214360166118658     
  0.10000000000999999        3.5538876447083827     
  0.11000000000999999        3.4811778288093698     
  0.12000000000999998        3.4038037517252140     
  0.13000000000999998        3.3222785397294183     
  0.14000000000999999        3.2371270784729131     
  0.15000000001000000        3.1488823069312812     
  0.16000000001000000        3.0580819202925196     
  0.17000000001000001        2.9652654068338844     
  0.18000000001000002        2.8709713470859359     
  0.19000000001000003        2.7757349124461488     
  0.20000000001000004        2.6800855120488460     
  0.21000000001000005        2.5845445490608769     
  0.22000000001000006        2.4896232593092242     
  0.23000000001000007        2.3958206154949546     
  0.24000000001000008        2.3036212888702527     
  0.25000000001000006        2.2134936670969410     
  0.26000000001000007        2.1258879321799378     
  0.27000000001000007        2.0412342060775259     
  0.28000000001000008        1.9599407740630717     
  0.29000000001000009        1.8823923973782262     
  0.30000000001000010        1.8089487273833027     
  0.31000000001000011        1.7399428334553515     
  0.32000000001000012        1.6756798564573738     
  0.33000000001000013        1.6164357988236542     
  0.34000000001000014        1.5624564612722198     
  0.35000000001000015        1.5139565349412514     
  0.36000000001000015        1.4711188564104387     
  0.37000000001000016        1.4340938316562448     
  0.38000000001000017        1.4029990335371085     
  0.39000000001000018        1.3779189759382486     
  0.40000000001000019        1.3589050662475819     
  0.41000000001000020        1.3459757364014997     
  0.42000000001000021        1.3391167513457056     
  0.43000000001000022        1.3382816924133694     
  0.44000000001000023        1.3433926118398059     
  0.45000000001000023        1.3543408534176145     
  0.46000000001000024        1.3709880331553017     
  0.47000000001000025        1.3931671727413852     
  0.48000000001000026        1.4206839776394546     
  0.49000000001000027        1.4533182507514937     
  0.50000000001000022        1.4908254317898646     
  0.51000000001000023        1.5329382517951227     
  0.52000000001000024        1.5793684916287620     
  0.53000000001000025        1.6298088327579692     
  0.54000000001000026        1.6839347882337896     
  0.55000000001000027        1.7414067014442034     
  0.56000000001000028        1.8018717999985270     
  0.57000000001000029        1.8649662919675427     
  0.58000000001000029        1.9303174916625825     
  0.59000000001000030        1.9975459621836595     
  0.60000000001000031        2.0662676620983480     
  0.61000000001000032        2.1360960838256604     
  0.62000000001000033        2.2066443715885180     
  0.63000000001000034        2.2775274071599485     
  0.64000000001000035        2.3483638520569721     
  0.65000000001000036        2.4187781353271487     
  0.66000000001000036        2.4884023766204475     
  0.67000000001000037        2.5568782348379751     
  0.68000000001000038        2.6238586732934315     
  0.69000000001000039        2.6890096330070943     
  0.70000000001000040        2.7520116064700040     
  0.71000000001000041        2.8125611049617780     
  0.72000000001000042        2.8703720132736836     
  0.73000000001000043        2.9251768264732316     
  0.74000000001000044        2.9767277641424159     
  0.75000000001000044        3.0247977583232104     
  0.76000000001000045        3.0691813122060050     
  0.77000000001000046        3.1096952273943135     
  0.78000000001000047        3.1461791983676588     
  0.79000000001000048        3.1784962735395283     
  0.80000000001000049        3.2065331830646242     
  0.81000000001000050        3.2302005342853990     
  0.82000000001000051        3.2494328764184806     
  0.83000000001000052        3.2641886367639357     
  0.84000000001000052        3.2744499313712812     
  0.85000000001000053        3.2802222537132999     
  0.86000000001000054        3.2815340454996251     
  0.87000000001000055        3.2784361543048051     
  0.88000000001000056        3.2710011831884298     
  0.89000000001000057        3.2593227379465342     
  0.90000000001000058        3.2435145780527628     
  0.91000000001000059        3.2237096777238747     
  0.92000000001000060        3.2000592038765272     
  0.93000000001000060        3.1727314180305801     
  0.94000000001000061        3.1419105094583517     
  0.95000000001000062        3.1077953670794525     
  0.96000000001000063        3.0705982977574253     
  0.97000000001000064        3.0305436987679246     
  0.98000000001000065        2.9878666922793689     
  0.99000000001000066        2.9428117297167411     
   1.0000000000100007        2.8956311738685621     
   1.0100000000100007        2.8465838665472378     
   1.0200000000100007        2.7959336895252407     
   1.0300000000100007        2.7439481263454009     
   1.0400000000100007        2.6908968324444955     
   1.0500000000100007        2.6370502208369069     
   1.0600000000100007        2.5826780703811312     
   1.0700000000100007        2.5280481633981275     
   1.0800000000100007        2.4734249591287285     
   1.0900000000100007        2.4190683092095249     
   1.1000000000100008        2.3652322210146997     
   1.1100000000100008        2.3121636743572669     
   1.1200000000100008        2.2601014966690571     
   1.1300000000100008        2.2092753013866693     
   1.1400000000100008        2.1599044938625815     
   1.1500000000100008        2.1121973486987251     
   1.1600000000100008        2.0663501619663323     
   1.1700000000100008        2.0225464813327223     
   1.1800000000100008        1.9809564166652278     
   1.1900000000100008        1.9417360332266573     
   1.2000000000100008        1.9050268291177970     
   1.2100000000100009        1.8709552981625244     
   1.2200000000100009        1.8396325789723107     
   1.2300000000100009        1.8111541904712587     
   1.2400000000100009        1.7855998537124800     
   1.2500000000100009        1.7630333993735583     
   1.2600000000100009        1.7435027598850608     
   1.2700000000100009        1.7270400447235410     
   1.2800000000100009        1.7136616969910536     
   1.2900000000100009        1.7033687290087653     
   1.3000000000100009        1.6961470342745262     
   1.3100000000100009        1.6919677727749711     
   1.3200000000100010        1.6907878263034588     
   1.3300000000100010        1.6925503201174228     
   1.3400000000100010        1.6971852069739564     
   1.3500000000100010        1.7046099093119589     
   1.3600000000100010        1.7147300151041482     
   1.3700000000100010        1.7274400226837503     
   1.3800000000100010        1.7426241296596892     
   1.3900000000100010        1.7601570608713737     
   1.4000000000100010        1.7799049302004248     
   1.4100000000100010        1.8017261309523871     
   1.4200000000100010        1.8254722494470323     
   1.4300000000100010        1.8509889964114183     
   1.4400000000100011        1.8781171507555550     
   1.4500000000100011        1.9066935103261500     
   1.4600000000100011        1.9365518442792220     
   1.4700000000100011        1.9675238417869252     
   1.4800000000100011        1.9994400518970878     
   1.4900000000100011        2.0321308094949875     
   1.5000000000100011        2.0654271424748152     
   1.5100000000100011        2.0991616554120172     
   1.5200000000100011        2.1331693852360232     
   1.5300000000100011        2.1672886246343697     
   1.5400000000100011        2.2013617091724154     
   1.5500000000100012        2.2352357643860148     
   1.5600000000100012        2.2687634093959388     
   1.5700000000100012        2.3018034139006511     
   1.5800000000100012        2.3342213057261967     
   1.5900000000100012        2.3658899264464961     
   1.6000000000100012        2.3966899329320515     
   1.6100000000100012        2.4265102430378085     
   1.6200000000100012        2.4552484239994379     
   1.6300000000100012        2.4828110224693907     
   1.6400000000100012        2.5091138354873803     
   1.6500000000100012        2.5340821220423435     
   1.6600000000100013        2.5576507552419838     
   1.6700000000100013        2.5797643154597178     
   1.6800000000100013        2.6003771251748953     
   1.6900000000100013        2.6194532265585151     
   1.7000000000100013        2.6369663031813495     
   1.7100000000100013        2.6528995475323827     
   1.7200000000100013        2.6672454763310784     
   1.7300000000100013        2.6800056958953991     
   1.7400000000100013        2.6911906200872360     
   1.7500000000100013        2.7008191435965072     
   1.7600000000100013        2.7089182735433597     
   1.7700000000100014        2.7155227225735694     
   1.7800000000100014        2.7206744667944380     
   1.7900000000100014        2.7244222720464069     
   1.8000000000100014        2.7268211921287109     
   1.8100000000100014        2.7279320426951847     
   1.8200000000100014        2.7278208546086216     
   1.8300000000100014        2.7265583105887745     
   1.8400000000100014        2.7242191690102966     
   1.8500000000100014        2.7208816787029271     
   1.8600000000100014        2.7166269885775525     
   1.8700000000100014        2.7115385558488958     
   1.8800000000100014        2.7057015565495139     
   1.8900000000100015        2.6992023019312041     
   1.9000000000100015        2.6921276642301111     
   1.9100000000100015        2.6845645151318922     
   1.9200000000100015        2.6765991801145992     
   1.9300000000100015        2.6683169116708929     
   1.9400000000100015        2.6598013842194206     
   1.9500000000100015        2.6511342133091760     
   1.9600000000100015        2.6423945015022121     
   1.9700000000100015        2.6336584130909135     
   1.9800000000100015        2.6249987795678686     
   1.9900000000100015        2.6164847375211768     
   2.0000000000100013        2.6081814003774832     
   2.0100000000100011        2.6001495651610469     
   2.0200000000100009        2.5924454551815455     
   2.0300000000100007        2.5851204993078292     
   2.0400000000100005        2.5782211482313029     
   2.0500000000100003        2.5717887278726428     
   2.0600000000100001        2.5658593298408259     
   2.0700000000099998        2.5604637386155509     
   2.0800000000099996        2.5556273948944210     
   2.0900000000099994        2.5513703943262782     
   2.1000000000099992        2.5477075206429656     
   2.1100000000099990        2.5446483120047727     
   2.1200000000099988        2.5421971591909460     
   2.1300000000099986        2.5403534340968390     
   2.1400000000099983        2.5391116468443076     
   2.1500000000099981        2.5384616296725668     
   2.1600000000099979        2.5383887456533971     
   2.1700000000099977        2.5388741201677951     
   2.1800000000099975        2.5398948929911151     
   2.1900000000099973        2.5414244887607040     
   2.2000000000099971        2.5434329035439411     
   2.2100000000099969        2.5458870051853766     
   2.2200000000099966        2.5487508450891734     
   2.2300000000099964        2.5519859790868837     
   2.2400000000099962        2.5555517950503601     
   2.2500000000099960        2.5594058449347861     
   2.2600000000099958        2.5635041789767152     
   2.2700000000099956        2.5678016798260317     
   2.2800000000099954        2.5722523944579794     
   2.2900000000099952        2.5768098617910820     
   2.3000000000099949        2.5814274340278995     
   2.3100000000099947        2.5860585898372284     
   2.3200000000099945        2.5906572376074428     
   2.3300000000099943        2.5951780071202681     
   2.3400000000099941        2.5995765281211209     
   2.3500000000099939        2.6038096943953244     
   2.3600000000099937        2.6078359120977588     
   2.3700000000099934        2.6116153312258299     
   2.3800000000099932        2.6151100592708492     
   2.3900000000099930        2.6182843562300127     
   2.4000000000099928        2.6211048103090282     
   2.4100000000099926        2.6235404937930320     
   2.4200000000099924        2.6255630987098408     
   2.4300000000099922        2.6271470520537119     
   2.4400000000099920        2.6282696104788950     
   2.4500000000099917        2.6289109345093347     
   2.4600000000099915        2.6290541424432594     
   2.4700000000099913        2.6286853442582561     
   2.4800000000099911        2.6277936559430999     
   2.4900000000099909        2.6263711947965689     
   2.5000000000099907        2.6244130563400301     
   2.5100000000099905        2.6219172735894349     
   2.5200000000099902        2.6188847595229392     
   2.5300000000099900        2.6153192336624729     
   2.5400000000099898        2.6112271337608530     
   2.5500000000099896        2.6066175136503480     
   2.5600000000099894        2.6015019283637537     
   2.5700000000099892        2.5958943076850463     
   2.5800000000099890        2.5898108193234717     
   2.5900000000099888        2.5832697229326080     
   2.6000000000099885        2.5762912162146074     
   2.6100000000099883        2.5688972743596792     
   2.6200000000099881        2.5611114840720814     
   2.6300000000099879        2.5529588734268396     
   2.6400000000099877        2.5444657387862981     
   2.6500000000099875        2.5356594699828654     
   2.6600000000099873        2.5265683749443699     
   2.6700000000099871        2.5172215049016327     
   2.6800000000099868        2.5076484812747646     
   2.6900000000099866        2.4978793252857074     
   2.7000000000099864        2.4879442912902459     
   2.7100000000099862        2.4778737047635633     
   2.7200000000099860        2.4676978058100763     
   2.7300000000099858        2.4574465990011221     
   2.7400000000099856        2.4471497102738766     
   2.7500000000099853        2.4368362515519841     
   2.7600000000099851        2.4265346936735352     
   2.7700000000099849        2.4162727481356510     
   2.7800000000099847        2.4060772580876693     
   2.7900000000099845        2.3959740989272387     
   2.8000000000099843        2.3859880887761036     
   2.8100000000099841        2.3761429090354591     
   2.8200000000099839        2.3664610351450013     
   2.8300000000099836        2.3569636775956178     
   2.8400000000099834        2.3476707331735560     
   2.8500000000099832        2.3386007463442260     
   2.8600000000099830        2.3297708806169961     
   2.8700000000099828        2.3211968996687302     
   2.8800000000099826        2.3128931579437606     
   2.8900000000099824        2.3048726003917910     
   2.9000000000099821        2.2971467709531166     
   2.9100000000099819        2.2897258293528200     
   2.9200000000099817        2.2826185757223798     
   2.9300000000099815        2.2758324825286982     
   2.9400000000099813        2.2693737332568702     
   2.9500000000099811        2.2632472672643953     
   2.9600000000099809        2.2574568302008458     
   2.9700000000099807        2.2520050293683758     
   2.9800000000099804        2.2468933933849229     
   2.9900000000099802        2.2421224355033296     
   3.0000000000099800        2.2376917199360284     
   3.0100000000099798        2.2335999305361076     
   3.0200000000099796        2.2298449411915122     
   3.0300000000099794        2.2264238872995992     
   3.0400000000099792        2.2233332377041095     
   3.0500000000099790        2.2205688664956318     
   3.0600000000099787        2.2181261240995513     
   3.0700000000099785        2.2159999071020913     
   3.0800000000099783        2.2141847262950636     
   3.0900000000099781        2.2126747724530396     
   3.1000000000099779        2.2114639793925712     
   3.1100000000099777        2.2105460839014563     
   3.1200000000099775        2.2099146821665729     
   3.1300000000099772        2.2095632823711155     
   3.1400000000099770        2.2094853531758210     
   3.1500000000099768        2.2096743678436255     
   3.1600000000099766        2.2101238438127924     
   3.1700000000099764        2.2108273775694895     
   3.1800000000099762        2.2117786747168102     
   3.1900000000099760        2.2129715751828893     
   3.2000000000099758        2.2144000735557716     
   3.2100000000099755        2.2160583345767000     
   3.2200000000099753        2.2179407038662053     
   3.2300000000099751        2.2200417139984259     
   3.2400000000099749        2.2223560860783049     
   3.2500000000099747        2.2248787270132766     
   3.2600000000099745        2.2276047227056379     
   3.2700000000099743        2.2305293274237052     
   3.2800000000099740        2.2336479496389225     
   3.2900000000099738        2.2369561346420461     
   3.3000000000099736        2.2404495442743775     
   3.3100000000099734        2.2441239341294312     
   3.3200000000099732        2.2479751285964689     
   3.3300000000099730        2.2519989941298144     
   3.3400000000099728        2.2561914111368249     
   3.3500000000099726        2.2605482448827203     
   3.3600000000099723        2.2650653158122642     
   3.3700000000099721        2.2697383696865261     
   3.3800000000099719        2.2745630479276810     
   3.3900000000099717        2.2795348585562150     
   3.4000000000099715        2.2846491480929516     
   3.4100000000099713        2.2899010747833044     
   3.4200000000099711        2.2952855834831372     
   3.4300000000099709        2.3007973825248262     
   3.4400000000099706        2.3064309228587594     
   3.4500000000099704        2.3121803797397718     
   3.4600000000099702        2.3180396372002057     
   3.4700000000099700        2.3240022755216065     
   3.4800000000099698        2.3300615618857985     
   3.4900000000099696        2.3362104443535303     
   3.5000000000099694        2.3424415492853257     
   3.5100000000099691        2.3487471822848565     
   3.5200000000099689        2.3551193327104825     
   3.5300000000099687        2.3615496817657546     
   3.5400000000099685        2.3680296141450481     
   3.5500000000099683        2.3745502331762913     
   3.5600000000099681        2.3811023793693811     
   3.5700000000099679        2.3876766522464417     
   3.5800000000099677        2.3942634352990884     
   3.5900000000099674        2.4008529238882690     
   3.6000000000099672        2.4074351558746399     
   3.6100000000099670        2.4140000447417034     
   3.6200000000099668        2.4205374149505232     
   3.6300000000099666        2.4270370392438294     
   3.6400000000099664        2.4334886775988851     
   3.6500000000099662        2.4398821175128056     
   3.6600000000099659        2.4462072152911523     
   3.6700000000099657        2.4524539380007395     
   3.6800000000099655        2.4586124057406775     
   3.6900000000099653        2.4646729338818294     
   3.7000000000099651        2.4706260749240943     
   3.7100000000099649        2.4764626596231993     
   3.7200000000099647        2.4821738370440061     
   3.7300000000099645        2.4877511132056180     
   3.7400000000099642        2.4931863879947196     
   3.7500000000099640        2.4984719900375487     
   3.7600000000099638        2.5036007092374670     
   3.7700000000099636        2.5085658267041806     
   3.7800000000099634        2.5133611418220796     
   3.7900000000099632        2.5179809962286841     
   3.8000000000099630        2.5224202944996761     
   3.8100000000099628        2.5266745213641379     
   3.8200000000099625        2.5307397553022861     
   3.8300000000099623        2.5346126784078260     
   3.8400000000099621        2.5382905824279236     
   3.8500000000099619        2.5417713709252747     
   3.8600000000099617        2.5450535575387945     
   3.8700000000099615        2.5481362603515549     
   3.8800000000099613        2.5510191924066801     
   3.8900000000099610        2.5537026484435810     
   3.9000000000099608        2.5561874879579949     
   3.9100000000099606        2.5584751147194655     
   3.9200000000099604        2.5605674529089533     
   3.9300000000099602        2.5624669200669414     
   3.9400000000099600        2.5641763970685192     
   3.9500000000099598        2.5656991953661752     
   3.9600000000099596        2.5670390217633519     
   3.9700000000099593        2.5681999410019190     
   3.9800000000099591        2.5691863364644685     
   3.9900000000099589        2.5700028693076953     
   4.0000000000099591        2.5706544363557606     
   4.0100000000099589        2.5711461270926055     
   4.0200000000099587        2.5714831800994005     
   4.0300000000099585        2.5716709392877428     
   4.0400000000099583        2.5717148102807963     
   4.0500000000099581        2.5716202172933005     
   4.0600000000099579        2.5713925608572281     
   4.0700000000099577        2.5710371767329843     
   4.0800000000099574        2.5705592963363704     
   4.0900000000099572        2.5699640089992277     
   4.1000000000099570        2.5692562263668046     
   4.1100000000099568        2.5684406492176390     
   4.1200000000099566        2.5675217369721093     
   4.1300000000099564        2.5665036801341752     
   4.1400000000099562        2.5653903758871399     
   4.1500000000099559        2.5641854070388677     
   4.1600000000099557        2.5628920244849276     
   4.1700000000099555        2.5615131333298446     
   4.1800000000099553        2.5600512827771937     
   4.1900000000099551        2.5585086598689841     
   4.2000000000099549        2.5568870871238509     
   4.2100000000099547        2.5551880240921689     
   4.2200000000099545        2.5534125728147452     
   4.2300000000099542        2.5515614871402823     
   4.2400000000099540        2.5496351858257120     
   4.2500000000099538        2.5476337693129802     
   4.2600000000099536        2.5455570400461003     
   4.2700000000099534        2.5434045261636200     
   4.2800000000099532        2.5411755083741445     
   4.2900000000099530        2.5388690497965953     
   4.3000000000099527        2.5364840285224730     
   4.3100000000099525        2.5340191726349111     
   4.3200000000099523        2.5314730973987372     
   4.3300000000099521        2.5288443443174096     
   4.3400000000099519        2.5261314217365807     
   4.3500000000099517        2.5233328466603764     
   4.3600000000099515        2.5204471874352845     
   4.3700000000099513        2.5174731069479606     
   4.3800000000099510        2.5144094059773052     
   4.3900000000099508        2.5112550663379296     
   4.4000000000099506        2.5080092934515501     
   4.4100000000099504        2.5046715579850667     
   4.4200000000099502        2.5012416361988956     
   4.4300000000099500        2.4977196486566982     
   4.4400000000099498        2.4941060969577249     
   4.4500000000099496        2.4904018981656950     
   4.4600000000099493        2.4866084166231746     
   4.4700000000099491        2.4827274928578520     
   4.4800000000099489        2.4787614693067024     
   4.4900000000099487        2.4747132126057001     
   4.5000000000099485        2.4705861322162974     
   4.5100000000099483        2.4663841951851748     
   4.5200000000099481        2.4621119368606172     
   4.5300000000099478        2.4577744674170741     
   4.5400000000099476        2.4533774740688057     
   4.5500000000099474        2.4489272188838722     
   4.5600000000099472        2.4444305321407218     
   4.5700000000099470        2.4398948012012718     
   4.5800000000099468        2.4353279549062212     
   4.5900000000099466        2.4307384435302999     
   4.6000000000099464        2.4261352143669930     
   4.6100000000099461        2.4215276830437245     
   4.6200000000099459        2.4169257006993803     
   4.6300000000099457        2.4123395171861204     
   4.6400000000099455        2.4077797404865500     
   4.6500000000099453        2.4032572925651885     
   4.6600000000099451        2.3987833618997185     
   4.6700000000099449        2.3943693529624119     
   4.6800000000099446        2.3900268329453604     
   4.6900000000099444        2.3857674760444372     
   4.7000000000099442        2.3816030056362116     
   4.7100000000099440        2.3775451346991239     
   4.7200000000099438        2.3736055048450697     
   4.7300000000099436        2.3697956243399809     
   4.7400000000099434        2.3661268055019509     
   4.7500000000099432        2.3626101018728933     
   4.7600000000099429        2.3592562455645867     
   4.7700000000099427        2.3560755851821495     
   4.7800000000099425        2.3530780247276102     
   4.7900000000099423        2.3502729638831785     
   4.8000000000099421        2.3476692400681509     
   4.8100000000099419        2.3452750726551375     
   4.8200000000099417        2.3430980097205087     
   4.8300000000099415        2.3411448776907173     
   4.8400000000099412        2.3394217342304975     
   4.8500000000099410        2.3379338247010595     
   4.8600000000099408        2.3366855424962711     
   4.8700000000099406        2.3356803935427237     
   4.8800000000099404        2.3349209652255225     
   4.8900000000099402        2.3344088999758581     
   4.9000000000099400        2.3341448737290538     
   4.9100000000099397        2.3341285794329640     
   4.9200000000099395        2.3343587157565939     
   4.9300000000099393        2.3348329811177146     
   4.9400000000099391        2.3355480731163274     
   4.9500000000099389        2.3364996934282409     
   4.9600000000099387        2.3376825581800023     
   4.9700000000099385        2.3390904137931390     
   4.9800000000099383        2.3407160582523665     
   4.9900000000099380        2.3425513677192891     
