   9.9999999999999994E-012   1.0534644342246313     
   1.0000000010000001E-002   1.0534065680607365     
   2.0000000010000001E-002   1.0532331808717423     
   3.0000000010000000E-002   1.0529449105247082     
   4.0000000010000002E-002   1.0525428334383138     
   5.0000000010000004E-002   1.0520284830572071     
   6.0000000010000006E-002   1.0514038729497817     
   7.0000000010000007E-002   1.0506715222024554     
   8.0000000010000002E-002   1.0498344806473807     
   9.0000000009999997E-002   1.0488963515781806     
  0.10000000000999999        1.0478613099261986     
  0.11000000000999999        1.0467341143159237     
  0.12000000000999998        1.0455201119189019     
  0.13000000000999998        1.0442252355176458     
  0.14000000000999999        1.0428559926296794     
  0.15000000001000000        1.0414194469009661     
  0.16000000001000000        1.0399231922485053     
  0.17000000001000001        1.0383753204172115     
  0.18000000001000002        1.0367843827272796     
  0.19000000001000003        1.0351593468396940     
  0.20000000001000004        1.0335095493743527     
  0.21000000001000005        1.0318446451911560     
  0.22000000001000006        1.0301745541006559     
  0.23000000001000007        1.0285094057162523     
  0.24000000001000008        1.0268594831007671     
  0.25000000001000006        1.0252351658007761     
  0.26000000001000007        1.0236468728049986     
  0.27000000001000007        1.0221050059097339     
  0.28000000001000008        1.0206198939254119     
  0.29000000001000009        1.0192017381138201     
  0.30000000001000010        1.0178605592052290     
  0.31000000001000011        1.0166061463079414     
  0.32000000001000012        1.0154480079893022     
  0.33000000001000013        1.0143953257763041     
  0.34000000001000014        1.0134569102952045     
  0.35000000001000015        1.0126411602425578     
  0.36000000001000015        1.0119560243544377     
  0.37000000001000016        1.0114089665160857     
  0.38000000001000017        1.0110069341305719     
  0.39000000001000018        1.0107563298421178     
  0.40000000001000019        1.0106629866874304     
  0.41000000001000020        1.0107321467266519     
  0.42000000001000021        1.0109684431843367     
  0.43000000001000022        1.0113758861102058     
  0.44000000001000023        1.0119578515493544     
  0.45000000001000023        1.0127170741921243     
  0.46000000001000024        1.0136556434550668     
  0.47000000001000025        1.0147750029263660     
  0.48000000001000026        1.0160759530918451     
  0.49000000001000027        1.0175586572413116     
  0.50000000001000022        1.0192226504395550     
  0.51000000001000023        1.0210668514319017     
  0.52000000001000024        1.0230895773408692     
  0.53000000001000025        1.0252885609982418     
  0.54000000001000026        1.0276609707458366     
  0.55000000001000027        1.0302034325283964     
  0.56000000001000028        1.0329120540934618     
  0.57000000001000029        1.0357824511057718     
  0.58000000001000029        1.0388097749777285     
  0.59000000001000030        1.0419887422127543     
  0.60000000001000031        1.0453136650549713     
  0.61000000001000032        1.0487784832365123     
  0.62000000001000033        1.0523767966129567     
  0.63000000001000034        1.0561018984777972     
  0.64000000001000035        1.0599468093485023     
  0.65000000001000036        1.0639043110195692     
  0.66000000001000036        1.0679669806819310     
  0.67000000001000037        1.0721272249131502     
  0.68000000001000038        1.0763773133489209     
  0.69000000001000039        1.0807094118534590     
  0.70000000001000040        1.0851156150143311     
  0.71000000001000041        1.0895879777960680     
  0.72000000001000042        1.0941185461964626     
  0.73000000001000043        1.0986993867596992     
  0.74000000001000044        1.1033226148112958     
  0.75000000001000044        1.1079804212912261     
  0.76000000001000045        1.1126650980733910     
  0.77000000001000046        1.1173690616717988     
  0.78000000001000047        1.1220848752462715     
  0.79000000001000048        1.1268052688331649     
  0.80000000001000049        1.1315231577393801     
  0.81000000001000050        1.1362316590507797     
  0.82000000001000051        1.1409241062189364     
  0.83000000001000052        1.1455940617028373     
  0.84000000001000052        1.1502353276547157     
  0.85000000001000053        1.1548419546514586     
  0.86000000001000054        1.1594082484850381     
  0.87000000001000055        1.1639287750370317     
  0.88000000001000056        1.1683983632734982     
  0.89000000001000057        1.1728121064071930     
  0.90000000001000058        1.1771653612843151     
  0.91000000001000059        1.1814537460625942     
  0.92000000001000060        1.1856731362565547     
  0.93000000001000060        1.1898196592341490     
  0.94000000001000061        1.1938896872566616     
  0.95000000001000062        1.1978798291607546     
  0.96000000001000063        1.2017869207877874     
  0.97000000001000064        1.2056080142710519     
  0.98000000001000065        1.2093403662963089     
  0.99000000001000066        1.2129814254549842     
   1.0000000000100007        1.2165288188125798     
   1.0100000000100007        1.2199803378172720     
   1.0200000000100007        1.2233339236753151     
   1.0300000000100007        1.2265876523207235     
   1.0400000000100007        1.2297397191068389     
   1.0500000000100007        1.2327884233467299     
   1.0600000000100007        1.2357321528280256     
   1.0700000000100007        1.2385693684256989     
   1.0800000000100007        1.2412985889335617     
   1.0900000000100007        1.2439183762318291     
   1.1000000000100008        1.2464273209040433     
   1.1100000000100008        1.2488240284120351     
   1.1200000000100008        1.2511071059323806     
   1.1300000000100008        1.2532751499520922     
   1.1400000000100008        1.2553267347150743     
   1.1500000000100008        1.2572604016042084     
   1.1600000000100008        1.2590746495368821     
   1.1700000000100008        1.2607679264443461     
   1.1800000000100008        1.2623386218975585     
   1.1900000000100008        1.2637850609341650     
   1.2000000000100008        1.2651054991330368     
   1.2100000000100009        1.2662981189743916     
   1.2200000000100009        1.2673610275149845     
   1.2300000000100009        1.2682922553992508     
   1.2400000000100009        1.2690897572186310     
   1.2500000000100009        1.2697514132226835     
   1.2600000000100009        1.2702750323770069     
   1.2700000000100009        1.2706583567545446     
   1.2800000000100009        1.2708990672385014     
   1.2900000000100009        1.2709947905070094     
   1.3000000000100009        1.2709431072617585     
   1.3100000000100009        1.2707415616552284     
   1.3200000000100010        1.2703876718638325     
   1.3300000000100010        1.2698789417473575     
   1.3400000000100010        1.2692128735285158     
   1.3500000000100010        1.2683869814202873     
   1.3600000000100010        1.2673988061230390     
   1.3700000000100010        1.2662459301081888     
   1.3800000000100010        1.2649259936004735     
   1.3900000000100010        1.2634367111666807     
   1.4000000000100010        1.2617758888150588     
   1.4100000000100010        1.2599414415065238     
   1.4200000000100010        1.2579314109762600     
   1.4300000000100010        1.2557439837623670     
   1.4400000000100011        1.2533775093368433     
   1.4500000000100011        1.2508305182334452     
   1.4600000000100011        1.2481017400667556     
   1.4700000000100011        1.2451901213372287     
   1.4800000000100011        1.2420948429179433     
   1.4900000000100011        1.2388153371203676     
   1.5000000000100011        1.2353513042385409     
   1.5100000000100011        1.2317027284737334     
   1.5200000000100011        1.2278698931448249     
   1.5300000000100011        1.2238533950933108     
   1.5400000000100011        1.2196541581960010     
   1.5500000000100012        1.2152734459030807     
   1.5600000000100012        1.2107128727242187     
   1.5700000000100012        1.2059744145908218     
   1.5800000000100012        1.2010604180283058     
   1.5900000000100012        1.1959736080783334     
   1.6000000000100012        1.1907170949173511     
   1.6100000000100012        1.1852943791243655     
   1.6200000000100012        1.1797093555577396     
   1.6300000000100012        1.1739663158077704     
   1.6400000000100012        1.1680699491989381     
   1.6500000000100012        1.1620253423229241     
   1.6600000000100013        1.1558379770907488     
   1.6700000000100013        1.1495137272996336     
   1.6800000000100013        1.1430588537174218     
   1.6900000000100013        1.1364799976945312     
   1.7000000000100013        1.1297841733204526     
   1.7100000000100013        1.1229787581486828     
   1.7200000000100013        1.1160714825206746     
   1.7300000000100013        1.1090704175258574     
   1.7400000000100013        1.1019839616409908     
   1.7500000000100013        1.0948208260980403     
   1.7600000000100013        1.0875900190353747     
   1.7700000000100014        1.0803008284923408     
   1.7800000000100014        1.0729628043121784     
   1.7900000000100014        1.0655857390227366     
   1.8000000000100014        1.0581796477685499     
   1.8100000000100014        1.0507547473715158     
   1.8200000000100014        1.0433214346006263     
   1.8300000000100014        1.0358902637340137     
   1.8400000000100014        1.0284719234988706     
   1.8500000000100014        1.0210772134766857     
   1.8600000000100014        1.0137170200626144     
   1.8700000000100014        1.0064022920687503     
   1.8800000000100014       0.99914401606151371     
   1.8900000000100015       0.99195319152340677     
   1.9000000000100015       0.98484080592893386     
   1.9100000000100015       0.97781780982362743     
   1.9200000000100015       0.97089509199382573     
   1.9300000000100015       0.96408345481315116     
   1.9400000000100015       0.95739358984955525     
   1.9500000000100015       0.95083605381434477     
   1.9600000000100015       0.94442124493180157     
   1.9700000000100015       0.93815937980489428     
   1.9800000000100015       0.93206047084915877     
   1.9900000000100015       0.92613430436313293     
   2.0000000000100013       0.92039041929980203     
   2.0100000000100011       0.91483808679935874     
   2.0200000000100009       0.90948629053924379     
   2.0300000000100007       0.90434370795293806     
   2.0400000000100005       0.89941869236435212     
   2.0500000000100003       0.89471925607993230     
   2.0600000000100001       0.89025305447580549     
   2.0700000000099998       0.88602737111245033     
   2.0800000000099996       0.88204910390452551     
   2.0900000000099994       0.87832475236864871     
   2.1000000000099992       0.87486040596712733     
   2.1100000000099990       0.87166173356089827     
   2.1200000000099988       0.86873397398030372     
   2.1300000000099986       0.86608192771779802     
   2.1400000000099983       0.86370994974228288     
   2.1500000000099981       0.86162194343054266     
   2.1600000000099979       0.85982135560717432     
   2.1700000000099977       0.85831117268054569     
   2.1800000000099975       0.85709391785864808     
   2.1900000000099973       0.85617164942525537     
   2.2000000000099971       0.85554596005359684     
   2.2100000000099969       0.85521797713177028     
   2.2200000000099966       0.85518836407139431     
   2.2300000000099964       0.85545732256853302     
   2.2400000000099962       0.85602459578370416     
   2.2500000000099960       0.85688947240583713     
   2.2600000000099958       0.85805079156334629     
   2.2700000000099956       0.85950694854405940     
   2.2800000000099954       0.86125590128456309     
   2.2900000000099952       0.86329517758860186     
   2.3000000000099949       0.86562188303349430     
   2.3100000000099947       0.86823270952309284     
   2.3200000000099945       0.87112394444560115     
   2.3300000000099943       0.87429148039458759     
   2.3400000000099941       0.87773082541174696     
   2.3500000000099939       0.88143711371039346     
   2.3600000000099937       0.88540511683927170     
   2.3700000000099934       0.88962925524705272     
   2.3800000000099932       0.89410361020882478     
   2.3900000000099930       0.89882193607696226     
   2.4000000000099928       0.90377767281997623     
   2.4100000000099926       0.90896395881426661     
   2.4200000000099924       0.91437364385512376     
   2.4300000000099922       0.91999930235482730     
   2.4400000000099920       0.92583324669727163     
   2.4500000000099917       0.93186754072016320     
   2.4600000000099915       0.93809401329750908     
   2.4700000000099913       0.94450427199679565     
   2.4800000000099911       0.95108971678695864     
   2.4900000000099909       0.95784155377494162     
   2.5000000000099907       0.96475080895030974     
   2.5100000000099905       0.97180834191904419     
   2.5200000000099902       0.97900485960924510     
   2.5300000000099900       0.98633092993303773     
   2.5400000000099898       0.99377699539046638     
   2.5500000000099896        1.0013333866026031     
   2.5600000000099894        1.0089903357624428     
   2.5700000000099892        1.0167379899934359     
   2.5800000000099890        1.0245664246066850     
   2.5900000000099888        1.0324656562489241     
   2.6000000000099885        1.0404256559343872     
   2.6100000000099883        1.0484363619545602     
   2.6200000000099881        1.0564876926605931     
   2.6300000000099879        1.0645695591138327     
   2.6400000000099877        1.0726718776005049     
   2.6500000000099875        1.0807845820070523     
   2.6600000000099873        1.0888976360529874     
   2.6700000000099871        1.0970010453784047     
   2.6800000000099868        1.1050848694834439     
   2.6900000000099866        1.1131392335170802     
   2.7000000000099864        1.1211543399126032     
   2.7100000000099862        1.1291204798670309     
   2.7200000000099860        1.1370280446615415     
   2.7300000000099858        1.1448675368197356     
   2.7400000000099856        1.1526295811002294     
   2.7500000000099853        1.1603049353196955     
   2.7600000000099851        1.1678845010020291     
   2.7700000000099849        1.1753593338488466     
   2.7800000000099847        1.1827206540259985     
   2.7900000000099845        1.1899598562602300     
   2.8000000000099843        1.1970685197395643     
   2.8100000000099841        1.2040384178103851     
   2.8200000000099839        1.2108615274636187     
   2.8300000000099836        1.2175300386018169     
   2.8400000000099834        1.2240363630783695     
   2.8500000000099832        1.2303731434995169     
   2.8600000000099830        1.2365332617792788     
   2.8700000000099828        1.2425098474369314     
   2.8800000000099826        1.2482962856261708     
   2.8900000000099824        1.2538862248846965     
   2.9000000000099821        1.2592735845925538     
   2.9100000000099819        1.2644525621272653     
   2.9200000000099817        1.2694176397035113     
   2.9300000000099815        1.2741635908849236     
   2.9400000000099813        1.2786854867554307     
   2.9500000000099811        1.2829787017375240     
   2.9600000000099809        1.2870389190448432     
   2.9700000000099807        1.2908621357565573     
   2.9800000000099804        1.2944446675011985     
   2.9900000000099802        1.2977831527378447     
   3.0000000000099800        1.3008745566228825     
   3.0100000000099798        1.3037161744509833     
   3.0200000000099796        1.3063056346594140     
   3.0300000000099794        1.3086409013853662     
   3.0400000000099792        1.3107202765666219     
   3.0500000000099790        1.3125424015765934     
   3.0600000000099787        1.3141062583855467     
   3.0700000000099785        1.3154111702406746     
   3.0800000000099783        1.3164568018585898     
   3.0900000000099781        1.3172431591247897     
   3.1000000000099779        1.3177705882956565     
   3.1100000000099777        1.3180397746996402     
   3.1200000000099775        1.3180517409353905     
   3.1300000000099772        1.3178078445657537     
   3.1400000000099770        1.3173097753077503     
   3.1500000000099768        1.3165595517198576     
   3.1600000000099766        1.3155595173891668     
   3.1700000000099764        1.3143123366222265     
   3.1800000000099762        1.3128209896446557     
   3.1900000000099760        1.3110887673158587     
   3.2000000000099758        1.3091192653664412     
   3.2100000000099755        1.3069163781671609     
   3.2200000000099753        1.3044842920394841     
   3.2300000000099751        1.3018274781190156     
   3.2400000000099749        1.2989506847842442     
   3.2500000000099747        1.2958589296641865     
   3.2600000000099745        1.2925574912396083     
   3.2700000000099743        1.2890519000535507     
   3.2800000000099740        1.2853479295478889     
   3.2900000000099738        1.2814515865435985     
   3.3000000000099736        1.2773691013832800     
   3.3100000000099734        1.2731069177553174     
   3.3200000000099732        1.2686716822197970     
   3.3300000000099730        1.2640702334569882     
   3.3400000000099728        1.2593095912598038     
   3.3500000000099726        1.2543969452921839     
   3.3600000000099723        1.2493396436358015     
   3.3700000000099721        1.2441451811478694     
   3.3800000000099719        1.2388211876531234     
   3.3900000000099717        1.2333754159932722     
   3.4000000000099715        1.2278157299573467     
   3.4100000000099713        1.2221500921164430     
   3.4200000000099711        1.2163865515863295     
   3.4300000000099709        1.2105332317413062     
   3.4400000000099706        1.2045983179025224     
   3.4500000000099704        1.1985900450237381     
   3.4600000000099702        1.1925166853971865     
   3.4700000000099700        1.1863865364018342     
   3.4800000000099698        1.1802079083158967     
   3.4900000000099696        1.1739891122149604     
   3.5000000000099694        1.1677384479765238     
   3.5100000000099691        1.1614641924111566     
   3.5200000000099689        1.1551745875398316     
   3.5300000000099687        1.1488778290362887     
   3.5400000000099685        1.1425820548525600     
   3.5500000000099683        1.1362953340450219     
   3.5600000000099681        1.1300256558175445     
   3.5700000000099679        1.1237809187975012     
   3.5800000000099677        1.1175689205595529     
   3.5900000000099674        1.1113973474112817     
   3.6000000000099672        1.1052737644538890     
   3.6100000000099670        1.0992056059303001     
   3.6200000000099668        1.0932001658721633     
   3.6300000000099666        1.0872645890563568     
   3.6400000000099664        1.0814058622807758     
   3.6500000000099662        1.0756308059683117     
   3.6600000000099659        1.0699460661071190     
   3.6700000000099657        1.0643581065344456     
   3.6800000000099655        1.0588732015705149     
   3.6900000000099653        1.0534974290081738     
   3.7000000000099651        1.0482366634632840     
   3.7100000000099649        1.0430965700901165     
   3.7200000000099647        1.0380825986653219     
   3.7300000000099645        1.0331999780433905     
   3.7400000000099642        1.0284537109859035     
   3.7500000000099640        1.0238485693662687     
   3.7600000000099638        1.0193890897510873     
   3.7700000000099636        1.0150795693587675     
   3.7800000000099634        1.0109240623955031     
   3.7900000000099632        1.0069263767682783     
   3.8000000000099630        1.0030900711741246     
   3.8100000000099628       0.99941845256445061     
   3.8200000000099625       0.99591457398290328     
   3.8300000000099623       0.99258123277485444     
   3.8400000000099621       0.98942096916630051     
   3.8500000000099619       0.98643606520965676     
   3.8600000000099617       0.98362854409364764     
   3.8700000000099615       0.98100016981423810     
   3.8800000000099613       0.97855244720330936     
   3.8900000000099610       0.97628662231154295     
   3.9000000000099608       0.97420368314177286     
   3.9100000000099606       0.97230436072884086     
   3.9200000000099604       0.97058913056179696     
   3.9300000000099602       0.96905821434408157     
   3.9400000000099600       0.96771158208712982     
   3.9500000000099598       0.96654895453263856     
   3.9600000000099596       0.96556980589853114     
   3.9700000000099593       0.96477336694345350     
   3.9800000000099591       0.96415862834441546     
   3.9900000000099589       0.96372434438196430     
   4.0000000000099591       0.96346903692705754     
   4.0100000000099589       0.96339099972353592     
   4.0200000000099587       0.96348830295985877     
   4.0300000000099585       0.96375879812347887     
   4.0400000000099583       0.96420012313095449     
   4.0500000000099581       0.96480970772659225     
   4.0600000000099579       0.96558477914210350     
   4.0700000000099577       0.96652236800942015     
   4.0800000000099574       0.96761931451848160     
   4.0900000000099572       0.96887227481143934     
   4.1000000000099570       0.97027772760436037     
   4.1100000000099568       0.97183198102713209     
   4.1200000000099566       0.97353117967187441     
   4.1300000000099564       0.97537131183977466     
   4.1400000000099562       0.97734821697585450     
   4.1500000000099559       0.97945759328076287     
   4.1600000000099557       0.98169500548829136     
   4.1700000000099555       0.98405589279688832     
   4.1800000000099553       0.98653557694304683     
   4.1900000000099551       0.98912927040404419     
   4.2000000000099549       0.99183208471711160     
   4.2100000000099547       0.99463903890174254     
   4.2200000000099545       0.99754506797147480     
   4.2300000000099542        1.0005450315211433     
   4.2400000000099540        1.0036337223752634     
   4.2500000000099538        1.0068058752829112     
   4.2600000000099536        1.0100561756441897     
   4.2700000000099534        1.0133792682531095     
   4.2800000000099532        1.0167697660415209     
   4.2900000000099530        1.0202222588085352     
   4.3000000000099527        1.0237313219197357     
   4.3100000000099525        1.0272915249603818     
   4.3200000000099523        1.0308974403267375     
   4.3300000000099521        1.0345436517396505     
   4.3400000000099519        1.0382247626645242     
   4.3500000000099517        1.0419354046219089     
   4.3600000000099515        1.0456702453730569     
   4.3700000000099513        1.0494239969649655     
   4.3800000000099510        1.0531914236196427     
   4.3900000000099508        1.0569673494526199     
   4.4000000000099506        1.0607466660060463     
   4.4100000000099504        1.0645243395820829     
   4.4200000000099502        1.0682954183627356     
   4.4300000000099500        1.0720550393027419     
   4.4400000000099498        1.0757984347826517     
   4.4500000000099496        1.0795209390098033     
   4.4600000000099493        1.0832179941555253     
   4.4700000000099491        1.0868851562175454     
   4.4800000000099489        1.0905181005972833     
   4.4900000000099487        1.0941126273824608     
   4.5000000000099485        1.0976646663262222     
   4.5100000000099483        1.1011702815147770     
   4.5200000000099481        1.1046256757164155     
   4.5300000000099478        1.1080271944056177     
   4.5400000000099476        1.1113713294568597     
   4.5500000000099474        1.1146547225036469     
   4.5600000000099472        1.1178741679592183     
   4.5700000000099470        1.1210266156963153     
   4.5800000000099468        1.1241091733843527     
   4.5900000000099466        1.1271191084832886     
   4.6000000000099464        1.1300538498944381     
   4.6100000000099461        1.1329109892694293     
   4.6200000000099459        1.1356882819794449     
   4.6300000000099457        1.1383836477478180     
   4.6400000000099455        1.1409951709499715     
   4.6500000000099453        1.1435211005855805     
   4.6600000000099451        1.1459598499287154     
   4.6700000000099449        1.1483099958625567     
   4.6800000000099446        1.1505702779061002     
   4.6900000000099444        1.1527395969410363     
   4.7000000000099442        1.1548170136477345     
   4.7100000000099440        1.1568017466599687     
   4.7200000000099438        1.1586931704486672     
   4.7300000000099436        1.1604908129455833     
   4.7400000000099434        1.1621943529183569     
   4.7500000000099432        1.1638036171089321     
   4.7600000000099429        1.1653185771477617     
   4.7700000000099427        1.1667393462566449     
   4.7800000000099425        1.1680661757533792     
   4.7900000000099423        1.1692994513717103     
   4.8000000000099421        1.1704396894103000     
   4.8100000000099419        1.1714875327246164     
   4.8200000000099417        1.1724437465757631     
   4.8300000000099415        1.1733092143503427     
   4.8400000000099412        1.1740849331654539     
   4.8500000000099410        1.1747720093728760     
   4.8600000000099408        1.1753716539763941     
   4.8700000000099406        1.1758851779760708     
   4.8800000000099404        1.1763139876530575     
   4.8900000000099402        1.1766595798082933     
   4.9000000000099400        1.1769235369681295     
   4.9100000000099397        1.1771075225695815     
   4.9200000000099395        1.1772132761375140     
   4.9300000000099393        1.1772426084656400     
   4.9400000000099391        1.1771973968127538     
   4.9500000000099389        1.1770795801251122     
   4.9600000000099387        1.1768911542953615     
   4.9700000000099385        1.1766341674678409     
   4.9800000000099383        1.1763107153995260     
   4.9900000000099380        1.1759229368852735     
