   9.9999999999999994E-012   1.0534644342246313     
   1.0000000010000001E-002   1.0533967858285496     
   2.0000000010000001E-002   1.0531845506259068     
   3.0000000010000000E-002   1.0528292568133171     
   4.0000000010000002E-002   1.0523334716727477     
   5.0000000010000004E-002   1.0517007805913707     
   6.0000000010000006E-002   1.0509357619766306     
   7.0000000010000007E-002   1.0500439547367939     
   8.0000000010000002E-002   1.0490318183524119     
   9.0000000009999997E-002   1.0479066857075969     
  0.10000000000999999        1.0466767090212743     
  0.11000000000999999        1.0453507993950824     
  0.12000000000999998        1.0439385606553679     
  0.13000000000999998        1.0424502182961739     
  0.14000000000999999        1.0408965444193794     
  0.15000000001000000        1.0392887796150887     
  0.16000000001000000        1.0376385527329048     
  0.17000000001000001        1.0359577994693976     
  0.18000000001000002        1.0342586806467344     
  0.19000000001000003        1.0325535009901072     
  0.20000000001000004        1.0308546291344671     
  0.21000000001000005        1.0291744195099908     
  0.22000000001000006        1.0275251366749629     
  0.23000000001000007        1.0259188825873546     
  0.24000000001000008        1.0243675272340513     
  0.25000000001000006        1.0228826429703299     
  0.26000000001000007        1.0214754428620210     
  0.27000000001000007        1.0201567232685997     
  0.28000000001000008        1.0189368108567722     
  0.29000000001000009        1.0178255141903731     
  0.30000000001000010        1.0168320800029367     
  0.31000000001000011        1.0159651542235586     
  0.32000000001000012        1.0152327477940732     
  0.33000000001000013        1.0146422072856938     
  0.34000000001000014        1.0142001902956681     
  0.35000000001000015        1.0139126455789480     
  0.36000000001000015        1.0137847978460424     
  0.37000000001000016        1.0138211371360182     
  0.38000000001000017        1.0140254126528527     
  0.39000000001000018        1.0144006309339657     
  0.40000000001000019        1.0149490582017355     
  0.41000000001000020        1.0156722267320608     
  0.42000000001000021        1.0165709450586318     
  0.43000000001000022        1.0176453118174638     
  0.44000000001000023        1.0188947330234854     
  0.45000000001000023        1.0203179425595619     
  0.46000000001000024        1.0219130256483131     
  0.47000000001000025        1.0236774450684467     
  0.48000000001000026        1.0256080698701084     
  0.49000000001000027        1.0277012063379760     
  0.50000000001000022        1.0299526309464524     
  0.51000000001000023        1.0323576250484094     
  0.52000000001000024        1.0349110110374162     
  0.53000000001000025        1.0376071897233088     
  0.54000000001000026        1.0404401786622386     
  0.55000000001000027        1.0434036511849762     
  0.56000000001000028        1.0464909758712069     
  0.57000000001000029        1.0496952562227528     
  0.58000000001000029        1.0530093702950938     
  0.59000000001000030        1.0564260100541254     
  0.60000000001000031        1.0599377202337528     
  0.61000000001000032        1.0635369364795890     
  0.62000000001000033        1.0672160225746454     
  0.63000000001000034        1.0709673065543566     
  0.64000000001000035        1.0747831155305492     
  0.65000000001000036        1.0786558090568803     
  0.66000000001000036        1.0825778108818362     
  0.67000000001000037        1.0865416389494200     
  0.68000000001000038        1.0905399335221579     
  0.69000000001000039        1.0945654833158627     
  0.70000000001000040        1.0986112495506699     
  0.71000000001000041        1.1026703878380808     
  0.72000000001000042        1.1067362678390471     
  0.73000000001000043        1.1108024906434149     
  0.74000000001000044        1.1148629038362297     
  0.75000000001000044        1.1189116142314108     
  0.76000000001000045        1.1229429982680554     
  0.77000000001000046        1.1269517100790518     
  0.78000000001000047        1.1309326872557097     
  0.79000000001000048        1.1348811543456585     
  0.80000000001000049        1.1387926241342994     
  0.81000000001000050        1.1426628967725310     
  0.82000000001000051        1.1464880568252671     
  0.83000000001000052        1.1502644683263701     
  0.84000000001000052        1.1539887679359984     
  0.85000000001000053        1.1576578563059692     
  0.86000000001000054        1.1612688877675270     
  0.87000000001000055        1.1648192584638644     
  0.88000000001000056        1.1683065930568381     
  0.89000000001000057        1.1717287301435300     
  0.90000000001000058        1.1750837065236230     
  0.91000000001000059        1.1783697404629607     
  0.92000000001000060        1.1815852141021672     
  0.93000000001000060        1.1847286551617711     
  0.94000000001000061        1.1877987180969569     
  0.95000000001000062        1.1907941648558333     
  0.96000000001000063        1.1937138453949827     
  0.97000000001000064        1.1965566781050587     
  0.98000000001000065        1.1993216302973522     
  0.99000000001000066        1.2020076988995592     
   1.0000000000100007        1.2046138915055025     
   1.0100000000100007        1.2071392079192977     
   1.0200000000100007        1.2095826223294548     
   1.0300000000100007        1.2119430662427106     
   1.0400000000100007        1.2142194123010299     
   1.0500000000100007        1.2164104590982290     
   1.0600000000100007        1.2185149171051199     
   1.0700000000100007        1.2205313958039941     
   1.0800000000100007        1.2224583921246981     
   1.0900000000100007        1.2242942802655707     
   1.1000000000100008        1.2260373029731382     
   1.1100000000100008        1.2276855643447866     
   1.1200000000100008        1.2292370242086657     
   1.1300000000100008        1.2306894941249134     
   1.1400000000100008        1.2320406350419713     
   1.1500000000100008        1.2332879566313308     
   1.1600000000100008        1.2344288183135821     
   1.1700000000100008        1.2354604319781815     
   1.1800000000100008        1.2363798663889680     
   1.1900000000100008        1.2371840532571805     
   1.2000000000100008        1.2378697949536528     
   1.2100000000100009        1.2384337738219837     
   1.2200000000100009        1.2388725630449120     
   1.2300000000100009        1.2391826390068601     
   1.2400000000100009        1.2393603950867460     
   1.2500000000100009        1.2394021568067004     
   1.2600000000100009        1.2393041982543374     
   1.2700000000100009        1.2390627596887493     
   1.2800000000100009        1.2386740662334521     
   1.2900000000100009        1.2381343475531406     
   1.3000000000100009        1.2374398584053623     
   1.3100000000100009        1.2365868999531027     
   1.3200000000100010        1.2355718417198005     
   1.3300000000100010        1.2343911440645594     
   1.3400000000100010        1.2330413810522176     
   1.3500000000100010        1.2315192635905843     
   1.3600000000100010        1.2298216627054972     
   1.3700000000100010        1.2279456328234337     
   1.3800000000100010        1.2258884349312047     
   1.3900000000100010        1.2236475594827967     
   1.4000000000100010        1.2212207489246507     
   1.4100000000100010        1.2186060197126318     
   1.4200000000100010        1.2158016836965584     
   1.4300000000100010        1.2128063687514850     
   1.4400000000100011        1.2096190385388637     
   1.4500000000100011        1.2062390112853096     
   1.4600000000100011        1.2026659774718433     
   1.4700000000100011        1.1989000163322225     
   1.4800000000100011        1.1949416110652242     
   1.4900000000100011        1.1907916626724706     
   1.5000000000100011        1.1864515023405793     
   1.5100000000100011        1.1819229022939921     
   1.5200000000100011        1.1772080850527735     
   1.5300000000100011        1.1723097310379100     
   1.5400000000100011        1.1672309844751447     
   1.5500000000100012        1.1619754575570755     
   1.5600000000100012        1.1565472328321256     
   1.5700000000100012        1.1509508637979475     
   1.5800000000100012        1.1451913736858528     
   1.5900000000100012        1.1392742524318777     
   1.6000000000100012        1.1332054518390731     
   1.6100000000100012        1.1269913789444754     
   1.6200000000100012        1.1206388876129463     
   1.6300000000100012        1.1141552683885900     
   1.6400000000100012        1.1075482366427485     
   1.6500000000100012        1.1008259190655636     
   1.6600000000100013        1.0939968385557688     
   1.6700000000100013        1.0870698975706665     
   1.6800000000100013        1.0800543600051387     
   1.6900000000100013        1.0729598316749922     
   1.7000000000100013        1.0657962394859131     
   1.7100000000100013        1.0585738093747941     
   1.7200000000100013        1.0513030431151469     
   1.7300000000100013        1.0439946940827380     
   1.7400000000100013        1.0366597420814256     
   1.7500000000100013        1.0293093673324656     
   1.7600000000100013        1.0219549237332488     
   1.7700000000100014        1.0146079114935314     
   1.7800000000100014        1.0072799492587425     
   1.7900000000100014       0.99998274583087865     
   1.8000000000100014       0.99272807159782173     
   1.8100000000100014       0.98552772978169734     
   1.8200000000100014       0.97839352761607667     
   1.8300000000100014       0.97133724756048201     
   1.8400000000100014       0.96437061865877127     
   1.8500000000100014       0.95750528814558777     
   1.8600000000100014       0.95075279340219487     
   1.8700000000100014       0.94412453435966825     
   1.8800000000100014       0.93763174644366931     
   1.8900000000100015       0.93128547415086005     
   1.9000000000100015       0.92509654534248698     
   1.9100000000100015       0.91907554633582145     
   1.9200000000100015       0.91323279786897116     
   1.9300000000100015       0.90757833200919225     
   1.9400000000100015       0.90212187006917810     
   1.9500000000100015       0.89687280159000471     
   1.9600000000100015       0.89184016444344660     
   1.9700000000100015       0.88703262610031175     
   1.9800000000100015       0.88245846610532319     
   1.9900000000100015       0.87812555979288964     
   2.0000000000100013       0.87404136327197435     
   2.0100000000100011       0.87021289970213411     
   2.0200000000100009       0.86664674687677268     
   2.0300000000100007       0.86334902612370534     
   2.0400000000100005       0.86032539252735485     
   2.0500000000100003       0.85758102647125800     
   2.0600000000100001       0.85512062649414433     
   2.0700000000099998       0.85294840344764000     
   2.0800000000099996       0.85106807593868761     
   2.0900000000099994       0.84948286703508435     
   2.1000000000099992       0.84819550220812734     
   2.1100000000099990       0.84720820848225475     
   2.1200000000099988       0.84652271475777408     
   2.1300000000099986       0.84614025326931064     
   2.1400000000099983       0.84606156213947858     
   2.1500000000099981       0.84628688898448945     
   2.1600000000099979       0.84681599552597586     
   2.1700000000099977       0.84764816316121261     
   2.1800000000099975       0.84878219944217403     
   2.1900000000099973       0.85021644541246333     
   2.2000000000099971       0.85194878375008432     
   2.2100000000099969       0.85397664766329984     
   2.2200000000099966       0.85629703048640238     
   2.2300000000099964       0.85890649592213486     
   2.2400000000099962       0.86180118887768975     
   2.2500000000099960       0.86497684684170617     
   2.2600000000099958       0.86842881175043529     
   2.2700000000099956       0.87215204229225241     
   2.2800000000099954       0.87614112660093024     
   2.2900000000099952       0.88039029528955048     
   2.3000000000099949       0.88489343477857363     
   2.3100000000099947       0.88964410087342505     
   2.3200000000099945       0.89463553254892791     
   2.3300000000099943       0.89986066590004032     
   2.3400000000099941       0.90531214822057693     
   2.3500000000099939       0.91098235217392742     
   2.3600000000099937       0.91686339002217121     
   2.3700000000099934       0.92294712788244149     
   2.3800000000099932       0.92922519998186570     
   2.3900000000099930       0.93568902288490008     
   2.4000000000099928       0.94232980966936286     
   2.4100000000099926       0.94913858402992057     
   2.4200000000099924       0.95610619429020527     
   2.4300000000099922       0.96322332730709248     
   2.4400000000099920       0.97048052225295689     
   2.4500000000099917       0.97786818426391509     
   2.4600000000099915       0.98537659794416044     
   2.4700000000099913       0.99299594071848207     
   2.4800000000099911        1.0007162960269131     
   2.4900000000099909        1.0085276663571885     
   2.5000000000099907        1.0164199861122736     
   2.5100000000099905        1.0243831343116787     
   2.5200000000099902        1.0324069471265485     
   2.5300000000099900        1.0404812302496689     
   2.5400000000099898        1.0485957711024996     
   2.5500000000099896        1.0567403508821600     
   2.5600000000099894        1.0649047564519616     
   2.5700000000099892        1.0730787920795728     
   2.5800000000099890        1.0812522910272515     
   2.5900000000099888        1.0894151269987700     
   2.6000000000099885        1.0975572254477028     
   2.6100000000099883        1.1056685747516468     
   2.6200000000099881        1.1137392372567074     
   2.6300000000099879        1.1217593601962230     
   2.6400000000099877        1.1297191864872085     
   2.6500000000099875        1.1376090654074043     
   2.6600000000099873        1.1454194631551120     
   2.6700000000099871        1.1531409732932061     
   2.6800000000099868        1.1607643270778252     
   2.6900000000099866        1.1682804036713066     
   2.7000000000099864        1.1756802402379045     
   2.7100000000099862        1.1829550419197732     
   2.7200000000099860        1.1900961916896016     
   2.7300000000099858        1.1970952600751457     
   2.7400000000099856        1.2039440147497711     
   2.7500000000099853        1.2106344299819645     
   2.7600000000099851        1.2171586959356291     
   2.7700000000099849        1.2235092278118624     
   2.7800000000099847        1.2296786748218076     
   2.7900000000099845        1.2356599289791261     
   2.8000000000099843        1.2414461336996165     
   2.8100000000099841        1.2470306921945642     
   2.8200000000099839        1.2524072756435205     
   2.8300000000099836        1.2575698311313959     
   2.8400000000099834        1.2625125893340330     
   2.8500000000099832        1.2672300719357803     
   2.8600000000099830        1.2717170987620594     
   2.8700000000099828        1.2759687946094596     
   2.8800000000099826        1.2799805957555830     
   2.8900000000099824        1.2837482561306208     
   2.9000000000099821        1.2872678531325412     
   2.9100000000099819        1.2905357930677741     
   2.9200000000099817        1.2935488161993964     
   2.9300000000099815        1.2963040013850642     
   2.9400000000099813        1.2987987702872976     
   2.9500000000099811        1.3010308911391930     
   2.9600000000099809        1.3029984820492366     
   2.9700000000099807        1.3047000138295859     
   2.9800000000099804        1.3061343123330027     
   2.9900000000099802        1.3073005602845433     
   3.0000000000099800        1.3081982985951177     
   3.0100000000099798        1.3088274271451623     
   3.0200000000099796        1.3091882050278552     
   3.0300000000099794        1.3092812502426145     
   3.0400000000099792        1.3091075388309621     
   3.0500000000099790        1.3086684034482923     
   3.0600000000099787        1.3079655313665635     
   3.0700000000099785        1.3070009619044978     
   3.0800000000099783        1.3057770832834521     
   3.0900000000099781        1.3042966289087776     
   3.1000000000099779        1.3025626730781235     
   3.1100000000099777        1.3005786261198353     
   3.1200000000099775        1.2983482289662840     
   3.1300000000099772        1.2958755471686434     
   3.1400000000099770        1.2931649643613268     
   3.1500000000099768        1.2902211751859527     
   3.1600000000099766        1.2870491776863426     
   3.1700000000099764        1.2836542651876690     
   3.1800000000099762        1.2800420176744234     
   3.1900000000099760        1.2762182926833892     
   3.2000000000099758        1.2721892157292538     
   3.2100000000099755        1.2679611702818896     
   3.2200000000099753        1.2635407873156310     
   3.2300000000099751        1.2589349344521341     
   3.2400000000099749        1.2541507047195379     
   3.2500000000099747        1.2491954049517224     
   3.2600000000099745        1.2440765438524193     
   3.2700000000099743        1.2388018197498183     
   3.2800000000099740        1.2333791080680592     
   3.2900000000099738        1.2278164485426939     
   3.3000000000099736        1.2221220322077435     
   3.3100000000099734        1.2163041881824435     
   3.3200000000099732        1.2103713702861112     
   3.3300000000099730        1.2043321435098093     
   3.3400000000099728        1.1981951703736131     
   3.3500000000099726        1.1919691971983126     
   3.3600000000099723        1.1856630403203035     
   3.3700000000099721        1.1792855722782383     
   3.3800000000099719        1.1728457079997303     
   3.3900000000099717        1.1663523910160281     
   3.4000000000099715        1.1598145797321062     
   3.4100000000099713        1.1532412337790703     
   3.4200000000099711        1.1466413004751292     
   3.4300000000099709        1.1400237014206793     
   3.4400000000099706        1.1333973192522535     
   3.4500000000099704        1.1267709845792377     
   3.4600000000099702        1.1201534631263474     
   3.4700000000099700        1.1135534431038825     
   3.4800000000099698        1.1069795228267763     
   3.4900000000099696        1.1004401986023922     
   3.5000000000099694        1.0939438529059355     
   3.5100000000099691        1.0874987428612355     
   3.5200000000099689        1.0811129890435089     
   3.5300000000099687        1.0747945646195753     
   3.5400000000099685        1.0685512848398251     
   3.5500000000099683        1.0623907968950863     
   3.5600000000099681        1.0563205701503784     
   3.5700000000099679        1.0503478867663871     
   3.5800000000099677        1.0444798327183755     
   3.5900000000099674        1.0387232892211138     
   3.6000000000099672        1.0330849245673452     
   3.6100000000099670        1.0275711863862274     
   3.6200000000099668        1.0221882943271750     
   3.6300000000099666        1.0169422331735338     
   3.6400000000099664        1.0118387463895746     
   3.6500000000099662        1.0068833301033773     
   3.6600000000099659        1.0020812275273259     
   3.6700000000099657       0.99743742381710798     
   3.6800000000099655       0.99295664136935458     
   3.6900000000099653       0.98864333555732187     
   3.7000000000099651       0.98450169090336326     
   3.7100000000099649       0.98053561768629982     
   3.7200000000099647       0.97674874898123520     
   3.7300000000099645       0.97314443812882756     
   3.7400000000099642       0.96972575663055305     
   3.7500000000099640       0.96649549246605670     
   3.7600000000099638       0.96345614882829289     
   3.7700000000099636       0.96060994327180715     
   3.7800000000099634       0.95795880726918670     
   3.7900000000099632       0.95550438617043620     
   3.8000000000099630       0.95324803955977544     
   3.8100000000099628       0.95119084200414483     
   3.8200000000099625       0.94933358418749880     
   3.8300000000099623       0.94767677442480380     
   3.8400000000099621       0.94622064054949839     
   3.8500000000099619       0.94496513216802935     
   3.8600000000099617       0.94390992327496015     
   3.8700000000099615       0.94305441522201661     
   3.8800000000099613       0.94239774003433074     
   3.8900000000099610       0.94193876406701849     
   3.9000000000099608       0.94167609199512392     
   3.9100000000099606       0.94160807112983480     
   3.9200000000099604       0.94173279605374893     
   3.9300000000099602       0.94204811356784013     
   3.9400000000099600       0.94255162794261194     
   3.9500000000099598       0.94324070646577995     
   3.9600000000099596       0.94411248527863156     
   3.9700000000099593       0.94516387549302383     
   3.9800000000099591       0.94639156958076687     
   3.9900000000099589       0.94779204802689998     
   4.0000000000099591       0.94936158623812716     
   4.0100000000099589       0.95109626169739314     
   4.0200000000099587       0.95299196135530384     
   4.0300000000099585       0.95504438924877144     
   4.0400000000099583       0.95724907433694850     
   4.0500000000099581       0.95960137854416205     
   4.0600000000099579       0.96209650499920241     
   4.0700000000099577       0.96472950645994771     
   4.0800000000099574       0.96749529391192135     
   4.0900000000099572       0.97038864532898417     
   4.1000000000099570       0.97340421458396009     
   4.1100000000099568       0.97653654049659844     
   4.1200000000099566       0.97978005600586204     
   4.1300000000099564       0.98312909745313526     
   4.1400000000099562       0.98657791396254091     
   4.1500000000099559       0.99012067690417882     
   4.1600000000099557       0.99375148942570934     
   4.1700000000099555       0.99746439603736103     
   4.1800000000099553        1.0012533922350861     
   4.1900000000099551        1.0051124341462838     
   4.2000000000099549        1.0090354481822137     
   4.2100000000099547        1.0130163406809563     
   4.2200000000099545        1.0170490075245655     
   4.2300000000099542        1.0211273437138477     
   4.2400000000099540        1.0252452528840614     
   4.2500000000099538        1.0293966567447184     
   4.2600000000099536        1.0335755044265991     
   4.2700000000099534        1.0377757817190794     
   4.2800000000099532        1.0419915201808962     
   4.2900000000099530        1.0462168061075570     
   4.3000000000099527        1.0504457893387378     
   4.3100000000099525        1.0546726918892002     
   4.3200000000099523        1.0588918163869980     
   4.3300000000099521        1.0630975543030488     
   4.3400000000099519        1.0672843939564918     
   4.3500000000099517        1.0714469282806758     
   4.3600000000099515        1.0755798623350672     
   4.3700000000099513        1.0796780205489129     
   4.3800000000099510        1.0837363536830440     
   4.3900000000099508        1.0877499454968464     
   4.4000000000099506        1.0917140191080974     
   4.4100000000099504        1.0956239430340906     
   4.4200000000099502        1.0994752369032454     
   4.4300000000099500        1.1032635768272092     
   4.4400000000099498        1.1069848004243243     
   4.4500000000099496        1.1106349114862089     
   4.4600000000099493        1.1142100842801475     
   4.4700000000099491        1.1177066674809271     
   4.4800000000099489        1.1211211877267486     
   4.4900000000099487        1.1244503527948468     
   4.5000000000099485        1.1276910543934751     
   4.5100000000099483        1.1308403705679502     
   4.5200000000099481        1.1338955677195008     
   4.5300000000099478        1.1368541022367167     
   4.5400000000099476        1.1397136217404433     
   4.5500000000099474        1.1424719659440234     
   4.5600000000099472        1.1451271671318217     
   4.5700000000099470        1.1476774502599927     
   4.5800000000099468        1.1501212326844714     
   4.5900000000099466        1.1524571235221399     
   4.6000000000099464        1.1546839226520906     
   4.6100000000099461        1.1568006193648355     
   4.6200000000099459        1.1588063906682027     
   4.6300000000099457        1.1607005992595218     
   4.6400000000099455        1.1624827911745070     
   4.6500000000099453        1.1641526931240229     
   4.6600000000099451        1.1657102095306318     
   4.6700000000099449        1.1671554192774971     
   4.6800000000099446        1.1684885721828180     
   4.6900000000099444        1.1697100852135489     
   4.7000000000099442        1.1708205384526373     
   4.7100000000099440        1.1718206708344669     
   4.7200000000099438        1.1727113756635621     
   4.7300000000099436        1.1734936959319349     
   4.7400000000099434        1.1741688194507005     
   4.7500000000099432        1.1747380738117821     
   4.7600000000099429        1.1752029211956505     
   4.7700000000099427        1.1755649530411048     
   4.7800000000099425        1.1758258845931076     
   4.7900000000099423        1.1759875493446208     
   4.8000000000099421        1.1760518933882702     
   4.8100000000099419        1.1760209696934905     
   4.8200000000099417        1.1758969323245583     
   4.8300000000099415        1.1756820306146429     
   4.8400000000099412        1.1753786033106495     
   4.8500000000099410        1.1749890727032462     
   4.8600000000099408        1.1745159387560269     
   4.8700000000099406        1.1739617732472749     
   4.8800000000099404        1.1733292139372842     
   4.8900000000099402        1.1726209587736198     
   4.9000000000099400        1.1718397601461283     
   4.9100000000099397        1.1709884192028737     
   4.9200000000099395        1.1700697802375395     
   4.9300000000099393        1.1690867251581696     
   4.9400000000099391        1.1680421680464417     
   4.9500000000099389        1.1669390498159635     
   4.9600000000099387        1.1657803329773897     
   4.9700000000099385        1.1645689965174366     
   4.9800000000099383        1.1633080308981736     
   4.9900000000099380        1.1620004331822533     
