   9.9999999999999994E-012  0.99102996600913096     
   1.0000000010000001E-002  0.99064825046689298     
   2.0000000010000001E-002  0.98950380046635789     
   3.0000000010000000E-002  0.98759867812536339     
   4.0000000010000002E-002  0.98493623126095164     
   5.0000000010000004E-002  0.98152097151477291     
   6.0000000010000006E-002  0.97735842482907709     
   7.0000000010000007E-002  0.97245497066395203     
   8.0000000010000002E-002  0.96681768569073101     
   9.0000000009999997E-002  0.96045420493913092     
  0.10000000000999999       0.95337260935717505     
  0.11000000000999999       0.94558134436816288     
  0.12000000000999998       0.93708917002820935     
  0.13000000000999998       0.92790514027892557     
  0.14000000000999999       0.91803860674275817     
  0.15000000001000000       0.90749924148249173     
  0.16000000001000000       0.89629707295683614     
  0.17000000001000001       0.88444252980723181     
  0.18000000001000002       0.87194648786735895     
  0.19000000001000003       0.85882031669749215     
  0.20000000001000004       0.84507592286666000     
  0.21000000001000005       0.83072578804583697     
  0.22000000001000006       0.81578300068821241     
  0.23000000001000007       0.80026128064293989     
  0.24000000001000008       0.78417499648184874     
  0.25000000001000006       0.76753917563087515     
  0.26000000001000007       0.75036950761048049     
  0.27000000001000007       0.73268234082353090     
  0.28000000001000008       0.71449467340457873     
  0.29000000001000009       0.69582413867774517     
  0.30000000001000010       0.67668898577470205     
  0.31000000001000011       0.65710805594978861     
  0.32000000001000012       0.63710075510358322     
  0.33000000001000013       0.61668702299462552     
  0.34000000001000014       0.59588729958511899     
  0.35000000001000015       0.57472248893267308     
  0.36000000001000015       0.55321392100794220     
  0.37000000001000016       0.53138331178812881     
  0.38000000001000017       0.50925272194907867     
  0.39000000001000018       0.48684451445414495     
  0.40000000001000019       0.46418131131596840     
  0.41000000001000020       0.44128594978757885     
  0.42000000001000021       0.41818143822145537     
  0.43000000001000022       0.39489091181909497     
  0.44000000001000023       0.37143758847891417     
  0.45000000001000023       0.34784472493669749     
  0.46000000001000024       0.32413557338004739     
  0.47000000001000025       0.30033333870618928     
  0.48000000001000026       0.27646113658087257     
  0.49000000001000027       0.25254195244484517     
  0.50000000001000022       0.22859860160335449     
  0.51000000001000023       0.20465369052327756     
  0.52000000001000024       0.18072957945173382     
  0.53000000001000025       0.15684834645937690     
  0.54000000001000026       0.13303175300095374     
  0.55000000001000027       0.10930121107518831     
  0.56000000001000028        8.5677752055580758E-002
  0.57000000001000029        6.2181997253347235E-002
  0.58000000001000029        3.8834130263483757E-002
  0.59000000001000030        1.5653871134851297E-002
  0.60000000001000031       -7.3395476047095880E-003
  0.61000000001000032       -3.0127403046881544E-002
  0.62000000001000033       -5.2691502113019872E-002
  0.63000000001000034       -7.5014199873041504E-002
  0.64000000001000035       -9.7078415978863478E-002
  0.65000000001000036      -0.11886764922652329     
  0.66000000001000036      -0.14036599026901497     
  0.67000000001000037      -0.16155813250932777     
  0.68000000001000038      -0.18242938121013691     
  0.69000000001000039      -0.20296566086307152     
  0.70000000001000040      -0.22315352086642487     
  0.71000000001000041      -0.24298013956559003     
  0.72000000001000042      -0.26243332671537012     
  0.73000000001000043      -0.28150152442763271     
  0.74000000001000044      -0.30017380667154614     
  0.75000000001000044      -0.31843987739685919     
  0.76000000001000045      -0.33629006735336264     
  0.77000000001000046      -0.35371532968182534     
  0.78000000001000047      -0.37070723435332598     
  0.79000000001000048      -0.38725796153504127     
  0.80000000001000049      -0.40336029396119921     
  0.81000000001000050      -0.41900760838810192     
  0.82000000001000051      -0.43419386621188372     
  0.83000000001000052      -0.44891360332701880     
  0.84000000001000052      -0.46316191930256156     
  0.85000000001000053      -0.47693446595171912     
  0.86000000001000054      -0.49022743536864255     
  0.87000000001000055      -0.50303754750431884     
  0.88000000001000056      -0.51536203735117414     
  0.89000000001000057      -0.52719864180348874     
  0.90000000001000058      -0.53854558625800686     
  0.91000000001000059      -0.54940157101623077     
  0.92000000001000060      -0.55976575754684377     
  0.93000000001000060      -0.56963775466352895     
  0.94000000001000061      -0.57901760467019026     
  0.95000000001000062      -0.58790576952223306     
  0.96000000001000063      -0.59630311704917349     
  0.97000000001000064      -0.60421090728042059     
  0.98000000001000065      -0.61163077891265305     
  0.99000000001000066      -0.61856473595379036     
   1.0000000000100007      -0.62501513457517632     
   1.0100000000100007      -0.63098467020025062     
   1.0200000000100007      -0.63647636485470560     
   1.0300000000100007      -0.64149355479991832     
   1.0400000000100007      -0.64603987846833066     
   1.0500000000100007      -0.65011926471642734     
   1.0600000000100007      -0.65373592140804215     
   1.0700000000100007      -0.65689432433792394     
   1.0800000000100007      -0.65959920650280723     
   1.0900000000100007      -0.66185554772468103     
   1.1000000000100008      -0.66366856462851853     
   1.1100000000100008      -0.66504370097444432     
   1.1200000000100008      -0.66598661834216144     
   1.1300000000100008      -0.66650318716344514     
   1.1400000000100008      -0.66659947809663767     
   1.1500000000100008      -0.66628175373534237     
   1.1600000000100008      -0.66555646064193064     
   1.1700000000100008      -0.66443022169501442     
   1.1800000000100008      -0.66290982873872373     
   1.1900000000100008      -0.66100223552046311     
   1.2000000000100008      -0.65871455090276199     
   1.2100000000100009      -0.65605403233394033     
   1.2200000000100009      -0.65302807956152198     
   1.2300000000100009      -0.64964422857168302     
   1.2400000000100009      -0.64591014573748839     
   1.2500000000100009      -0.64183362215826745     
   1.2600000000100009      -0.63742256817218657     
   1.2700000000100009      -0.63268500802390049     
   1.2800000000100009      -0.62762907466909623     
   1.2900000000100009      -0.62226300469778106     
   1.3000000000100009      -0.61659513335830862     
   1.3100000000100009      -0.61063388966437060     
   1.3200000000100010      -0.60438779156751565     
   1.3300000000100010      -0.59786544117817342     
   1.3400000000100010      -0.59107552001866914     
   1.3500000000100010      -0.58402678429229282     
   1.3600000000100010      -0.57672806015315381     
   1.3700000000100010      -0.56918823896227511     
   1.3800000000100010      -0.56141627251617887     
   1.3900000000100010      -0.55342116823507559     
   1.4000000000100010      -0.54521198429867956     
   1.4100000000100010      -0.53679782471863291     
   1.4200000000100010      -0.52818783433754157     
   1.4300000000100010      -0.51939119374566456     
   1.4400000000100011      -0.51041711410739377     
   1.4500000000100011      -0.50127483189076949     
   1.4600000000100011      -0.49197360349442326     
   1.4700000000100011      -0.48252269976749396     
   1.4800000000100011      -0.47293140041923748     
   1.4900000000100011      -0.46320898831623092     
   1.5000000000100011      -0.45336474366625168     
   1.5100000000100011      -0.44340793808909346     
   1.5200000000100011      -0.43334782857574911     
   1.5300000000100011      -0.42319365133854425     
   1.5400000000100011      -0.41295461555594154     
   1.5500000000100012      -0.40263989701684527     
   1.5600000000100012      -0.39225863167031078     
   1.5700000000100012      -0.38181990908761032     
   1.5800000000100012      -0.37133276584460512     
   1.5900000000100012      -0.36080617883332955     
   1.6000000000100012      -0.35024905851260119     
   1.6100000000100012      -0.33967024210832009     
   1.6200000000100012      -0.32907848677491358     
   1.6300000000100012      -0.31848246273011488     
   1.6400000000100012      -0.30789074637592817     
   1.6500000000100012      -0.29731181341923052     
   1.6600000000100013      -0.28675403200598726     
   1.6700000000100013      -0.27622565588350784     
   1.6800000000100013      -0.26573481760555168     
   1.6900000000100013      -0.25528952179538822     
   1.7000000000100013      -0.24489763848214471     
   1.7100000000100013      -0.23456689652591600     
   1.7200000000100013      -0.22430487714718267     
   1.7300000000100013      -0.21411900757606869     
   1.7400000000100013      -0.20401655483688538     
   1.7500000000100013      -0.19400461968324448     
   1.7600000000100013      -0.18409013069878480     
   1.7700000000100014      -0.17427983857824819     
   1.7800000000100014      -0.16458031060326037     
   1.7900000000100014      -0.15499792532672654     
   1.8000000000100014      -0.14553886747924133     
   1.8100000000100014      -0.13620912311034217     
   1.8200000000100014      -0.12701447497680901     
   1.8300000000100014      -0.11796049818953239     
   1.8400000000100014      -0.10905255612974732     
   1.8500000000100014      -0.10029579664465638     
   1.8600000000100014       -9.1695148531657403E-002
   1.8700000000100014       -8.3255318319545690E-002
   1.8800000000100014       -7.4980787354189324E-002
   1.8900000000100015       -6.6875809195275096E-002
   1.9000000000100015       -5.8944407329808213E-002
   1.9100000000100015       -5.1190373207117168E-002
   1.9200000000100015       -4.3617264599172326E-002
   1.9300000000100015       -3.6228404289085067E-002
   1.9400000000100015       -2.9026879089705537E-002
   1.9500000000100015       -2.2015539193300286E-002
   1.9600000000100015       -1.5196997852357775E-002
   1.9700000000100015       -8.5736313906549459E-003
   1.9800000000100015       -2.1475795428170545E-003
   1.9900000000100015        4.0792538802735031E-003
   2.0000000000100013        1.0105200003716635E-002
   2.0100000000100011        1.5928823582803585E-002
   2.0200000000100009        2.1548921384308622E-002
   2.0300000000100007        2.6964520260735286E-002
   2.0400000000100005        3.2174874924110260E-002
   2.0500000000100003        3.7179465426599494E-002
   2.0600000000100001        4.1977994355864356E-002
   2.0700000000099998        4.6570383753672874E-002
   2.0800000000099996        5.0956771766839007E-002
   2.0900000000099994        5.5137509040072176E-002
   2.1000000000099992        5.9113154860785611E-002
   2.1100000000099990        6.2884473066333074E-002
   2.1200000000099988        6.6452427724517690E-002
   2.1300000000099986        6.9818178598543737E-002
   2.1400000000099983        7.2983076407869635E-002
   2.1500000000099981        7.5948657896654864E-002
   2.1600000000099979        7.8716640721692446E-002
   2.1700000000099977        8.1288918171867619E-002
   2.1800000000099975        8.3667553731296876E-002
   2.1900000000099973        8.5854775498368660E-002
   2.2000000000099971        8.7852970472940675E-002
   2.2100000000099969        8.9664678723941252E-002
   2.2200000000099966        9.1292587449581325E-002
   2.2300000000099964        9.2739524942307819E-002
   2.2400000000099962        9.4008454470521877E-002
   2.2500000000099960        9.5102468088948691E-002
   2.2600000000099958        9.6024780389379033E-002
   2.2700000000099956        9.6778722203313766E-002
   2.2800000000099954        9.7367734267824316E-002
   2.2900000000099952        9.7795360865706782E-002
   2.3000000000099949        9.8065243450751197E-002
   2.3100000000099947        9.8181114268668129E-002
   2.3200000000099945        9.8146789983929242E-002
   2.3300000000099943        9.7966165322467977E-002
   2.3400000000099941        9.7643206739872743E-002
   2.3500000000099939        9.7181946124374405E-002
   2.3600000000099937        9.6586474543593745E-002
   2.3700000000099934        9.5860936043671102E-002
   2.3800000000099932        9.5009521509050496E-002
   2.3900000000099930        9.4036462590835521E-002
   2.4000000000099928        9.2946025711280800E-002
   2.4100000000099926        9.1742506151620898E-002
   2.4200000000099924        9.0430222230086024E-002
   2.4300000000099922        8.9013509576590696E-002
   2.4400000000099920        8.7496715510231846E-002
   2.4500000000099917        8.5884193525377489E-002
   2.4600000000099915        8.4180297891779610E-002
   2.4700000000099913        8.2389378373801739E-002
   2.4800000000099911        8.0515775073510584E-002
   2.4900000000099909        7.8563813402051819E-002
   2.5000000000099907        7.6537799183398897E-002
   2.5100000000099905        7.4442013894246553E-002
   2.5200000000099902        7.2280710043506960E-002
   2.5300000000099900        7.0058106694558114E-002
   2.5400000000099898        6.7778385133098779E-002
   2.5500000000099896        6.5445684683169830E-002
   2.5600000000099894        6.3064098673620977E-002
   2.5700000000099892        6.0637670557023113E-002
   2.5800000000099890        5.8170390182761877E-002
   2.5900000000099888        5.5666190225782418E-002
   2.6000000000099885        5.3128942772207602E-002
   2.6100000000099883        5.0562456062800618E-002
   2.6200000000099881        4.7970471395008644E-002
   2.6300000000099879        4.5356660184088793E-002
   2.6400000000099877        4.2724621183596614E-002
   2.6500000000099875        4.0077877865295285E-002
   2.6600000000099873        3.7419875958335798E-002
   2.6700000000099871        3.4753981147349879E-002
   2.6800000000099868        3.2083476928901129E-002
   2.6900000000099866        2.9411562625544563E-002
   2.7000000000099864        2.6741351556559195E-002
   2.7100000000099862        2.4075869364234805E-002
   2.7200000000099860        2.1418052494420168E-002
   2.7300000000099858        1.8770746829867412E-002
   2.7400000000099856        1.6136706474743277E-002
   2.7500000000099853        1.3518592688517104E-002
   2.7600000000099851        1.0918972967281502E-002
   2.7700000000099849        8.3403202704109176E-003
   2.7800000000099847        5.7850123903200280E-003
   2.7900000000099845        3.2553314629432998E-003
   2.8000000000099843        7.5346361642417733E-004
   2.8100000000099841       -1.7185012446280623E-003
   2.8200000000099839       -4.1585695220779945E-003
   2.8300000000099836       -6.5648438772845400E-003
   2.8400000000099834       -8.9355230571982712E-003
   2.8500000000099832       -1.1268901596640558E-002
   2.8600000000099830       -1.3563369399970993E-002
   2.8700000000099828       -1.5817411205446694E-002
   2.8800000000099826       -1.8029605935668512E-002
   2.8900000000099824       -2.0198625937593580E-002
   2.9000000000099821       -2.2323236115674883E-002
   2.9100000000099819       -2.4402292961761083E-002
   2.9200000000099817       -2.6434743485458760E-002
   2.9300000000099815       -2.8419624048720525E-002
   2.9400000000099813       -3.0356059108479477E-002
   2.9500000000099811       -3.2243259871199845E-002
   2.9600000000099809       -3.4080522863258272E-002
   2.9700000000099807       -3.5867228421108593E-002
   2.9800000000099804       -3.7602839105214080E-002
   2.9900000000099802       -3.9286898041758403E-002
   3.0000000000099800       -4.0919027196166829E-002
   3.0100000000099798       -4.2498925582482007E-002
   3.0200000000099796       -4.4026367412649675E-002
   3.0300000000099794       -4.5501200189770059E-002
   3.0400000000099792       -4.6923342749368838E-002
   3.0500000000099790       -4.8292783252734187E-002
   3.0600000000099787       -4.9609577136349101E-002
   3.0700000000099785       -5.0873845021432718E-002
   3.0800000000099783       -5.2085770587576588E-002
   3.0900000000099781       -5.3245598414433472E-002
   3.1000000000099779       -5.4353631795380886E-002
   3.1100000000099777       -5.5410230527041512E-002
   3.1200000000099775       -5.6415808678497957E-002
   3.1300000000099772       -5.7370832343990076E-002
   3.1400000000099770       -5.8275817382829255E-002
   3.1500000000099768       -5.9131327150204804E-002
   3.1600000000099766       -5.9937970222495397E-002
   3.1700000000099764       -6.0696398120632447E-002
   3.1800000000099762       -6.1407303034989279E-002
   3.1900000000099760       -6.2071415555197108E-002
   3.2000000000099758       -6.2689502408208725E-002
   3.2100000000099755       -6.3262364207848892E-002
   3.2200000000099753       -6.3790833219004750E-002
   3.2300000000099751       -6.4275771139519572E-002
   3.2400000000099749       -6.4718066902760565E-002
   3.2500000000099747       -6.5118634503736061E-002
   3.2600000000099745       -6.5478410851537897E-002
   3.2700000000099743       -6.5798353650782931E-002
   3.2800000000099740       -6.6079439314623539E-002
   3.2900000000099738       -6.6322660911788608E-002
   3.3000000000099736       -6.6529026150008386E-002
   3.3100000000099734       -6.6699555398062521E-002
   3.3200000000099732       -6.6835279748577531E-002
   3.3300000000099730       -6.6937239123583875E-002
   3.3400000000099728       -6.7006480424723305E-002
   3.3500000000099726       -6.7044055729879287E-002
   3.3600000000099723       -6.7051020537880562E-002
   3.3700000000099721       -6.7028432062805787E-002
   3.3800000000099719       -6.6977347579295812E-002
   3.3900000000099717       -6.6898822820152040E-002
   3.4000000000099715       -6.6793910427379061E-002
   3.4100000000099713       -6.6663658457701433E-002
   3.4200000000099711       -6.6509108943461751E-002
   3.4300000000099709       -6.6331296509680865E-002
   3.4400000000099706       -6.6131247047938574E-002
   3.4500000000099704       -6.5909976447608598E-002
   3.4600000000099702       -6.5668489384860210E-002
   3.4700000000099700       -6.5407778169718350E-002
   3.4800000000099698       -6.5128821651354724E-002
   3.4900000000099696       -6.4832584181666097E-002
   3.5000000000099694       -6.4520014637081416E-002
   3.5100000000099691       -6.4192045498427733E-002
   3.5200000000099689       -6.3849591988576079E-002
   3.5300000000099687       -6.3493551267484433E-002
   3.5400000000099685       -6.3124801684150161E-002
   3.5500000000099683       -6.2744202084891565E-002
   3.5600000000099681       -6.2352591177278829E-002
   3.5700000000099679       -6.1950786948950828E-002
   3.5800000000099677       -6.1539586140466597E-002
   3.5900000000099674       -6.1119763771262457E-002
   3.6000000000099672       -6.0692072717711119E-002
   3.6100000000099670       -6.0257243342210443E-002
   3.6200000000099668       -5.9815983172166444E-002
   3.6300000000099666       -5.9368976627677372E-002
   3.6400000000099664       -5.8916884796673064E-002
   3.6500000000099662       -5.8460345256220236E-002
   3.6600000000099659       -5.7999971938660279E-002
   3.6700000000099657       -5.7536355041216534E-002
   3.6800000000099655       -5.7070060977675488E-002
   3.6900000000099653       -5.6601632370726587E-002
   3.7000000000099651       -5.6131588083527174E-002
   3.7100000000099649       -5.5660423289047890E-002
   3.7200000000099647       -5.5188609575748303E-002
   3.7300000000099645       -5.4716595088131134E-002
   3.7400000000099642       -5.4244804700728566E-002
   3.7500000000099640       -5.3773640224081334E-002
   3.7600000000099638       -5.3303480641286469E-002
   3.7700000000099636       -5.2834682373704422E-002
   3.7800000000099634       -5.2367579574439285E-002
   3.7900000000099632       -5.1902484448227607E-002
   3.8000000000099630       -5.1439687596400427E-002
   3.8100000000099628       -5.0979458385609633E-002
   3.8200000000099625       -5.0522045339043808E-002
   3.8300000000099623       -5.0067676548889314E-002
   3.8400000000099621       -4.9616560108826542E-002
   3.8500000000099619       -4.9168884565386359E-002
   3.8600000000099617       -4.8724819387025560E-002
   3.8700000000099615       -4.8284515449814082E-002
   3.8800000000099613       -4.7848105538660979E-002
   3.8900000000099610       -4.7415704863037998E-002
   3.9000000000099608       -4.6987411586190436E-002
   3.9100000000099606       -4.6563307366853865E-002
   3.9200000000099604       -4.6143457912522411E-002
   3.9300000000099602       -4.5727913543338432E-002
   3.9400000000099600       -4.5316709765694400E-002
   3.9500000000099598       -4.4909867854657316E-002
   3.9600000000099596       -4.4507395444341381E-002
   3.9700000000099593       -4.4109287125365985E-002
   3.9800000000099591       -4.3715525048546637E-002
   3.9900000000099589       -4.3326079533971426E-002
   4.0000000000099591       -4.2940909684617917E-002
   4.0100000000099589       -4.2559964003666073E-002
   4.0200000000099587       -4.2183181014658115E-002
   4.0300000000099585       -4.1810489883650569E-002
   4.0400000000099583       -4.1441811042495211E-002
   4.0500000000099581       -4.1077056812374044E-002
   4.0600000000099579       -4.0716132026701511E-002
   4.0700000000099577       -4.0358934652491942E-002
   4.0800000000099574       -4.0005356409275522E-002
   4.0900000000099572       -3.9655283384629980E-002
   4.1000000000099570       -3.9308596645378904E-002
   4.1100000000099568       -3.8965172843491970E-002
   4.1200000000099566       -3.8624884815707666E-002
   4.1300000000099564       -3.8287602175885463E-002
   4.1400000000099562       -3.7953191899082368E-002
   4.1500000000099559       -3.7621518896341015E-002
   4.1600000000099557       -3.7292446579168317E-002
   4.1700000000099555       -3.6965837412682917E-002
   4.1800000000099553       -3.6641553456409057E-002
   4.1900000000099551       -3.6319456891701171E-002
   4.2000000000099549       -3.5999410534792838E-002
   4.2100000000099547       -3.5681278334479136E-002
   4.2200000000099545       -3.5364925853462514E-002
   4.2300000000099542       -3.5050220732417085E-002
   4.2400000000099540       -3.4737033135859886E-002
   4.2500000000099538       -3.4425236178954044E-002
   4.2600000000099536       -3.4114706334413700E-002
   4.2700000000099534       -3.3805323818729617E-002
   4.2800000000099532       -3.3496972956990986E-002
   4.2900000000099530       -3.3189542525639784E-002
   4.3000000000099527       -3.2882926072561672E-002
   4.3100000000099525       -3.2577022213989969E-002
   4.3200000000099523       -3.2271734907776579E-002
   4.3300000000099521       -3.1966973702665755E-002
   4.3400000000099519       -3.1662653963293298E-002
   4.3500000000099517       -3.1358697070723252E-002
   4.3600000000099515       -3.1055030598426948E-002
   4.3700000000099513       -3.0751588463705376E-002
   4.3800000000099510       -3.0448311054652143E-002
   4.3900000000099508       -3.0145145332853097E-002
   4.4000000000099506       -2.9842044912117376E-002
   4.4100000000099504       -2.9538970113632719E-002
   4.4200000000099502       -2.9235887998035375E-002
   4.4300000000099500       -2.8932772374980386E-002
   4.4400000000099498       -2.8629603790890867E-002
   4.4500000000099496       -2.8326369495654417E-002
   4.4600000000099493       -2.8023063389120278E-002
   4.4700000000099491       -2.7719685948332184E-002
   4.4800000000099489       -2.7416244136506403E-002
   4.4900000000099487       -2.7112751294834692E-002
   4.5000000000099485       -2.6809227018254351E-002
   4.5100000000099483       -2.6505697016383230E-002
   4.5200000000099481       -2.6202192960866028E-002
   4.5300000000099478       -2.5898752320418127E-002
   4.5400000000099476       -2.5595418184884915E-002
   4.5500000000099474       -2.5292239079658448E-002
   4.5600000000099472       -2.4989268771806780E-002
   4.5700000000099470       -2.4686566069277834E-002
   4.5800000000099468       -2.4384194614535580E-002
   4.5900000000099466       -2.4082222673973669E-002
   4.6000000000099464       -2.3780722924431990E-002
   4.6100000000099461       -2.3479772238109077E-002
   4.6200000000099459       -2.3179451467127635E-002
   4.6300000000099457       -2.2879845228962400E-002
   4.6400000000099455       -2.2581041693885626E-002
   4.6500000000099453       -2.2283132375524536E-002
   4.6600000000099451       -2.1986211925556231E-002
   4.6700000000099449       -2.1690377933491579E-002
   4.6800000000099446       -2.1395730732419169E-002
   4.6900000000099444       -2.1102373211495412E-002
   4.7000000000099442       -2.0810410635877959E-002
   4.7100000000099440       -2.0519950474705756E-002
   4.7200000000099438       -2.0231102237634333E-002
   4.7300000000099436       -1.9943977320336141E-002
   4.7400000000099434       -1.9658688859277330E-002
   4.7500000000099432       -1.9375351595981773E-002
   4.7600000000099429       -1.9094081750894217E-002
   4.7700000000099427       -1.8814996906855345E-002
   4.7800000000099425       -1.8538215902104822E-002
   4.7900000000099423       -1.8263858732633358E-002
   4.8000000000099421       -1.7992046463614131E-002
   4.8100000000099419       -1.7722901149554667E-002
   4.8200000000099417       -1.7456545762728377E-002
   4.8300000000099415       -1.7193104129365012E-002
   4.8400000000099412       -1.6932700873006995E-002
   4.8500000000099410       -1.6675461364371012E-002
   4.8600000000099408       -1.6421511676992930E-002
   4.8700000000099406       -1.6170978547880771E-002
   4.8800000000099404       -1.5923989342352528E-002
   4.8900000000099402       -1.5680672022196147E-002
   4.9000000000099400       -1.5441155116256242E-002
   4.9100000000099397       -1.5205567692528088E-002
   4.9200000000099395       -1.4974039330821573E-002
   4.9300000000099393       -1.4746700095049164E-002
   4.9400000000099391       -1.4523680504190719E-002
   4.9500000000099389       -1.4305111500993724E-002
   4.9600000000099387       -1.4091124417481702E-002
   4.9700000000099385       -1.3881850936364950E-002
   4.9800000000099383       -1.3677423047476458E-002
   4.9900000000099380       -1.3477972998390620E-002
