   9.9999999999999994E-012  0.99102996600913096     
   1.0000000010000001E-002  0.98984640962249704     
   2.0000000010000001E-002  0.98581696562907128     
   3.0000000010000000E-002  0.97884703180649224     
   4.0000000010000002E-002  0.96877654160104143     
   5.0000000010000004E-002  0.95538315118752659     
   6.0000000010000006E-002  0.93838764174810707     
   7.0000000010000007E-002  0.91746197634718529     
   8.0000000010000002E-002  0.89224067386148731     
   9.0000000009999997E-002  0.86233608955423657     
  0.10000000000999999       0.82735798037540120     
  0.11000000000999999       0.78693736975009032     
  0.12000000000999998       0.74075421852912682     
  0.13000000000999998       0.68856779126760548     
  0.14000000000999999       0.63024794803355444     
  0.15000000001000000       0.56580498934471324     
  0.16000000001000000       0.49541525111887308     
  0.17000000001000001       0.41943950272972580     
  0.18000000001000002       0.33843143022387884     
  0.19000000001000003       0.25313412438573563     
  0.20000000001000004       0.16446350582175878     
  0.21000000001000005        7.3478900933572885E-002
  0.22000000001000006       -1.8657631800755126E-002
  0.23000000001000007      -0.11073033438408900     
  0.24000000001000008      -0.20152324728572277     
  0.25000000001000006      -0.28987372080998858     
  0.26000000001000007      -0.37472145963905323     
  0.27000000001000007      -0.45514912577356376     
  0.28000000001000008      -0.53041148549795603     
  0.29000000001000009      -0.59995135784497744     
  0.30000000001000010      -0.66340202435974449     
  0.31000000001000011      -0.72057710604108927     
  0.32000000001000012      -0.77145004011862384     
  0.33000000001000013      -0.81612607952210348     
  0.34000000001000014      -0.85481013182837062     
  0.35000000001000015      -0.88777375114829538     
  0.36000000001000015      -0.91532424550767399     
  0.37000000001000016      -0.93777824977851765     
  0.38000000001000017      -0.95544134529029723     
  0.39000000001000018      -0.96859448938839032     
  0.40000000001000019      -0.97748724719911950     
  0.41000000001000020      -0.98233716802024273     
  0.42000000001000021      -0.98333416789571415     
  0.43000000001000022      -0.98064848875808308     
  0.44000000001000023      -0.97444069952643608     
  0.45000000001000023      -0.96487226325032405     
  0.46000000001000024      -0.95211538168378562     
  0.47000000001000025      -0.93636110324427624     
  0.48000000001000026      -0.91782500031831149     
  0.49000000001000027      -0.89675004939543790     
  0.50000000001000022      -0.87340665153619734     
  0.51000000001000023      -0.84808998868478847     
  0.52000000001000024      -0.82111510960609646     
  0.53000000001000025      -0.79281027220137257     
  0.54000000001000026      -0.76350913791161057     
  0.55000000001000027      -0.73354242536853254     
  0.56000000001000028      -0.70322959433017007     
  0.57000000001000029      -0.67287105900170230     
  0.58000000001000029      -0.64274133424511060     
  0.59000000001000030      -0.61308341037481606     
  0.60000000001000031      -0.58410454219985131     
  0.61000000001000032      -0.55597353375576553     
  0.62000000001000033      -0.52881950770694386     
  0.63000000001000034      -0.50273207154683641     
  0.64000000001000035      -0.47776273344358910     
  0.65000000001000036      -0.45392737923572046     
  0.66000000001000036      -0.43120959778205481     
  0.67000000001000037      -0.40956463280971817     
  0.68000000001000038      -0.38892374320441248     
  0.69000000001000039      -0.36919876768307930     
  0.70000000001000040      -0.35028671126808442     
  0.71000000001000041      -0.33207419736821214     
  0.72000000001000042      -0.31444165825465858     
  0.73000000001000043      -0.29726716633476807     
  0.74000000001000044      -0.28042983729076876     
  0.75000000001000044      -0.26381276267121895     
  0.76000000001000045      -0.24730545307224056     
  0.77000000001000046      -0.23080579312579194     
  0.78000000001000047      -0.21422152590571525     
  0.79000000001000048      -0.19747129707930169     
  0.80000000001000049      -0.18048529835761659     
  0.81000000001000050      -0.16320555584174451     
  0.82000000001000051      -0.14558591211470676     
  0.83000000001000052      -0.12759175182253582     
  0.84000000001000052      -0.10919951946641671     
  0.85000000001000053       -9.0396075621658772E-002
  0.86000000001000054       -7.1177934209144353E-002
  0.87000000001000055       -5.1550419129785328E-002
  0.88000000001000056       -3.1526773842927534E-002
  0.89000000001000057       -1.1127252584662933E-002
  0.90000000001000058        9.6217829105446316E-003
  0.91000000001000059        3.0688741942166382E-002
  0.92000000001000060        5.2037643679861099E-002
  0.93000000001000060        7.3628905240318537E-002
  0.94000000001000061        9.5420071375784746E-002
  0.95000000001000062       0.11736648110884622     
  0.96000000001000063       0.13942186914427723     
  0.97000000001000064       0.16153890193840401     
  0.98000000001000065       0.18366964994116017     
  0.99000000001000066       0.20576599878326246     
   1.0000000000100007       0.22778000310126104     
   1.0100000000100007       0.24966418732058501     
   1.0200000000100007       0.27137179809582290     
   1.0300000000100007       0.29285701326505026     
   1.0400000000100007       0.31407511225121021     
   1.0500000000100007       0.33498261265497764     
   1.0600000000100007       0.35553737761001075     
   1.0700000000100007       0.37569869817502843     
   1.0800000000100007       0.39542735470642121     
   1.0900000000100007       0.41468566079516511     
   1.1000000000100008       0.43343749297964457     
   1.1100000000100008       0.45164830907400333     
   1.1200000000100008       0.46928515758935097     
   1.1300000000100008       0.48631668037958214     
   1.1400000000100008       0.50271311031963761     
   1.1500000000100008       0.51844626552493778     
   1.1600000000100008       0.53348954134820248     
   1.1700000000100008       0.54781790114458528     
   1.1800000000100008       0.56140786657779373     
   1.1900000000100008       0.57423750804776019     
   1.2000000000100008       0.58628643565319627     
   1.2100000000100009       0.59753579095836895     
   1.2200000000100009       0.60796823971092584     
   1.2300000000100009       0.61756796555467186     
   1.2400000000100009       0.62632066469602310     
   1.2500000000100009       0.63421354141358410     
   1.2600000000100009       0.64123530424517927     
   1.2700000000100009       0.64737616264411224     
   1.2800000000100009       0.65262782386487994     
   1.2900000000100009       0.65698348981670263     
   1.3000000000100009       0.66043785360978524     
   1.3100000000100009       0.66298709551308010     
   1.3200000000100010       0.66462887804249737     
   1.3300000000100010       0.66536233990410476     
   1.3400000000100010       0.66518808852710998     
   1.3500000000100010       0.66410819093559093     
   1.3600000000100010       0.66212616272545988     
   1.3700000000100010       0.65924695493341112     
   1.3800000000100010       0.65547693860715461     
   1.3900000000100010       0.65082388691059634     
   1.4000000000100010       0.64529695462340664     
   1.4100000000100010       0.63890665492122456     
   1.4200000000100010       0.63166483335025503     
   1.4300000000100010       0.62358463893787586     
   1.4400000000100011       0.61468049240882128     
   1.4500000000100011       0.60496805150421573     
   1.4600000000100011       0.59446417342798530     
   1.4700000000100011       0.58318687447166739     
   1.4800000000100011       0.57115528689419759     
   1.4900000000100011       0.55838961315759994     
   1.5000000000100011       0.54491107764248259     
   1.5100000000100011       0.53074187598864619     
   1.5200000000100011       0.51590512222577545     
   1.5300000000100011       0.50042479387697181     
   1.5400000000100011       0.48432567523366499     
   1.5500000000100012       0.46763329901410156     
   1.5600000000100012       0.45037388662910338     
   1.5700000000100012       0.43257428728801317     
   1.5800000000100012       0.41426191618471642     
   1.5900000000100012       0.39546469200830786     
   1.6000000000100012       0.37621097402539994     
   1.6100000000100012       0.35652949898127539     
   1.6200000000100012       0.33644931806515571     
   1.6300000000100012       0.31599973418085170     
   1.6400000000100012       0.29521023975813443     
   1.6500000000100012       0.27411045533240097     
   1.6600000000100013       0.25273006911079199     
   1.6700000000100013       0.23109877773199244     
   1.6800000000100013       0.20924622841468832     
   1.6900000000100013       0.18720196267625250     
   1.7000000000100013       0.16499536178886803     
   1.7100000000100013       0.14265559412517753     
   1.7200000000100013       0.12021156452984472     
   1.7300000000100013        9.7691865837341615E-002
   1.7400000000100013        7.5124732639991837E-002
   1.7500000000100013        5.2537997394011750E-002
   1.7600000000100013        2.9959048935132609E-002
   1.7700000000100014        7.4147934595403253E-003
   1.7800000000100014       -1.5068381989548152E-002
   1.7900000000100014       -3.7464643504203678E-002
   1.8000000000100014       -5.9748741751712450E-002
   1.8100000000100014       -8.1896040874251466E-002
   1.8200000000100014      -0.10388254486303831     
   1.8300000000100014      -0.12568492143338922     
   1.8400000000100014      -0.14728052343789177     
   1.8500000000100014      -0.16864740786472959     
   1.8600000000100014      -0.18976435247706133     
   1.8700000000100014      -0.21061087015727603     
   1.8800000000100014      -0.23116722102692250     
   1.8900000000100015      -0.25141442241918421     
   1.9000000000100015      -0.27133425678596351     
   1.9100000000100015      -0.29090927762600222     
   1.9200000000100015      -0.31012281352403992     
   1.9300000000100015      -0.32895897039384614     
   1.9400000000100015      -0.34740263202011212     
   1.9500000000100015      -0.36543945899569341     
   1.9600000000100015      -0.38305588615161312     
   1.9700000000100015      -0.40023911857761368     
   1.9800000000100015      -0.41697712633090889     
   1.9900000000100015      -0.43325863793020919     
   2.0000000000100013      -0.44907313273106786     
   2.0100000000100011      -0.46441083227719238     
   2.0200000000100009      -0.47926269072058014     
   2.0300000000100007      -0.49362038440122358     
   2.0400000000100005      -0.50747630067468663     
   2.0500000000100003      -0.52082352607311022     
   2.0600000000100001      -0.53365583388218485     
   2.0700000000099998      -0.54596767121334400     
   2.0800000000099996      -0.55775414564689219     
   2.0900000000099994      -0.56901101151803957     
   2.1000000000099992      -0.57973465591384565     
   2.1100000000099990      -0.58992208444494521     
   2.1200000000099988      -0.59957090685164183     
   2.1300000000099986      -0.60867932249953816     
   2.1400000000099983      -0.61724610581538253     
   2.1500000000099981      -0.62527059170925248     
   2.1600000000099979      -0.63275266102462380     
   2.1700000000099977      -0.63969272605333360     
   2.1800000000099975      -0.64609171614795113     
   2.1900000000099973      -0.65195106345969411     
   2.2000000000099971      -0.65727268882577872     
   2.2100000000099969      -0.66205898782603434     
   2.2200000000099966      -0.66631281702475165     
   2.2300000000099964      -0.67003748041012834     
   2.2400000000099962      -0.67323671604032809     
   2.2500000000099960      -0.67591468290210432     
   2.2600000000099958      -0.67807594798518600     
   2.2700000000099956      -0.67972547357314783     
   2.2800000000099954      -0.68086860474934663     
   2.2900000000099952      -0.68151105711462212     
   2.3000000000099949      -0.68165890471188484     
   2.3100000000099947      -0.68131856815137282     
   2.3200000000099945      -0.68049680292926473     
   2.3300000000099943      -0.67920068793141841     
   2.3400000000099941      -0.67743761411327230     
   2.3500000000099939      -0.67521527334632503     
   2.3600000000099937      -0.67254164742107569     
   2.3700000000099934      -0.66942499719584592     
   2.3800000000099932      -0.66587385188043369     
   2.3900000000099930      -0.66189699844310190     
   2.4000000000099928      -0.65750347112889485     
   2.4100000000099926      -0.65270254107674375     
   2.4200000000099924      -0.64750370602221252     
   2.4300000000099922      -0.64191668007207181     
   2.4400000000099920      -0.63595138353618297     
   2.4500000000099917      -0.62961793280141842     
   2.4600000000099915      -0.62292663023159101     
   2.4700000000099913      -0.61588795407663022     
   2.4800000000099911      -0.60851254837357116     
   2.4900000000099909      -0.60081121282136363     
   2.5000000000099907      -0.59279489261109952     
   2.5100000000099905      -0.58447466819306937     
   2.5200000000099902      -0.57586174496212439     
   2.5300000000099900      -0.56696744284320189     
   2.5400000000099898      -0.55780318575961307     
   2.5500000000099896      -0.54838049096782615     
   2.5600000000099894      -0.53871095824404702     
   2.5700000000099892      -0.52880625890991717     
   2.5800000000099890      -0.51867812468712426     
   2.5900000000099888      -0.50833833637365688     
   2.6000000000099885      -0.49779871233780704     
   2.6100000000099883      -0.48707109682980587     
   2.6200000000099881      -0.47616734811512063     
   2.6300000000099879      -0.46509932643787133     
   2.6400000000099877      -0.45387888182750558     
   2.6500000000099875      -0.44251784176665143     
   2.6600000000099873      -0.43102799874293274     
   2.6700000000099871      -0.41942109771228947     
   2.6800000000099868      -0.40770882350596527     
   2.6900000000099866      -0.39590278821763014     
   2.7000000000099864      -0.38401451861102570     
   2.7100000000099862      -0.37205544359192549     
   2.7200000000099860      -0.36003688179099125     
   2.7300000000099858      -0.34797002930619347     
   2.7400000000099856      -0.33586594765476729     
   2.7500000000099853      -0.32373555198511705     
   2.7600000000099851      -0.31158959959864629     
   2.7700000000099849      -0.29943867883011160     
   2.7800000000099847      -0.28729319833280947     
   2.7900000000099845      -0.27516337681169928     
   2.8000000000099843      -0.26305923324349090     
   2.8100000000099841      -0.25099057761785443     
   2.8200000000099839      -0.23896700222831257     
   2.8300000000099836      -0.22699787353517392     
   2.8400000000099834      -0.21509232461617595     
   2.8500000000099832      -0.20325924821346869     
   2.8600000000099830      -0.19150729037834763     
   2.8700000000099828      -0.17984484470788537     
   2.8800000000099826      -0.16828004716050390     
   2.8900000000099824      -0.15682077143072232     
   2.9000000000099821      -0.14547462485699381     
   2.9100000000099819      -0.13424894483086308     
   2.9200000000099817      -0.12315079567077800     
   2.9300000000099815      -0.11218696591992172     
   2.9400000000099813      -0.10136396602449634     
   2.9500000000099811       -9.0688026347094775E-002
   2.9600000000099809       -8.0165095469202363E-002
   2.9700000000099807       -6.9800838737513166E-002
   2.9800000000099804       -5.9600637010663350E-002
   2.9900000000099802       -4.9569585566121691E-002
   3.0000000000099800       -3.9712493131334604E-002
   3.0100000000099798       -3.0033881008676478E-002
   3.0200000000099796       -2.0537982270249361E-002
   3.0300000000099794       -1.1228741005936427E-002
   3.0400000000099792       -2.1098116162224989E-003
   3.0500000000099790        6.8154418500498181E-003
   3.0600000000099787        1.5543946303788969E-002
   3.0700000000099785        2.4072920151247550E-002
   3.0800000000099783        3.2399873729575576E-002
   3.0900000000099781        4.0522609605952074E-002
   3.1000000000099779        4.8439222695533864E-002
   3.1100000000099777        5.6148100145782490E-002
   3.1200000000099775        6.3647920927955529E-002
   3.1300000000099772        7.0937655070860084E-002
   3.1400000000099770        7.8016562467533412E-002
   3.1500000000099768        8.4884191182486440E-002
   3.1600000000099766        9.1540375185633627E-002
   3.1700000000099764        9.7985231439132306E-002
   3.1800000000099762       0.10421915626512361     
   3.1900000000099760       0.11024282092582853     
   3.2000000000099758       0.11605716635260308     
   3.2100000000099755       0.12166339696735200     
   3.2200000000099753       0.12706297354806678     
   3.2300000000099751       0.13225760510008158     
   3.2400000000099749       0.13724923970579900     
   3.2500000000099747       0.14204005433795294     
   3.2600000000099745       0.14663244363476849     
   3.2700000000099743       0.15102900764942245     
   3.2800000000099740       0.15523253860080261     
   3.2900000000099738       0.15924600666742636     
   3.3000000000099736       0.16307254488130551     
   3.3100000000099734       0.16671543319324725     
   3.3200000000099732       0.17017808179532154     
   3.3300000000099730       0.17346401379975743     
   3.3400000000099728       0.17657684738610824     
   3.3500000000099726       0.17952027753993896     
   3.3600000000099723       0.18229805751631226     
   3.3700000000099721       0.18491398016982358     
   3.3800000000099719       0.18737185929967781     
   3.3900000000099717       0.18967551116319753     
   3.4000000000099715       0.19182873631408892     
   3.4100000000099713       0.19383530192270731     
   3.4200000000099711       0.19569892473440920     
   3.4300000000099709       0.19742325481885367     
   3.4400000000099706       0.19901186025784728     
   3.4500000000099704       0.20046821291205968     
   3.4600000000099702       0.20179567539778037     
   3.4700000000099700       0.20299748939393014     
   3.4800000000099698       0.20407676538694672     
   3.4900000000099696       0.20503647394708674     
   3.5000000000099694       0.20587943861431648     
   3.5100000000099691       0.20660833045549881     
   3.5200000000099689       0.20722566433725298     
   3.5300000000099687       0.20773379694088073     
   3.5400000000099685       0.20813492652736337     
   3.5500000000099683       0.20843109444186808     
   3.5600000000099681       0.20862418832870758     
   3.5700000000099679       0.20871594700949200     
   3.5800000000099677       0.20870796695953775     
   3.5900000000099674       0.20860171030066338     
   3.6000000000099672       0.20839851421250652     
   3.6100000000099670       0.20809960164963556     
   3.6200000000099668       0.20770609323816336     
   3.6300000000099666       0.20721902021345517     
   3.6400000000099664       0.20663933824998196     
   3.6500000000099662       0.20596794202550955     
   3.6600000000099659       0.20520568035472136     
   3.6700000000099657       0.20435337172209564     
   3.6800000000099655       0.20341182004044414     
   3.6900000000099653       0.20238183045997271     
   3.7000000000099651       0.20126422505303640     
   3.7100000000099649       0.20005985820190325     
   3.7200000000099647       0.19876963152075183     
   3.7300000000099645       0.19739450814875095     
   3.7400000000099642       0.19593552625829461     
   3.7500000000099640       0.19439381163121244     
   3.7600000000099638       0.19277058916590570     
   3.7700000000099636       0.19106719318975535     
   3.7800000000099634       0.18928507646366344     
   3.7900000000099632       0.18742581777908535     
   3.8000000000099630       0.18549112806222048     
   3.8100000000099628       0.18348285491501054     
   3.8200000000099625       0.18140298553808415     
   3.8300000000099623       0.17925364799661808     
   3.8400000000099621       0.17703711080611842     
   3.8500000000099619       0.17475578083118887     
   3.8600000000099617       0.17241219950631245     
   3.8700000000099615       0.17000903740337575     
   3.8800000000099613       0.16754908718597716     
   3.8900000000099610       0.16503525500536134     
   3.9000000000099608       0.16247055040697517     
   3.9100000000099606       0.15985807483005660     
   3.9200000000099604       0.15720100879522453     
   3.9300000000099602       0.15450259788666532     
   3.9400000000099600       0.15176613764610883     
   3.9500000000099598       0.14899495750530256     
   3.9600000000099596       0.14619240389205421     
   3.9700000000099593       0.14336182265207403     
   3.9800000000099591       0.14050654093477646     
   3.9900000000099589       0.13762984869585446     
   4.0000000000099591       0.13473497997281311     
   4.0100000000099589       0.13182509409171800     
   4.0200000000099587       0.12890325696419197     
   4.0300000000099585       0.12597242263317465     
   4.0400000000099583       0.12303541522417209     
   4.0500000000099581       0.12009491145568063     
   4.0600000000099579       0.11715342385821667     
   4.0700000000099577       0.11421328484594510     
   4.0800000000099574       0.11127663177833994     
   4.0900000000099572       0.10834539314166773     
   4.1000000000099570       0.10542127597142932     
   4.1100000000099568       0.10250575462729365     
   4.1200000000099566        9.9600061021577660E-002
   4.1300000000099564        9.6705176391052056E-002
   4.1400000000099562        9.3821824689865788E-002
   4.1500000000099559        9.0950467668772711E-002
   4.1600000000099557        8.8091301692703836E-002
   4.1700000000099555        8.5244256335159696E-002
   4.1800000000099553        8.2408994773996408E-002
   4.1900000000099551        7.9584915999054734E-002
   4.2000000000099549        7.6771158827839150E-002
   4.2100000000099547        7.3966607711203919E-002
   4.2200000000099545        7.1169900296856811E-002
   4.2300000000099542        6.8379436704556124E-002
   4.2400000000099540        6.5593390453271533E-002
   4.2500000000099538        6.2809720967404795E-002
   4.2600000000099536        6.0026187576538860E-002
   4.2700000000099534        5.7240364911204170E-002
   4.2800000000099532        5.4449659585922391E-002
   4.2900000000099530        5.1651328050406196E-002
   4.3000000000099527        4.8842495480353000E-002
   4.3100000000099525        4.6020175570852598E-002
   4.3200000000099523        4.3181291088112944E-002
   4.3300000000099521        4.0322695029062258E-002
   4.3400000000099519        3.7441192233472385E-002
   4.3500000000099517        3.4533561289610597E-002
   4.3600000000099515        3.1596576572115176E-002
   4.3700000000099513        2.8627030249818480E-002
   4.3800000000099510        2.5621754101639908E-002
   4.3900000000099508        2.2577640980430001E-002
   4.4000000000099506        1.9491665767771778E-002
   4.4100000000099504        1.6360905667200727E-002
   4.4200000000099502        1.3182559689070556E-002
   4.4300000000099500        9.9539671873083331E-003
   4.4400000000099498        6.6726253165246786E-003
   4.4500000000099496        3.3362052872902477E-003
   4.4600000000099493       -5.7432692214879134E-005
   4.4700000000099491       -3.5102258886215527E-003
   4.4800000000099489       -7.0238970181022830E-003
   4.4900000000099487       -1.0599943798704149E-002
   4.5000000000099485       -1.4239630142005036E-002
   4.5100000000099483       -1.7943979031743249E-002
   4.5200000000099481       -2.1713767122625380E-002
   4.5300000000099478       -2.5549521077839442E-002
   4.5400000000099476       -2.9451515649020533E-002
   4.5500000000099474       -3.3419773487671035E-002
   4.5600000000099472       -3.7454066662471273E-002
   4.5700000000099470       -4.1553919842654087E-002
   4.5800000000099468       -4.5718615093799903E-002
   4.5900000000099466       -4.9947198219159723E-002
   4.6000000000099464       -5.4238486567054302E-002
   4.6100000000099461       -5.8591078213145034E-002
   4.6200000000099459       -6.3003362415530020E-002
   4.6300000000099457       -6.7473531230783576E-002
   4.6400000000099455       -7.1999592170318510E-002
   4.6500000000099453       -7.6579381768877422E-002
   4.6600000000099451       -8.1210579930620558E-002
   4.6700000000099449       -8.5890724913218711E-002
   4.6800000000099446       -9.0617228806620431E-002
   4.6900000000099444       -9.5387393360767736E-002
   4.7000000000099442      -0.10019842601548905     
   4.7100000000099440      -0.10504745598610817     
   4.7200000000099438      -0.10993155025994665     
   4.7300000000099436      -0.11484772936184533     
   4.7400000000099434      -0.11979298275103849     
   4.7500000000099432      -0.12476428371713418     
   4.7600000000099429      -0.12975860364951733     
   4.7700000000099427      -0.13477292556212878     
   4.7800000000099425      -0.13980425676418912     
   4.7900000000099423      -0.14484964057695368     
   4.8000000000099421      -0.14990616700688542     
   4.8100000000099419      -0.15497098229662770     
   4.8200000000099417      -0.16004129728672345     
   4.8300000000099415      -0.16511439453305404     
   4.8400000000099412      -0.17018763413734045     
   4.8500000000099410      -0.17525845826064204     
   4.8600000000099408      -0.18032439430248445     
   4.8700000000099406      -0.18538305674093314     
   4.8800000000099404      -0.19043214764148350     
   4.8900000000099402      -0.19546945585495371     
   4.9000000000099400      -0.20049285493653218     
   4.9100000000099397      -0.20550029982964593     
   4.9200000000099395      -0.21048982236928609     
   4.9300000000099393      -0.21545952566975696     
   4.9400000000099391      -0.22040757747143216     
   4.9500000000099389      -0.22533220252992678     
   4.9600000000099387      -0.23023167413906381     
   4.9700000000099385      -0.23510430488607881     
   4.9800000000099383      -0.23994843674361377     
   4.9900000000099380      -0.24476243060817229     
