   9.9999999999999994E-012 -0.11379941686993693     
   1.0000000010000001E-002 -0.11373605784622316     
   2.0000000010000001E-002 -0.11354601496039510     
   3.0000000010000000E-002 -0.11322939132568706     
   4.0000000010000002E-002 -0.11278636062318952     
   5.0000000010000004E-002 -0.11221716970827447     
   6.0000000010000006E-002 -0.11152214201176888     
   7.0000000010000007E-002 -0.11070168152311666     
   8.0000000010000002E-002 -0.10975627712459704     
   9.0000000009999997E-002 -0.10868650704859950     
  0.10000000000999999      -0.10749304325016440     
  0.11000000000999999      -0.10617665551908224     
  0.12000000000999998      -0.10473821519407200     
  0.13000000000999998      -0.10317869838083008     
  0.14000000000999999      -0.10149918861223298     
  0.15000000001000000       -9.9700878920254948E-002
  0.16000000001000000       -9.7785073314123727E-002
  0.17000000001000001       -9.5753187677778490E-002
  0.18000000001000002       -9.3606750112400536E-002
  0.19000000001000003       -9.1347400757593539E-002
  0.20000000001000004       -8.8976891128767138E-002
  0.21000000001000005       -8.6497083009449097E-002
  0.22000000001000006       -8.3909946936505136E-002
  0.23000000001000007       -8.1217560314313736E-002
  0.24000000001000008       -7.8422105191366609E-002
  0.25000000001000006       -7.5525865729944533E-002
  0.26000000001000007       -7.2531225396719329E-002
  0.27000000001000007       -6.9440663899513339E-002
  0.28000000001000008       -6.6256753893112835E-002
  0.29000000001000009       -6.2982157475002604E-002
  0.30000000001000010       -5.9619622490184175E-002
  0.31000000001000011       -5.6171978662832057E-002
  0.32000000001000012       -5.2642133571402946E-002
  0.33000000001000013       -4.9033068482905534E-002
  0.34000000001000014       -4.5347834061327752E-002
  0.35000000001000015       -4.1589545964659788E-002
  0.36000000001000015       -3.7761380344522318E-002
  0.37000000001000016       -3.3866569262066916E-002
  0.38000000001000017       -2.9908396033546676E-002
  0.39000000001000018       -2.5890190518724498E-002
  0.40000000001000019       -2.1815324365084661E-002
  0.41000000001000020       -1.7687206220620314E-002
  0.42000000001000021       -1.3509276927773633E-002
  0.43000000001000022       -9.2850047108967125E-003
  0.44000000001000023       -5.0178803693726954E-003
  0.45000000001000023       -7.1141248828146889E-004
  0.46000000001000024        3.6308773217904001E-003
  0.47000000001000025        8.0054591445145300E-003
  0.48000000001000026        1.2408799426229519E-002
  0.49000000001000027        1.6837365582451292E-002
  0.50000000001000022        2.1287630532359804E-002
  0.51000000001000023        2.5756077151592328E-002
  0.52000000001000024        3.0239202634154101E-002
  0.53000000001000025        3.4733522754771456E-002
  0.54000000001000026        3.9235576023547075E-002
  0.55000000001000027        4.3741927725338754E-002
  0.56000000001000028        4.8249173836860934E-002
  0.57000000001000029        5.2753944815103468E-002
  0.58000000001000029        5.7252909251268511E-002
  0.59000000001000030        6.1742777385042379E-002
  0.60000000001000031        6.6220304474639377E-002
  0.61000000001000032        7.0682294018675845E-002
  0.62000000001000033        7.5125600826552896E-002
  0.63000000001000034        7.9547133934639525E-002
  0.64000000001000035        8.3943859366153187E-002
  0.65000000001000036        8.8312802733227572E-002
  0.66000000001000036        9.2651051680235810E-002
  0.67000000001000037        9.6955758167997425E-002
  0.68000000001000038       0.10122414059903824     
  0.69000000001000039       0.10545348578459028     
  0.70000000001000040       0.10964115075451272     
  0.71000000001000041       0.11378456441178279     
  0.72000000001000042       0.11788122903364531     
  0.73000000001000043       0.12192872162192177     
  0.74000000001000044       0.12592469510536100     
  0.75000000001000044       0.12986687939726460     
  0.76000000001000045       0.13375308231194066     
  0.77000000001000046       0.13758119034382774     
  0.78000000001000047       0.14134916931338906     
  0.79000000001000048       0.14505506488410205     
  0.80000000001000049       0.14869700295506452     
  0.81000000001000050       0.15227318993390324     
  0.82000000001000051       0.15578191289480567     
  0.83000000001000052       0.15922153962660202     
  0.84000000001000052       0.16259051857590334     
  0.85000000001000053       0.16588737869035350     
  0.86000000001000054       0.16911072916707698     
  0.87000000001000055       0.17225925911140880     
  0.88000000001000056       0.17533173711096933     
  0.89000000001000057       0.17832701073010565     
  0.90000000001000058       0.18124400592965681     
  0.91000000001000059       0.18408172641692006     
  0.92000000001000060       0.18683925293059575     
  0.93000000001000060       0.18951574246537564     
  0.94000000001000061       0.19211042744070927     
  0.95000000001000062       0.19462261481814527     
  0.96000000001000063       0.19705168517148988     
  0.97000000001000064       0.19939709171386638     
  0.98000000001000065       0.20165835928558754     
  0.99000000001000066       0.20383508330657904     
   1.0000000000100007       0.20592692869690832     
   1.0100000000100007       0.20793362876878918     
   1.0200000000100007       0.20985498409324221     
   1.0300000000100007       0.21169086134440210     
   1.0400000000100007       0.21344119212426974     
   1.0500000000100007       0.21510597177051766     
   1.0600000000100007       0.21668525814976639     
   1.0700000000100007       0.21817917043856214     
   1.0800000000100007       0.21958788789410194     
   1.0900000000100007       0.22091164861657059     
   1.1000000000100008       0.22215074830477777     
   1.1100000000100008       0.22330553900661282     
   1.1200000000100008       0.22437642786566814     
   1.1300000000100008       0.22536387586522261     
   1.1400000000100008       0.22626839657062431     
   1.1500000000100008       0.22709055487096602     
   1.1600000000100008       0.22783096572080663     
   1.1700000000100008       0.22849029288256389     
   1.1800000000100008       0.22906924767007805     
   1.1900000000100008       0.22956858769373381     
   1.2000000000100008       0.22998911560741947     
   1.2100000000100009       0.23033167785750588     
   1.2200000000100009       0.23059716343393713     
   1.2300000000100009       0.23078650262344511     
   1.2400000000100009       0.23090066576482565     
   1.2500000000100009       0.23094066200615287     
   1.2600000000100009       0.23090753806375014     
   1.2700000000100009       0.23080237698269065     
   1.2800000000100009       0.23062629689856032     
   1.2900000000100009       0.23038044980018640     
   1.3000000000100009       0.23006602029301057     
   1.3100000000100009       0.22968422436276997     
   1.3200000000100010       0.22923630813914384     
   1.3300000000100010       0.22872354665901923     
   1.3400000000100010       0.22814724262903890     
   1.3500000000100010       0.22750872518710427     
   1.3600000000100010       0.22680934866252750     
   1.3700000000100010       0.22605049133455185     
   1.3800000000100010       0.22523355418898833     
   1.3900000000100010       0.22435995967275546     
   1.4000000000100010       0.22343115044614828     
   1.4100000000100010       0.22244858813270785     
   1.4200000000100010       0.22141375206661523     
   1.4300000000100010       0.22032813803758389     
   1.4400000000100011       0.21919325703328382     
   1.4500000000100011       0.21801063397938933     
   1.4600000000100011       0.21678180647740594     
   1.4700000000100011       0.21550832354049546     
   1.4800000000100011       0.21419174432758359     
   1.4900000000100011       0.21283363687610529     
   1.5000000000100011       0.21143557683380615     
   1.5100000000100011       0.20999914619009113     
   1.5200000000100011       0.20852593200747799     
   1.5300000000100011       0.20701752515378063     
   1.5400000000100011       0.20547551903571701     
   1.5500000000100012       0.20390150833469853     
   1.5600000000100012       0.20229708774562463     
   1.5700000000100012       0.20066385071956711     
   1.5800000000100012       0.19900338821128832     
   1.5900000000100012       0.19731728743259452     
   1.6000000000100012       0.19560713061257748     
   1.6100000000100012       0.19387449376585061     
   1.6200000000100012       0.19212094546992894     
   1.6300000000100012       0.19034804565294655     
   1.6400000000100012       0.18855734439294211     
   1.6500000000100012       0.18675038072997668     
   1.6600000000100013       0.18492868149237804     
   1.6700000000100013       0.18309376013842568     
   1.6800000000100013       0.18124711561481507     
   1.6900000000100013       0.17939023123324824     
   1.7000000000100013       0.17752457356650853     
   1.7100000000100013       0.17565159136538017     
   1.7200000000100013       0.17377271449777068     
   1.7300000000100013       0.17188935291138530     
   1.7400000000100013       0.17000289562129206     
   1.7500000000100013       0.16811470972369499     
   1.7600000000100013       0.16622613943721071     
   1.7700000000100014       0.16433850517291534     
   1.7800000000100014       0.16245310263439344     
   1.7900000000100014       0.16057120194898400     
   1.8000000000100014       0.15869404683137334     
   1.8100000000100014       0.15682285378063959     
   1.8200000000100014       0.15495881131179889     
   1.8300000000100014       0.15310307922284999     
   1.8400000000100014       0.15125678789825314     
   1.8500000000100014       0.14942103764971632     
   1.8600000000100014       0.14759689809509666     
   1.8700000000100014       0.14578540757615438     
   1.8800000000100014       0.14398757261582734     
   1.8900000000100015       0.14220436741561784     
   1.9000000000100015       0.14043673339361046     
   1.9100000000100015       0.13868557876356080     
   1.9200000000100015       0.13695177815541665     
   1.9300000000100015       0.13523617227755533     
   1.9400000000100015       0.13353956762093916     
   1.9500000000100015       0.13186273620531169     
   1.9600000000100015       0.13020641536747757     
   1.9700000000100015       0.12857130759162821     
   1.9800000000100015       0.12695808038159745     
   1.9900000000100015       0.12536736617485206     
   2.0000000000100013       0.12379976229794525     
   2.0100000000100011       0.12225583096308693     
   2.0200000000100009       0.12073609930540900     
   2.0300000000100007       0.11924105946043313     
   2.0400000000100005       0.11777116868117847     
   2.0500000000100003       0.11632684949428010     
   2.0600000000100001       0.11490848989442279     
   2.0700000000099998       0.11351644357633464     
   2.0800000000099996       0.11215103020352343     
   2.0900000000099994       0.11081253571288596     
   2.1000000000099992       0.10950121265426264     
   2.1100000000099990       0.10821728056396569     
   2.1200000000099988       0.10696092637125640     
   2.1300000000099986       0.10573230483670963     
   2.1400000000099983       0.10453153902135873     
   2.1500000000099981       0.10335872078548185     
   2.1600000000099979       0.10221391131585426     
   2.1700000000099977       0.10109714168026382     
   2.1800000000099975       0.10000841340805959     
   2.1900000000099973        9.8947699095481373E-002
   2.2000000000099971        9.7914943034497395E-002
   2.2100000000099969        9.6910061863862446E-002
   2.2200000000099966        9.5932945241095205E-002
   2.2300000000099964        9.4983456534063065E-002
   2.2400000000099962        9.4061433530857635E-002
   2.2500000000099960        9.3166689166637756E-002
   2.2600000000099958        9.2299012266119140E-002
   2.2700000000099956        9.1458168300387985E-002
   2.2800000000099954        9.0643900156724161E-002
   2.2900000000099952        8.9855928920123146E-002
   2.3000000000099949        8.9093954665218050E-002
   2.3100000000099947        8.8357657257312844E-002
   2.3200000000099945        8.7646697161253978E-002
   2.3300000000099943        8.6960716256881218E-002
   2.3400000000099941        8.6299338659818731E-002
   2.3500000000099939        8.5662171546385779E-002
   2.3600000000099937        8.5048805981428777E-002
   2.3700000000099934        8.4458817747899206E-002
   2.3800000000099932        8.3891768177026010E-002
   2.3900000000099930        8.3347204977958514E-002
   2.4000000000099928        8.2824663065780915E-002
   2.4100000000099926        8.2323665386829142E-002
   2.4200000000099924        8.1843723740270352E-002
   2.4300000000099922        8.1384339594933700E-002
   2.4400000000099920        8.0945004900413980E-002
   2.4500000000099917        8.0525202891500489E-002
   2.4600000000099915        8.0124408885015569E-002
   2.4700000000099913        7.9742091068180462E-002
   2.4800000000099911        7.9377711277659205E-002
   2.4900000000099909        7.9030725768464968E-002
   2.5000000000099907        7.8700585971947207E-002
   2.5100000000099905        7.8386739242111564E-002
   2.5200000000099902        7.8088629589559755E-002
   2.5300000000099900        7.7805698402369575E-002
   2.5400000000099898        7.7537385153270993E-002
   2.5500000000099896        7.7283128092507730E-002
   2.5600000000099894        7.7042364925808030E-002
   2.5700000000099892        7.6814533476922978E-002
   2.5800000000099890        7.6599072334223778E-002
   2.5900000000099888        7.6395421480884698E-002
   2.6000000000099885        7.6203022908209767E-002
   2.6100000000099883        7.6021321211696496E-002
   2.6200000000099881        7.5849764169461778E-002
   2.6300000000099879        7.5687803302687900E-002
   2.6400000000099877        7.5534894417778692E-002
   2.6500000000099875        7.5390498129948441E-002
   2.6600000000099873        7.5254080367995774E-002
   2.6700000000099871        7.5125112860048082E-002
   2.6800000000099868        7.5003073600090439E-002
   2.6900000000099866        7.4887447295124282E-002
   2.7000000000099864        7.4777725792829819E-002
   2.7100000000099862        7.4673408489635787E-002
   2.7200000000099860        7.4574002719127924E-002
   2.7300000000099858        7.4479024120756285E-002
   2.7400000000099856        7.4387996988827962E-002
   2.7500000000099853        7.4300454601798488E-002
   2.7600000000099851        7.4215939531903058E-002
   2.7700000000099849        7.4134003935191234E-002
   2.7800000000099847        7.4054209822056447E-002
   2.7900000000099845        7.3976129308374189E-002
   2.8000000000099843        7.3899344847387222E-002
   2.8100000000099841        7.3823449442498121E-002
   2.8200000000099839        7.3748046841152742E-002
   2.8300000000099836        7.3672751710019274E-002
   2.8400000000099834        7.3597189791687029E-002
   2.8500000000099832        7.3520998043132543E-002
   2.8600000000099830        7.3443824756215165E-002
   2.8700000000099828        7.3365329660487769E-002
   2.8800000000099826        7.3285184008621912E-002
   2.8900000000099824        7.3203070644766652E-002
   2.9000000000099821        7.3118684056174749E-002
   2.9100000000099819        7.3031730408446682E-002
   2.9200000000099817        7.2941927564756745E-002
   2.9300000000099815        7.2849005089439325E-002
   2.9400000000099813        7.2752704236327667E-002
   2.9500000000099811        7.2652777922248141E-002
   2.9600000000099809        7.2548990686085585E-002
   2.9700000000099807        7.2441118633845419E-002
   2.9800000000099804        7.2328949370148582E-002
   2.9900000000099802        7.2212281916603407E-002
   3.0000000000099800        7.2090926617508266E-002
   3.0100000000099798        7.1964705033343623E-002
   3.0200000000099796        7.1833449822522891E-002
   3.0300000000099794        7.1697004611871867E-002
   3.0400000000099792        7.1555223856317032E-002
   3.0500000000099790        7.1407972688262739E-002
   3.0600000000099787        7.1255126757143600E-002
   3.0700000000099785        7.1096572059639387E-002
   3.0800000000099783        7.0932204761042408E-002
   3.0900000000099781        7.0761931008269052E-002
   3.1000000000099779        7.0585666735005367E-002
   3.1100000000099777        7.0403337459479048E-002
   3.1200000000099775        7.0214878075346945E-002
   3.1300000000099772        7.0020232636186730E-002
   3.1400000000099770        6.9819354134078068E-002
   3.1500000000099768        6.9612204272756273E-002
   3.1600000000099766        6.9398753235817262E-002
   3.1700000000099764        6.9178979450447889E-002
   3.1800000000099762        6.8952869347151280E-002
   3.1900000000099760        6.8720417115931257E-002
   3.2000000000099758        6.8481624459392432E-002
   3.2100000000099755        6.8236500343207912E-002
   3.2200000000099753        6.7985060744396336E-002
   3.2300000000099751        6.7727328397845496E-002
   3.2400000000099749        6.7463332541507784E-002
   3.2500000000099747        6.7193108660686937E-002
   3.2600000000099745        6.6916698231823835E-002
   3.2700000000099743        6.6634148466180737E-002
   3.2800000000099740        6.6345512053812478E-002
   3.2900000000099738        6.6050846908202385E-002
   3.3000000000099736        6.5750215911930102E-002
   3.3100000000099734        6.5443686663726561E-002
   3.3200000000099732        6.5131331227259892E-002
   3.3300000000099730        6.4813225881983932E-002
   3.3400000000099728        6.4489450876368870E-002
   3.3500000000099726        6.4160090183820323E-002
   3.3600000000099723        6.3825231261580934E-002
   3.3700000000099721        6.3484964812895672E-002
   3.3800000000099719        6.3139384552707678E-002
   3.3900000000099717        6.2788586977139280E-002
   3.4000000000099715        6.2432671136999129E-002
   3.4100000000099713        6.2071738415541942E-002
   3.4200000000099711        6.1705892310694788E-002
   3.4300000000099709        6.1335238221949216E-002
   3.4400000000099706        6.0959883242105370E-002
   3.4500000000099704        6.0579935954040452E-002
   3.4600000000099702        6.0195506232659859E-002
   3.4700000000099700        5.9806705052176244E-002
   3.4800000000099698        5.9413644298847545E-002
   3.4900000000099696        5.9016436589292967E-002
   3.5000000000099694        5.8615195094490737E-002
   3.5100000000099691        5.8210033369550843E-002
   3.5200000000099689        5.7801065189340826E-002
   3.5300000000099687        5.7388404390031435E-002
   3.5400000000099685        5.6972164716617348E-002
   3.5500000000099683        5.6552459676453525E-002
   3.5600000000099681        5.6129402398839436E-002
   3.5700000000099679        5.5703105500669522E-002
   3.5800000000099677        5.5273680958157656E-002
   3.5900000000099674        5.4841239984634374E-002
   3.6000000000099672        5.4405892914402697E-002
   3.6100000000099670        5.3967749092631287E-002
   3.6200000000099668        5.3526916771251619E-002
   3.6300000000099666        5.3083503010818947E-002
   3.6400000000099664        5.2637613588286933E-002
   3.6500000000099662        5.2189352910638420E-002
   3.6600000000099659        5.1738823934306358E-002
   3.6700000000099657        5.1286128090312612E-002
   3.6800000000099655        5.0831365215044368E-002
   3.6900000000099653        5.0374633486583088E-002
   3.7000000000099651        4.9916029366493211E-002
   3.7100000000099649        4.9455647546973916E-002
   3.7200000000099647        4.8993580903271342E-002
   3.7300000000099645        4.8529920451244268E-002
   3.7400000000099642        4.8064755309972215E-002
   3.7500000000099640        4.7598172669290895E-002
   3.7600000000099638        4.7130257762136911E-002
   3.7700000000099636        4.6661093841579980E-002
   3.7800000000099634        4.6190762162418679E-002
   3.7900000000099632        4.5719341967213639E-002
   3.8000000000099630        4.5246910476629175E-002
   3.8100000000099628        4.4773542883953417E-002
   3.8200000000099625        4.4299312353665458E-002
   3.8300000000099623        4.3824290023916003E-002
   3.8400000000099621        4.3348545012788134E-002
   3.8500000000099619        4.2872144428203231E-002
   3.8600000000099617        4.2395153381336328E-002
   3.8700000000099615        4.1917635003405909E-002
   3.8800000000099613        4.1439650465701035E-002
   3.8900000000099610        4.0961259002709971E-002
   3.9000000000099608        4.0482517938214016E-002
   3.9100000000099606        4.0003482714209108E-002
   3.9200000000099604        3.9524206922520122E-002
   3.9300000000099602        3.9044742338970012E-002
   3.9400000000099600        3.8565138959968999E-002
   3.9500000000099598        3.8085445041386258E-002
   3.9600000000099596        3.7605707139569552E-002
   3.9700000000099593        3.7125970154376152E-002
   3.9800000000099591        3.6646277374080258E-002
   3.9900000000099589        3.6166670522020813E-002
   4.0000000000099591        3.5687189804855676E-002
   4.0100000000099589        3.5207873962286307E-002
   4.0200000000099587        3.4728760318119431E-002
   4.0300000000099585        3.4249884832530275E-002
   4.0400000000099583        3.3771282155394641E-002
   4.0500000000099581        3.3292985680554978E-002
   4.0600000000099579        3.2815027600888412E-002
   4.0700000000099577        3.2337438964043119E-002
   4.0800000000099574        3.1860249728711633E-002
   4.0900000000099572        3.1383488821309091E-002
   4.1000000000099570        3.0907184192926530E-002
   4.1100000000099568        3.0431362876428725E-002
   4.1200000000099566        2.9956051043568799E-002
   4.1300000000099564        2.9481274061992423E-002
   4.1400000000099562        2.9007056552004966E-002
   4.1500000000099559        2.8533422442979302E-002
   4.1600000000099557        2.8060395029280438E-002
   4.1700000000099555        2.7587997025588971E-002
   4.1800000000099553        2.7116250621504811E-002
   4.1900000000099551        2.6645177535317359E-002
   4.2000000000099549        2.6174799066831018E-002
   4.2100000000099547        2.5705136149137046E-002
   4.2200000000099545        2.5236209399228760E-002
   4.2300000000099542        2.4768039167358900E-002
   4.2400000000099540        2.4300645585043419E-002
   4.2500000000099538        2.3834048611620730E-002
   4.2600000000099536        2.3368268079279761E-002
   4.2700000000099534        2.2903323736476099E-002
   4.2800000000099532        2.2439235289660162E-002
   4.2900000000099530        2.1976022443248651E-002
   4.3000000000099527        2.1513704937774887E-002
   4.3100000000099525        2.1052302586161545E-002
   4.3200000000099523        2.0591835308064688E-002
   4.3300000000099521        2.0132323162245749E-002
   4.3400000000099519        1.9673786376934139E-002
   4.3500000000099517        1.9216245378151191E-002
   4.3600000000099515        1.8759720815972065E-002
   4.3700000000099513        1.8304233588711215E-002
   4.3800000000099510        1.7849804865022280E-002
   4.3900000000099508        1.7396456103912255E-002
   4.4000000000099506        1.6944209072676318E-002
   4.4100000000099504        1.6493085862765870E-002
   4.4200000000099502        1.6043108903611859E-002
   4.4300000000099500        1.5594300974429246E-002
   4.4400000000099498        1.5146685214037165E-002
   4.4500000000099496        1.4700285128735419E-002
   4.4600000000099493        1.4255124598283469E-002
   4.4700000000099491        1.3811227880033208E-002
   4.4800000000099489        1.3368619611275301E-002
   4.4900000000099487        1.2927324809859256E-002
   4.5000000000099485        1.2487368873156270E-002
   4.5100000000099483        1.2048777575435514E-002
   4.5200000000099481        1.1611577063728975E-002
   4.5300000000099478        1.1175793852263156E-002
   4.5400000000099476        1.0741454815539304E-002
   4.5500000000099474        1.0308587180144078E-002
   4.5600000000099472        9.8772185153770432E-003
   4.5700000000099470        9.4473767227794495E-003
   4.5800000000099468        9.0190900246521592E-003
   4.5900000000099466        8.5923869516482364E-003
   4.6000000000099464        8.1672963295268443E-003
   4.6100000000099461        7.7438472651538016E-003
   4.6200000000099459        7.3220691318311671E-003
   4.6300000000099457        6.9019915540391554E-003
   4.6400000000099455        6.4836443916675866E-003
   4.6500000000099453        6.0670577238146634E-003
   4.6600000000099451        5.6522618322249942E-003
   4.6700000000099449        5.2392871844363755E-003
   4.6800000000099446        4.8281644166997635E-003
   4.6900000000099444        4.4189243167344306E-003
   4.7000000000099442        4.0115978063731822E-003
   4.7100000000099440        3.6062159241490740E-003
   4.7200000000099438        3.2028098078702009E-003
   4.7300000000099436        2.8014106772229321E-003
   4.7400000000099434        2.4020498164390655E-003
   4.7500000000099432        2.0047585570576025E-003
   4.7600000000099429        1.6095682608050013E-003
   4.7700000000099427        1.2165103026137685E-003
   4.7800000000099425        8.2561605379287970E-004
   4.7900000000099423        4.3691686535912987E-004
   4.8000000000099421        5.0444051532573531E-005
   4.8100000000099419       -3.3377112660526453E-004
   4.8200000000099417       -7.1569747729608444E-004
   4.8300000000099415       -1.0953038941437254E-003
   4.8400000000099412       -1.4725593720209471E-003
   4.8500000000099410       -1.8474330228634643E-003
   4.8600000000099408       -2.2198940913726859E-003
   4.8700000000099406       -2.5899119706527889E-003
   4.8800000000099404       -2.9574562178092735E-003
   4.8900000000099402       -3.3224965695398596E-003
   4.9000000000099400       -3.6850029577495920E-003
   4.9100000000099397       -4.0449455252235603E-003
   4.9200000000099395       -4.4022946413916830E-003
   4.9300000000099393       -4.7570209182215013E-003
   4.9400000000099391       -5.1090952262729718E-003
   4.9500000000099389       -5.4584887109510880E-003
   4.9600000000099387       -5.8051728089903668E-003
   4.9700000000099385       -6.1491192652034579E-003
   4.9800000000099383       -6.4903001495257547E-003
   4.9900000000099380       -6.8286878743849880E-003
