   9.9999999999999994E-012 -0.11379941686993693     
   1.0000000010000001E-002 -0.11369227986284225     
   2.0000000010000001E-002 -0.11332666405831635     
   3.0000000010000000E-002 -0.11270127141277893     
   4.0000000010000002E-002 -0.11181393377424606     
   5.0000000010000004E-002 -0.11066179344412216     
   6.0000000010000006E-002 -0.10924154445563461     
   7.0000000010000007E-002 -0.10754974923326906     
   8.0000000010000002E-002 -0.10558323134989729     
   9.0000000009999997E-002 -0.10333954175673532     
  0.10000000000999999      -0.10081749077500450     
  0.11000000000999999       -9.8017731450844067E-002
  0.12000000000999998       -9.4943372024927378E-002
  0.13000000000999998       -9.1600587023555863E-002
  0.14000000000999999       -8.7999188918271090E-002
  0.15000000001000000       -8.4153116726282159E-002
  0.16000000001000000       -8.0080795676089694E-002
  0.17000000001000001       -7.5805324295589102E-002
  0.18000000001000002       -7.1354452687235337E-002
  0.19000000001000003       -6.6760328346491565E-002
  0.20000000001000004       -6.2059002849920254E-002
  0.21000000001000005       -5.7289712481086698E-002
  0.22000000001000006       -5.2493966148666048E-002
  0.23000000001000007       -4.7714492256001592E-002
  0.24000000001000008       -4.2994110085745899E-002
  0.25000000001000006       -3.8374598861105211E-002
  0.26000000001000007       -3.3895637867182679E-002
  0.27000000001000007       -2.9593883804857068E-002
  0.28000000001000008       -2.5502237857354237E-002
  0.29000000001000009       -2.1649336562671793E-002
  0.30000000001000010       -1.8059279821771992E-002
  0.31000000001000011       -1.4751588716261260E-002
  0.32000000001000012       -1.1741367546485946E-002
  0.33000000001000013       -9.0396304250490046E-003
  0.34000000001000014       -6.6537439825291684E-003
  0.35000000001000015       -4.5879346225700763E-003
  0.36000000001000015       -2.8438109610430043E-003
  0.37000000001000016       -1.4208586924852034E-003
  0.38000000001000017       -3.1687486799756329E-004
  0.39000000001000018        4.7167999821497457E-004
  0.40000000001000019        9.4942185833662464E-004
  0.41000000001000020        1.1218741741998290E-003
  0.42000000001000021        9.9538021700112792E-004
  0.43000000001000022        5.7708025813191645E-004
  0.44000000001000023       -1.2506656566733110E-004
  0.45000000001000023       -1.1022372008579460E-003
  0.46000000001000024       -2.3446969349255288E-003
  0.47000000001000025       -3.8417666808883296E-003
  0.48000000001000026       -5.5818190021338218E-003
  0.49000000001000027       -7.5523119327068735E-003
  0.50000000001000022       -9.7398648595254135E-003
  0.51000000001000023       -1.2130376252469304E-002
  0.52000000001000024       -1.4709179184901602E-002
  0.53000000001000025       -1.7461227593420971E-002
  0.54000000001000026       -2.0371304182750842E-002
  0.55000000001000027       -2.3424239793872405E-002
  0.56000000001000028       -2.6605133847748923E-002
  0.57000000001000029       -2.9899566025227496E-002
  0.58000000001000029       -3.3293790484586611E-002
  0.59000000001000030       -3.6774905476842298E-002
  0.60000000001000031       -4.0330993023191798E-002
  0.61000000001000032       -4.3951225211858777E-002
  0.62000000001000033       -4.7625935519605464E-002
  0.63000000001000034       -5.1346655260904137E-002
  0.64000000001000035       -5.5106116739445252E-002
  0.65000000001000036       -5.8898225875059704E-002
  0.66000000001000036       -6.2718007982716290E-002
  0.67000000001000037       -6.6561530989152240E-002
  0.68000000001000038       -7.0425810704149938E-002
  0.69000000001000039       -7.4308702847144151E-002
  0.70000000001000040       -7.8208786403386910E-002
  0.71000000001000041       -8.2125242589046785E-002
  0.72000000001000042       -8.6057733283907922E-002
  0.73000000001000043       -9.0006282284513531E-002
  0.74000000001000044       -9.3971162176777409E-002
  0.75000000001000044       -9.7952789057474454E-002
  0.76000000001000045      -0.10195162677530871     
  0.77000000001000046      -0.10596810183535672     
  0.78000000001000047      -0.11000252963096946     
  0.79000000001000048      -0.11405505224489029     
  0.80000000001000049      -0.11812558770209398     
  0.81000000001000050      -0.12221379026252248     
  0.82000000001000051      -0.12631902111124391     
  0.83000000001000052      -0.13044032863299065     
  0.84000000001000052      -0.13457643734224473     
  0.85000000001000053      -0.13872574447265298     
  0.86000000001000054      -0.14288632320361011     
  0.87000000001000055      -0.14705593151024016     
  0.88000000001000056      -0.15123202565879890     
  0.89000000001000057      -0.15541177742620524     
  0.90000000001000058      -0.15959209419408477     
  0.91000000001000059      -0.16376964114914833     
  0.92000000001000060      -0.16794086490849430     
  0.93000000001000060      -0.17210201797677474     
  0.94000000001000061      -0.17624918352915697     
  0.95000000001000062      -0.18037830009731198     
  0.96000000001000063      -0.18448518581359893     
  0.97000000001000064      -0.18856556194003493     
  0.98000000001000065      -0.19261507547283341     
  0.99000000001000066      -0.19662932066994956     
   1.0000000000100007      -0.20060385939815614     
   1.0100000000100007      -0.20453424023791719     
   1.0200000000100007      -0.20841601631911705     
   1.0300000000100007      -0.21224476188912061     
   1.0400000000100007      -0.21601608763713939     
   1.0500000000100007      -0.21972565481619233     
   1.0600000000100007      -0.22336918821673182     
   1.0700000000100007      -0.22694248805482164     
   1.0800000000100007      -0.23044144084325544     
   1.0900000000100007      -0.23386202931672787     
   1.1000000000100008      -0.23720034148264260     
   1.1100000000100008      -0.24045257886781610     
   1.1200000000100008      -0.24361506402862126     
   1.1300000000100008      -0.24668424738836553     
   1.1400000000100008      -0.24965671346121737     
   1.1500000000100008      -0.25252918651703277     
   1.1600000000100008      -0.25529853573621458     
   1.1700000000100008      -0.25796177989841990     
   1.1800000000100008      -0.26051609164366246     
   1.1900000000100008      -0.26295880133924754     
   1.2000000000100008      -0.26528740058110117     
   1.2100000000100009      -0.26749954535348286     
   1.2200000000100009      -0.26959305886683488     
   1.2300000000100009      -0.27156593408966490     
   1.2400000000100009      -0.27341633598686832     
   1.2500000000100009      -0.27514260347381964     
   1.2600000000100009      -0.27674325109284792     
   1.2700000000100009      -0.27821697041639482     
   1.2800000000100009      -0.27956263117918961     
   1.2900000000100009      -0.28077928214017323     
   1.3000000000100009      -0.28186615167361356     
   1.3100000000100009      -0.28282264808789864     
   1.3200000000100010      -0.28364835966980445     
   1.3300000000100010      -0.28434305445162733     
   1.3400000000100010      -0.28490667969840350     
   1.3500000000100010      -0.28533936111249170     
   1.3600000000100010      -0.28564140175305608     
   1.3700000000100010      -0.28581328066842132     
   1.3800000000100010      -0.28585565123986900     
   1.3900000000100010      -0.28576933923618053     
   1.4000000000100010      -0.28555534057908438     
   1.4100000000100010      -0.28521481882071720     
   1.4200000000100010      -0.28474910233524364     
   1.4300000000100010      -0.28415968122787666     
   1.4400000000100011      -0.28344820396567344     
   1.4500000000100011      -0.28261647373566318     
   1.4600000000100011      -0.28166644453703016     
   1.4700000000100011      -0.28060021701526455     
   1.4800000000100011      -0.27942003404734866     
   1.4900000000100011      -0.27812827608817547     
   1.5000000000100011      -0.27672745628948409     
   1.5100000000100011      -0.27522021540362590     
   1.5200000000100011      -0.27360931648544062     
   1.5300000000100011      -0.27189763940640910     
   1.5400000000100011      -0.27008817519605632     
   1.5500000000100012      -0.26818402022629362     
   1.5600000000100012      -0.26618837025500119     
   1.5700000000100012      -0.26410451434567650     
   1.5800000000100012      -0.26193582868037379     
   1.5900000000100012      -0.25968577028347345     
   1.6000000000100012      -0.25735787067400334     
   1.6100000000100012      -0.25495572946433054     
   1.6200000000100012      -0.25248300792301021     
   1.6300000000100012      -0.24994342251945872     
   1.6400000000100012      -0.24734073846788732     
   1.6500000000100012      -0.24467876328760782     
   1.6600000000100013      -0.24196134039640546     
   1.6700000000100013      -0.23919234275317103     
   1.6800000000100013      -0.23637566656540371     
   1.6900000000100013      -0.23351522507654296     
   1.7000000000100013      -0.23061494244736852     
   1.7100000000100013      -0.22767874774493774     
   1.7200000000100013      -0.22471056905170669     
   1.7300000000100013      -0.22171432770662039     
   1.7400000000100013      -0.21869393268906903     
   1.7500000000100013      -0.21565327515569038     
   1.7600000000100013      -0.21259622313907153     
   1.7700000000100014      -0.20952661641646494     
   1.7800000000100014      -0.20644826155570001     
   1.7900000000100014      -0.20336492714454041     
   1.8000000000100014      -0.20028033920882199     
   1.8100000000100014      -0.19719817682380772     
   1.8200000000100014      -0.19412206792232550     
   1.8300000000100014      -0.19105558530240618     
   1.8400000000100014      -0.18800224283632919     
   1.8500000000100014      -0.18496549188220687     
   1.8600000000100014      -0.18194871789849709     
   1.8700000000100014      -0.17895523726113965     
   1.8800000000100014      -0.17598829428235424     
   1.8900000000100015      -0.17305105842952573     
   1.9000000000100015      -0.17014662174203338     
   1.9100000000100015      -0.16727799644335883     
   1.9200000000100015      -0.16444811274532295     
   1.9300000000100015      -0.16165981684086977     
   1.9400000000100015      -0.15891586908141891     
   1.9500000000100015      -0.15621894233445774     
   1.9600000000100015      -0.15357162051673479     
   1.9700000000100015      -0.15097639729814355     
   1.9800000000100015      -0.14843567497115728     
   1.9900000000100015      -0.14595176348047817     
   2.0000000000100013      -0.14352687960740854     
   2.0100000000100011      -0.14116314630332669     
   2.0200000000100009      -0.13886259216655969     
   2.0300000000100007      -0.13662715105688678     
   2.0400000000100005      -0.13445866184187932     
   2.0500000000100003      -0.13235886826928103     
   2.0600000000100001      -0.13032941895966035     
   2.0700000000099998      -0.12837186751362037     
   2.0800000000099996      -0.12648767272792588     
   2.0900000000099994      -0.12467819891500440     
   2.1000000000099992      -0.12294471632040083     
   2.1100000000099990      -0.12128840163289729     
   2.1200000000099988      -0.11971033858216511     
   2.1300000000099986      -0.11821151861898456     
   2.1400000000099983      -0.11679284167324569     
   2.1500000000099981      -0.11545511698513791     
   2.1600000000099979      -0.11419906400513095     
   2.1700000000099977      -0.11302531335855943     
   2.1800000000099975      -0.11193440787082962     
   2.1900000000099973      -0.11092680364948049     
   2.2000000000099971      -0.11000287121954455     
   2.2100000000099969      -0.10916289670886092     
   2.2200000000099966      -0.10840708308020544     
   2.2300000000099964      -0.10773555140730162     
   2.2400000000099962      -0.10714834219197451     
   2.2500000000099960      -0.10664541671989954     
   2.2600000000099958      -0.10622665845257653     
   2.2700000000099956      -0.10589187445333645     
   2.2800000000099954      -0.10564079684534469     
   2.2900000000099952      -0.10547308429972260     
   2.3000000000099949      -0.10538832355204919     
   2.3100000000099947      -0.10538603094563796     
   2.3200000000099945      -0.10546565400010917     
   2.3300000000099943      -0.10562657300388829     
   2.3400000000099941      -0.10586810262937152     
   2.3500000000099939      -0.10618949356959262     
   2.3600000000099937      -0.10658993419531679     
   2.3700000000099934      -0.10706855223157101     
   2.3800000000099932      -0.10762441645269460     
   2.3900000000099930      -0.10825653839506547     
   2.4000000000099928      -0.10896387408672341     
   2.4100000000099926      -0.10974532579316873     
   2.4200000000099924      -0.11059974377867088     
   2.4300000000099922      -0.11152592808246956     
   2.4400000000099920      -0.11252263030929330     
   2.4500000000099917      -0.11358855543365835     
   2.4600000000099915      -0.11472236361743833     
   2.4700000000099913      -0.11592267204021871     
   2.4800000000099911      -0.11718805674196373     
   2.4900000000099909      -0.11851705447752373     
   2.5000000000099907      -0.11990816458250844     
   2.5100000000099905      -0.12135985085002896     
   2.5200000000099902      -0.12287054341778232     
   2.5300000000099900      -0.12443864066490540     
   2.5400000000099898      -0.12606251111796890     
   2.5500000000099896      -0.12774049536540477     
   2.5600000000099894      -0.12947090797957728     
   2.5700000000099892      -0.13125203944559999     
   2.5800000000099890      -0.13308215809588950     
   2.5900000000099888      -0.13495951204931497     
   2.6000000000099885      -0.13688233115366230     
   2.6100000000099883      -0.13884882892998168     
   2.6200000000099881      -0.14085720451722966     
   2.6300000000099879      -0.14290564461545291     
   2.6400000000099877      -0.14499232542559606     
   2.6500000000099875      -0.14711541458385116     
   2.6600000000099873      -0.14927307308830776     
   2.6700000000099871      -0.15146345721550686     
   2.6800000000099868      -0.15368472042436548     
   2.6900000000099866      -0.15593501524480774     
   2.7000000000099864      -0.15821249514833458     
   2.7100000000099862      -0.16051531639767427     
   2.7200000000099860      -0.16284163987259764     
   2.7300000000099858      -0.16518963286894481     
   2.7400000000099856      -0.16755747086790362     
   2.7500000000099853      -0.16994333927260899     
   2.7600000000099851      -0.17234543510918418     
   2.7700000000099849      -0.17476196868943569     
   2.7800000000099847      -0.17719116523253339     
   2.7900000000099845      -0.17963126644315486     
   2.8000000000099843      -0.18208053204375282     
   2.8100000000099841      -0.18453724125880822     
   2.8200000000099839      -0.18699969424915458     
   2.8300000000099836      -0.18946621349470777     
   2.8400000000099834      -0.19193514512419191     
   2.8500000000099832      -0.19440486019071881     
   2.8600000000099830      -0.19687375589235384     
   2.8700000000099828      -0.19934025673707095     
   2.8800000000099826      -0.20180281565176167     
   2.8900000000099824      -0.20425991503521992     
   2.9000000000099821      -0.20671006775525572     
   2.9100000000099819      -0.20915181809030500     
   2.9200000000099817      -0.21158374261609020     
   2.9300000000099815      -0.21400445103803767     
   2.9400000000099813      -0.21641258697028190     
   2.9500000000099811      -0.21880682866217027     
   2.9600000000099809      -0.22118588967322514     
   2.9700000000099807      -0.22354851949752869     
   2.9800000000099804      -0.22589350413846185     
   2.9900000000099802      -0.22821966663465670     
   3.0000000000099800      -0.23052586753791465     
   3.0100000000099798      -0.23281100534370350     
   3.0200000000099796      -0.23507401687467269     
   3.0300000000099794      -0.23731387761743666     
   3.0400000000099792      -0.23952960201265933     
   3.0500000000099790      -0.24172024369824624     
   3.0600000000099787      -0.24388489570522051     
   3.0700000000099785      -0.24602269060562554     
   3.0800000000099783      -0.24813280061157070     
   3.0900000000099781      -0.25021443762433165     
   3.1000000000099779      -0.25226685323222553     
   3.1100000000099777      -0.25428933865582648     
   3.1200000000099775      -0.25628122463896341     
   3.1300000000099772      -0.25824188128386194     
   3.1400000000099770      -0.26017071782875806     
   3.1500000000099768      -0.26206718236632914     
   3.1600000000099766      -0.26393076150136119     
   3.1700000000099764      -0.26576097994619652     
   3.1800000000099762      -0.26755740005269857     
   3.1900000000099760      -0.26931962127971298     
   3.2000000000099758      -0.27104727959530689     
   3.2100000000099755      -0.27274004681343045     
   3.2200000000099753      -0.27439762986505006     
   3.2300000000099751      -0.27601977000426270     
   3.2400000000099749      -0.27760624195039718     
   3.2500000000099747      -0.27915685296764259     
   3.2600000000099745      -0.28067144188430532     
   3.2700000000099743      -0.28214987805437264     
   3.2800000000099740      -0.28359206026465411     
   3.2900000000099738      -0.28499791559136123     
   3.3000000000099736      -0.28636739821056978     
   3.3100000000099734      -0.28770048816757077     
   3.3200000000099732      -0.28899719011065761     
   3.3300000000099730      -0.29025753199539134     
   3.3400000000099728      -0.29148156376584405     
   3.3500000000099726      -0.29266935601971794     
   3.3600000000099723      -0.29382099866457401     
   3.3700000000099721      -0.29493659957267415     
   3.3800000000099719      -0.29601628324213219     
   3.3900000000099717      -0.29706018947218504     
   3.4000000000099715      -0.29806847206041887     
   3.4100000000099713      -0.29904129752973740     
   3.4200000000099711      -0.29997884389270713     
   3.4300000000099709      -0.30088129946068704     
   3.4400000000099706      -0.30174886170483195     
   3.4500000000099704      -0.30258173617565531     
   3.4600000000099702      -0.30338013548735654     
   3.4700000000099700      -0.30414427837256153     
   3.4800000000099698      -0.30487438881249562     
   3.4900000000099696      -0.30557069524692382     
   3.5000000000099694      -0.30623342986744390     
   3.5100000000099691      -0.30686282799693354     
   3.5200000000099689      -0.30745912755712296     
   3.5300000000099687      -0.30802256862541111     
   3.5400000000099685      -0.30855339308117097     
   3.5500000000099683      -0.30905184434091548     
   3.5600000000099681      -0.30951816718081382     
   3.5700000000099679      -0.30995260764419286     
   3.5800000000099677      -0.31035541303081260     
   3.5900000000099674      -0.31072683196390866     
   3.6000000000099672      -0.31106711453021973     
   3.6100000000099670      -0.31137651248751780     
   3.6200000000099668      -0.31165527953349431     
   3.6300000000099666      -0.31190367162927324     
   3.6400000000099664      -0.31212194737030696     
   3.6500000000099662      -0.31231036839696413     
   3.6600000000099659      -0.31246919983677202     
   3.6700000000099657      -0.31259871076999596     
   3.6800000000099655      -0.31269917471005665     
   3.6900000000099653      -0.31277087009019233     
   3.7000000000099651      -0.31281408074776162     
   3.7100000000099649      -0.31282909639767104     
   3.7200000000099647      -0.31281621308657354     
   3.7300000000099645      -0.31277573361974387     
   3.7400000000099642      -0.31270796795286587     
   3.7500000000099640      -0.31261323354138237     
   3.7600000000099638      -0.31249185564053683     
   3.7700000000099636      -0.31234416754979144     
   3.7800000000099634      -0.31217051079590830     
   3.7900000000099632      -0.31197123524965070     
   3.8000000000099630      -0.31174669917176667     
   3.8100000000099628      -0.31149726918466714     
   3.8200000000099625      -0.31122332016699278     
   3.8300000000099623      -0.31092523506906239     
   3.8400000000099621      -0.31060340464802544     
   3.8500000000099619      -0.31025822712235673     
   3.8600000000099617      -0.30989010774617004     
   3.8700000000099615      -0.30949945830464415     
   3.8800000000099613      -0.30908669653265919     
   3.8900000000099610      -0.30865224545953074     
   3.9000000000099608      -0.30819653268347913     
   3.9100000000099606      -0.30771998958019847     
   3.9200000000099604      -0.30722305045056447     
   3.9300000000099602      -0.30670615161315723     
   3.9400000000099600      -0.30616973044785417     
   3.9500000000099598      -0.30561422439727776     
   3.9600000000099596      -0.30504006993334409     
   3.9700000000099593      -0.30444770149656392     
   3.9800000000099591      -0.30383755041608096     
   3.9900000000099589      -0.30321004381870131     
   4.0000000000099591      -0.30256560353536310     
   4.0100000000099589      -0.30190464501361930     
   4.0200000000099587      -0.30122757624476115     
   4.0300000000099585      -0.30053479671418815     
   4.0400000000099583      -0.29982669638353976     
   4.0500000000099581      -0.29910365471293865     
   4.0600000000099579      -0.29836603973146825     
   4.0700000000099577      -0.29761420716370290     
   4.0800000000099574      -0.29684849961974835     
   4.0900000000099572      -0.29606924585582323     
   4.1000000000099570      -0.29527676011192977     
   4.1100000000099568      -0.29447134153262156     
   4.1200000000099566      -0.29365327367629079     
   4.1300000000099564      -0.29282282411776162     
   4.1400000000099562      -0.29198024414830309     
   4.1500000000099559      -0.29112576857646627     
   4.1600000000099557      -0.29025961563241043     
   4.1700000000099555      -0.28938198697762163     
   4.1800000000099553      -0.28849306782114470     
   4.1900000000099551      -0.28759302714265977     
   4.2000000000099549      -0.28668201802193516     
   4.2100000000099547      -0.28576017807339016     
   4.2200000000099545      -0.28482762998371564     
   4.2300000000099542      -0.28388448214971934     
   4.2400000000099540      -0.28293082941280956     
   4.2500000000099538      -0.28196675388579728     
   4.2600000000099536      -0.28099232586700179     
   4.2700000000099534      -0.28000760483597753     
   4.2800000000099532      -0.27901264052456909     
   4.2900000000099530      -0.27800747405642262     
   4.3000000000099527      -0.27699213914757281     
   4.3100000000099525      -0.27596666336025760     
   4.3200000000099523      -0.27493106940172052     
   4.3300000000099521      -0.27388537645942207     
   4.3400000000099519      -0.27282960156381802     
   4.3500000000099517      -0.27176376096966659     
   4.3600000000099515      -0.27068787154670154     
   4.3700000000099513      -0.26960195217045896     
   4.3800000000099510      -0.26850602510406624     
   4.3900000000099508      -0.26740011736190167     
   4.4000000000099506      -0.26628426204619743     
   4.4100000000099504      -0.26515849964790517     
   4.4200000000099502      -0.26402287930345081     
   4.4300000000099500      -0.26287745999938006     
   4.4400000000099498      -0.26172231171734395     
   4.4500000000099496      -0.26055751651236736     
   4.4600000000099493      -0.25938316951790269     
   4.4700000000099491      -0.25819937987177899     
   4.4800000000099489      -0.25700627155780459     
   4.4900000000099487      -0.25580398415847738     
   4.5000000000099485      -0.25459267351497683     
   4.5100000000099483      -0.25337251229136715     
   4.5200000000099481      -0.25214369044071006     
   4.5300000000099478      -0.25090641557157040     
   4.5400000000099476      -0.24966091321419054     
   4.5500000000099474      -0.24840742698639867     
   4.5600000000099472      -0.24714621866009806     
   4.5700000000099470      -0.24587756812995232     
   4.5800000000099468      -0.24460177328662888     
   4.5900000000099466      -0.24331914979767980     
   4.6000000000099464      -0.24203003079982305     
   4.6100000000099461      -0.24073476650703193     
   4.6200000000099459      -0.23943372373943692     
   4.6300000000099457      -0.23812728537859074     
   4.6400000000099455      -0.23681584975514403     
   4.6500000000099453      -0.23549982997540297     
   4.6600000000099451      -0.23417965319361844     
   4.6700000000099449      -0.23285575983715753     
   4.6800000000099446      -0.23152860279194090     
   4.6900000000099444      -0.23019864655570541     
   4.7000000000099442      -0.22886636636674251     
   4.7100000000099440      -0.22753224731579316     
   4.7200000000099438      -0.22619678344873742     
   4.7300000000099436      -0.22486047686760774     
   4.7400000000099434      -0.22352383683727667     
   4.7500000000099432      -0.22218737890492785     
   4.7600000000099429      -0.22085162403911901     
   4.7700000000099427      -0.21951709779488229     
   4.7800000000099425      -0.21818432951089456     
   4.7900000000099423      -0.21685385154428677     
   4.8000000000099421      -0.21552619854815128     
   4.8100000000099419      -0.21420190679626216     
   4.8200000000099417      -0.21288151355893709     
   4.8300000000099415      -0.21156555653336478     
   4.8400000000099412      -0.21025457333108682     
   4.8500000000099410      -0.20894910102467618     
   4.8600000000099408      -0.20764967575499660     
   4.8700000000099406      -0.20635683239976549     
   4.8800000000099404      -0.20507110430348113     
   4.8900000000099402      -0.20379302306812624     
   4.9000000000099400      -0.20252311840341805     
   4.9100000000099397      -0.20126191803475871     
   4.9200000000099395      -0.20000994766644445     
   4.9300000000099393      -0.19876773099712569     
   4.9400000000099391      -0.19753578978398148     
   4.9500000000099389      -0.19631464395157572     
   4.9600000000099387      -0.19510481174091629     
   4.9700000000099385      -0.19390680989382808     
   4.9800000000099383      -0.19272115386739846     
   4.9900000000099380      -0.19154835807294321     
