   9.9999999999999994E-012   9.8395939624788316     
   1.0000000010000001E-002   9.8274093119947121     
   2.0000000010000001E-002   9.7909492879011015     
   3.0000000010000000E-002   9.7304937537051508     
   4.0000000010000002E-002   9.6465029919555967     
   5.0000000010000004E-002   9.5396090272778515     
   6.0000000010000006E-002   9.4106044914252323     
   7.0000000010000007E-002   9.2604298306639112     
   8.0000000010000002E-002   9.0901596422099136     
   9.0000000009999997E-002   8.9009888153766532     
  0.10000000000999999        8.6942189813417166     
  0.11000000000999999        8.4712455832419131     
  0.12000000000999998        8.2335456996651359     
  0.13000000000999998        7.9826666119042429     
  0.14000000000999999        7.7202150083825343     
  0.15000000001000000        7.4478466679288982     
  0.16000000001000000        7.1672564498846638     
  0.17000000001000001        6.8801684331579747     
  0.18000000001000002        6.5883260778824377     
  0.19000000001000003        6.2934823233400827     
  0.20000000001000004        5.9973895775300310     
  0.21000000001000005        5.7017895927052136     
  0.22000000001000006        5.4084032547744432     
  0.23000000001000007        5.1189203415322693     
  0.24000000001000008        4.8349893250634830     
  0.25000000001000006        4.5582073077886500     
  0.26000000001000007        4.2901101901863337     
  0.27000000001000007        4.0321631720684525     
  0.28000000001000008        3.7857516892114873     
  0.29000000001000009        3.5521728839019202     
  0.30000000001000010        3.3326277021900728     
  0.31000000001000011        3.1282137029155788     
  0.32000000001000012        2.9399186543351070     
  0.33000000001000013        2.7686149838375846     
  0.34000000001000014        2.6150551351020530     
  0.35000000001000015        2.4798678754169070     
  0.36000000001000015        2.3635555839771274     
  0.37000000001000016        2.2664925400181870     
  0.38000000001000017        2.1889242178172137     
  0.39000000001000018        2.1309675840588582     
  0.40000000001000019        2.0926123819724025     
  0.41000000001000020        2.0737233761286413     
  0.42000000001000021        2.0740435219547928     
  0.43000000001000022        2.0931980149823448     
  0.44000000001000023        2.1306991666695230     
  0.45000000001000023        2.1859520464044819     
  0.46000000001000024        2.2582608230485941     
  0.47000000001000025        2.3468357341564516     
  0.48000000001000026        2.4508006068299366     
  0.49000000001000027        2.5692008510315629     
  0.50000000001000022        2.7010118440864290     
  0.51000000001000023        2.8451476240175597     
  0.52000000001000024        3.0004698092483713     
  0.53000000001000025        3.1657966630190115     
  0.54000000001000026        3.3399122225409092     
  0.55000000001000027        3.5215754153875665     
  0.56000000001000028        3.7095290888141967     
  0.57000000001000029        3.9025088815333886     
  0.58000000001000029        4.0992518718639506     
  0.59000000001000030        4.2985049410286367     
  0.60000000001000031        4.4990327956160501     
  0.61000000001000032        4.6996255987560875     
  0.62000000001000033        4.8991061653018919     
  0.63000000001000034        5.0963366821835541     
  0.64000000001000035        5.2902249210222028     
  0.65000000001000036        5.4797299159962796     
  0.66000000001000036        5.6638670857684899     
  0.67000000001000037        5.8417127839528780     
  0.68000000001000038        6.0124082680739166     
  0.69000000001000039        6.1751630821980310     
  0.70000000001000040        6.3292578533639494     
  0.71000000001000041        6.4740465065704669     
  0.72000000001000042        6.6089579073741378     
  0.73000000001000043        6.7334969450870927     
  0.74000000001000044        6.8472450731351602     
  0.75000000001000044        6.9498603263325673     
  0.76000000001000045        7.0410768376516630     
  0.77000000001000046        7.1207038795176532     
  0.78000000001000047        7.1886244567483697     
  0.79000000001000048        7.2447934799987523     
  0.80000000001000049        7.2892355499740207     
  0.81000000001000050        7.3220423837616577     
  0.82000000001000051        7.3433699154190393     
  0.83000000001000052        7.3534351034611207     
  0.84000000001000052        7.3525124781423816     
  0.85000000001000053        7.3409304614400455     
  0.86000000001000054        7.3190674924435228     
  0.87000000001000055        7.2873479904584810     
  0.88000000001000056        7.2462381875637458     
  0.89000000001000057        7.1962418616344310     
  0.90000000001000058        7.1378959999839839     
  0.91000000001000059        7.0717664227980563     
  0.92000000001000060        6.9984433944500806     
  0.93000000001000060        6.9185372496166222     
  0.94000000001000061        6.8326740598628719     
  0.95000000001000062        6.7414913650565609     
  0.96000000001000063        6.6456339926024999     
  0.97000000001000064        6.5457499860787447     
  0.98000000001000065        6.4424866634070241     
  0.99000000001000066        6.3364868232112235     
   1.0000000000100007        6.2283851165145006     
   1.0100000000100007        6.1188045994028766     
   1.0200000000100007        6.0083534807459360     
   1.0300000000100007        5.8976220775170152     
   1.0400000000100007        5.7871799887003883     
   1.0500000000100007        5.6775734972145093     
   1.0600000000100007        5.5693232077221477     
   1.0700000000100007        5.4629219266437907     
   1.0800000000100007        5.3588327891434604     
   1.0900000000100007        5.2574876363205219     
   1.1000000000100008        5.1592856443208390     
   1.1100000000100008        5.0645922055808832     
   1.1200000000100008        4.9737380609438597     
   1.1300000000100008        4.8870186799429316     
   1.1400000000100008        4.8046938851393666     
   1.1500000000100008        4.7269877150384918     
   1.1600000000100008        4.6540885187907657     
   1.1700000000100008        4.5861492746254111     
   1.1800000000100008        4.5232881227670001     
   1.1900000000100008        4.4655891024581313     
   1.2000000000100008        4.4131030816608998     
   1.2100000000100009        4.3658488670431019     
   1.2200000000100009        4.3238144809788865     
   1.2300000000100009        4.2869585915138835     
   1.2400000000100009        4.2552120805680564     
   1.2500000000100009        4.2284797350803691     
   1.2600000000100009        4.2066420453430728     
   1.2700000000100009        4.1895570944332325     
   1.2800000000100009        4.1770625224283560     
   1.2900000000100009        4.1689775489934249     
   1.3000000000100009        4.1651050379491741     
   1.3100000000100009        4.1652335875758677     
   1.3200000000100010        4.1691396306718564     
   1.3300000000100010        4.1765895287690409     
   1.3400000000100010        4.1873416454046453     
   1.3500000000100010        4.2011483839552124     
   1.3600000000100010        4.2177581762487399     
   1.3700000000100010        4.2369174089770132     
   1.3800000000100010        4.2583722758247236     
   1.3900000000100010        4.2818705442054830     
   1.4000000000100010        4.3071632265379156     
   1.4100000000100010        4.3340061470968427     
   1.4200000000100010        4.3621613966242148     
   1.4300000000100010        4.3913986680703720     
   1.4400000000100011        4.4214964680465707     
   1.4500000000100011        4.4522431997925729     
   1.4600000000100011        4.4834381146866118     
   1.4700000000100011        4.5148921305372678     
   1.4800000000100011        4.5464285160864524     
   1.4900000000100011        4.5778834423086741     
   1.5000000000100011        4.6091064022036115     
   1.5100000000100011        4.6399605018371215     
   1.5200000000100011        4.6703226263811315     
   1.5300000000100011        4.7000834858274674     
   1.5400000000100011        4.7291475458975842     
   1.5500000000100012        4.7574328504333323     
   1.5600000000100012        4.7848707422285814     
   1.5700000000100012        4.8114054898439846     
   1.5800000000100012        4.8369938284348155     
   1.5900000000100012        4.8616044230132838     
   1.6000000000100012        4.8852172628617883     
   1.6100000000100012        4.9078229960128983     
   1.6200000000100012        4.9294222128174656     
   1.6300000000100012        4.9500246876369465     
   1.6400000000100012        4.9696485876234595     
   1.6500000000100012        4.9883196573959641     
   1.6600000000100013        5.0060703881886219     
   1.6700000000100013        5.0229391797435028     
   1.6800000000100013        5.0389695028512858     
   1.6900000000100013        5.0542090700169791     
   1.7000000000100013        5.0687090212503412     
   1.7100000000100013        5.0825231314601682     
   1.7200000000100013        5.0957070453751871     
   1.7300000000100013        5.1083175453299186     
   1.7400000000100013        5.1204118566486736     
   1.7500000000100013        5.1320469947424687     
   1.7600000000100013        5.1432791574088927     
   1.7700000000100014        5.1541631652009103     
   1.7800000000100014        5.1647519521133267     
   1.7900000000100014        5.1750961082313545     
   1.8000000000100014        5.1852434753997958     
   1.8100000000100014        5.1952387964087556     
   1.8200000000100014        5.2051234176569894     
   1.8300000000100014        5.2149350447507450     
   1.8400000000100014        5.2247075500277171     
   1.8500000000100014        5.2344708305650505     
   1.8600000000100014        5.2442507148394668     
   1.8700000000100014        5.2540689158580776     
   1.8800000000100014        5.2639430282714770     
   1.8900000000100015        5.2738865667164898     
   1.9000000000100015        5.2839090424150719     
   1.9100000000100015        5.2940160748773355     
   1.9200000000100015        5.3042095354200907     
   1.9300000000100015        5.3144877191163626     
   1.9400000000100015        5.3248455417342502     
   1.9500000000100015        5.3352747582038402     
   1.9600000000100015        5.3457641991660587     
   1.9700000000100015        5.3563000222053896     
   1.9800000000100015        5.3668659744464673     
   1.9900000000100015        5.3774436633001477     
   2.0000000000100013        5.3880128322750132     
   2.0100000000100011        5.3985516389222408     
   2.0200000000100009        5.4090369321528353     
   2.0300000000100007        5.4194445263531303     
   2.0400000000100005        5.4297494699245643     
   2.0500000000100003        5.4399263060839855     
   2.0600000000100001        5.4499493239786094     
   2.0700000000099998        5.4597927983922583     
   2.0800000000099996        5.4694312165445549     
   2.0900000000099994        5.4788394907093707     
   2.1000000000099992        5.4879931556013108     
   2.1100000000099990        5.4968685496969263     
   2.1200000000099988        5.5054429798688815     
   2.1300000000099986        5.5136948689147953     
   2.1400000000099983        5.5216038857562362     
   2.1500000000099981        5.5291510582662644     
   2.1600000000099979        5.5363188688545701     
   2.1700000000099977        5.5430913330969585     
   2.1800000000099975        5.5494540618397243     
   2.1900000000099973        5.5553943073389060     
   2.2000000000099971        5.5609009941090521     
   2.2100000000099969        5.5659647352558332     
   2.2200000000099966        5.5705778351514521     
   2.2300000000099964        5.5747342793816355     
   2.2400000000099962        5.5784297129480436     
   2.2500000000099960        5.5816614077510192     
   2.2600000000099958        5.5844282204047184     
   2.2700000000099956        5.5867305414510442     
   2.2800000000099954        5.5885702370407220     
   2.2900000000099952        5.5899505841404569     
   2.3000000000099949        5.5908762003051029     
   2.3100000000099947        5.5913529690242898     
   2.3200000000099945        5.5913879616148767     
   2.3300000000099943        5.5909893565850126     
   2.3400000000099941        5.5901663573435831     
   2.3500000000099939        5.5889291090714535     
   2.3600000000099937        5.5872886155091397     
   2.3700000000099934        5.5852566563505865     
   2.3800000000099932        5.5828457058654246     
   2.3900000000099930        5.5800688533034055     
   2.4000000000099928        5.5769397255658166     
   2.4100000000099926        5.5734724125599220     
   2.4200000000099924        5.5696813955853131     
   2.4300000000099922        5.5655814790355196     
   2.4400000000099920        5.5611877256355466     
   2.4500000000099917        5.5565153953762820     
   2.4600000000099915        5.5515798882508500     
   2.4700000000099913        5.5463966908458975     
   2.4800000000099911        5.5409813267933954     
   2.4900000000099909        5.5353493110453851     
   2.5000000000099907        5.5295161078960344     
   2.5100000000099905        5.5234970926418532     
   2.5200000000099902        5.5173075167424566     
   2.5300000000099900        5.5109624763205023     
   2.5400000000099898        5.5044768838203382     
   2.5500000000099896        5.4978654426303066     
   2.5600000000099894        5.4911426244634125     
   2.5700000000099892        5.4843226492847101     
   2.5800000000099890        5.4774194675712362     
   2.5900000000099888        5.4704467446911309     
   2.6000000000099885        5.4634178471924866     
   2.6100000000099883        5.4563458307989556     
   2.6200000000099881        5.4492434299180958     
   2.6300000000099879        5.4421230484792584     
   2.6400000000099877        5.4349967519301927     
   2.6500000000099875        5.4278762602352471     
   2.6600000000099873        5.4207729417326584     
   2.6700000000099871        5.4136978077234366     
   2.6800000000099868        5.4066615076799538     
   2.6900000000099866        5.3996743249776511     
   2.7000000000099864        5.3927461730686019     
   2.7100000000099862        5.3858865920303769     
   2.7200000000099860        5.3791047454378136     
   2.7300000000099858        5.3724094175186092     
   2.7400000000099856        5.3658090105660596     
   2.7500000000099853        5.3593115425936286     
   2.7600000000099851        5.3529246452262438     
   2.7700000000099849        5.3466555618323071     
   2.7800000000099847        5.3405111459082502     
   2.7900000000099845        5.3344978597340917     
   2.8000000000099843        5.3286217733238983     
   2.8100000000099841        5.3228885636992453     
   2.8200000000099839        5.3173035145169010     
   2.8300000000099836        5.3118715160838876     
   2.8400000000099834        5.3065970657940031     
   2.8500000000099832        5.3014842690198725     
   2.8600000000099830        5.2965368404935989     
   2.8700000000099828        5.2917581062072960     
   2.8800000000099826        5.2871510058623326     
   2.8900000000099824        5.2827180958928190     
   2.9000000000099821        5.2784615530852408     
   2.9100000000099819        5.2743831788118065     
   2.9200000000099817        5.2704844038905474     
   2.9300000000099815        5.2667662940802042     
   2.9400000000099813        5.2632295562128526     
   2.9500000000099811        5.2598745449619324     
   2.9600000000099809        5.2567012702380511     
   2.9700000000099807        5.2537094051996442     
   2.9800000000099804        5.2508982948604501     
   2.9900000000099802        5.2482669652708065     
   3.0000000000099800        5.2458141332451032     
   3.0100000000099798        5.2435382166033744     
   3.0200000000099796        5.2414373448911054     
   3.0300000000099794        5.2395093705378528     
   3.0400000000099792        5.2377518804123016     
   3.0500000000099790        5.2361622077289995     
   3.0600000000099787        5.2347374442601833     
   3.0700000000099785        5.2334744528049040     
   3.0800000000099783        5.2323698798670595     
   3.0900000000099781        5.2314201684940436     
   3.1000000000099779        5.2306215712283120     
   3.1100000000099777        5.2299701631255004     
   3.1200000000099775        5.2294618547945140     
   3.1300000000099772        5.2290924054173997     
   3.1400000000099770        5.2288574357096254     
   3.1500000000099768        5.2287524407846062     
   3.1600000000099766        5.2287728028899396     
   3.1700000000099764        5.2289138039865124     
   3.1800000000099762        5.2291706381457512     
   3.1900000000099760        5.2295384237441835     
   3.2000000000099758        5.2300122154385669     
   3.2100000000099755        5.2305870159086707     
   3.2200000000099753        5.2312577873584605     
   3.2300000000099751        5.2320194627697312     
   3.2400000000099749        5.2328669569051893     
   3.2500000000099747        5.2337951770604079     
   3.2600000000099745        5.2347990335660013     
   3.2700000000099743        5.2358734500426394     
   3.2800000000099740        5.2370133734122373     
   3.2900000000099738        5.2382137836686367     
   3.3000000000099736        5.2394697034104887     
   3.3100000000099734        5.2407762071377579     
   3.3200000000099732        5.2421284303113822     
   3.3300000000099730        5.2435215781731879     
   3.3400000000099728        5.2449509343202338     
   3.3500000000099726        5.2464118690244304     
   3.3600000000099723        5.2478998472846365     
   3.3700000000099721        5.2494104365946503     
   3.3800000000099719        5.2509393144066259     
   3.3900000000099717        5.2524822752655993     
   3.4000000000099715        5.2540352375872805     
   3.4100000000099713        5.2555942500479089     
   3.4200000000099711        5.2571554975522492     
   3.4300000000099709        5.2587153067435546     
   3.4400000000099706        5.2602701510178731     
   3.4500000000099704        5.2618166550044183     
   3.4600000000099702        5.2633515984739327     
   3.4700000000099700        5.2648719196382512     
   3.4800000000099698        5.2663747178064861     
   3.4900000000099696        5.2678572553665743     
   3.5000000000099694        5.2693169590652467     
   3.5100000000099691        5.2707514205648742     
   3.5200000000099689        5.2721583962619381     
   3.5300000000099687        5.2735358063590958     
   3.5400000000099685        5.2748817331907922     
   3.5500000000099683        5.2761944188109826     
   3.5600000000099681        5.2774722618606695     
   3.5700000000099679        5.2787138137424030     
   3.5800000000099677        5.2799177741384460     
   3.5900000000099674        5.2810829859188839     
   3.6000000000099672        5.2822084294951859     
   3.6100000000099670        5.2832932166835311     
   3.6200000000099668        5.2843365841503305     
   3.6300000000099666        5.2853378865196436     
   3.6400000000099664        5.2862965892283409     
   3.6500000000099662        5.2872122612198362     
   3.6600000000099659        5.2880845675707748     
   3.6700000000099657        5.2889132621471360     
   3.6800000000099655        5.2896981803865861     
   3.6900000000099653        5.2904392323027531     
   3.7000000000099651        5.2911363958040569     
   3.7100000000099649        5.2917897104150855     
   3.7200000000099647        5.2923992714820942     
   3.7300000000099645        5.2929652249362160     
   3.7400000000099642        5.2934877626784766     
   3.7500000000099640        5.2939671186397321     
   3.7600000000099638        5.2944035655566601     
   3.7700000000099636        5.2947974124917234     
   3.7800000000099634        5.2951490031111677     
   3.7900000000099632        5.2954587147207093     
   3.8000000000099630        5.2957269580438133     
   3.8100000000099628        5.2959541777127974     
   3.8200000000099625        5.2961408534285734     
   3.8300000000099623        5.2962875017309630     
   3.8400000000099621        5.2963946783085181     
   3.8500000000099619        5.2964629807649022     
   3.8600000000099617        5.2964930517482625     
   3.8700000000099615        5.2964855823411341     
   3.8800000000099613        5.2964413156011938     
   3.8900000000099610        5.2963610501379259     
   3.9000000000099608        5.2962456436071950     
   3.9100000000099606        5.2960960160046726     
   3.9200000000099604        5.2959131526404004     
   3.9300000000099602        5.2956981066803390     
   3.9400000000099600        5.2954520011463639     
   3.9500000000099598        5.2951760302742965     
   3.9600000000099596        5.2948714601392597     
   3.9700000000099593        5.2945396284696553     
   3.9800000000099591        5.2941819435844248     
   3.9900000000099589        5.2937998824032650     
   4.0000000000099591        5.2933949874955930     
   4.0100000000099589        5.2929688631510992     
   4.0200000000099587        5.2925231704723705     
   4.0300000000099585        5.2920596215080007     
   4.0400000000099583        5.2915799724624737     
   4.0500000000099581        5.2910860160366218     
   4.0600000000099579        5.2905795729691931     
   4.0700000000099577        5.2900624828659177     
   4.0800000000099574        5.2895365944167825     
   4.0900000000099572        5.2890037551151625     
   4.1000000000099570        5.2884658006033245     
   4.1100000000099568        5.2879245437778000     
   4.1200000000099566        5.2873817637947234     
   4.1300000000099564        5.2868391951194766     
   4.1400000000099562        5.2862985167667693     
   4.1500000000099559        5.2857613418764720     
   4.1600000000099557        5.2852292077672356     
   4.1700000000099555        5.2847035666040751     
   4.1800000000099553        5.2841857768078988     
   4.1900000000099551        5.2836770953244763     
   4.2000000000099549        5.2831786708577599     
   4.2100000000099547        5.2826915381579989     
   4.2200000000099545        5.2822166134391182     
   4.2300000000099542        5.2817546909823196     
   4.2400000000099540        5.2813064409646078     
   4.2500000000099538        5.2808724085317440     
   4.2600000000099536        5.2804530141157997     
   4.2700000000099534        5.2800485549780110     
   4.2800000000099532        5.2796592079386784     
   4.2900000000099530        5.2792850332374579     
   4.3000000000099527        5.2789259794501744     
   4.3100000000099525        5.2785818893724059     
   4.3200000000099523        5.2782525067657620     
   4.3300000000099521        5.2779374838505699     
   4.3400000000099519        5.2776363894184355     
   4.3500000000099517        5.2773487174303018     
   4.3600000000099515        5.2770738959603189     
   4.3700000000099513        5.2768112963429941     
   4.3800000000099510        5.2765602423809339     
   4.3900000000099508        5.2763200194729638     
   4.4000000000099506        5.2760898835274324     
   4.4100000000099504        5.2758690695330337     
   4.4200000000099502        5.2756567996693207     
   4.4300000000099500        5.2754522908511143     
   4.4400000000099498        5.2752547616149545     
   4.4500000000099496        5.2750634382713404     
   4.4600000000099493        5.2748775602634606     
   4.4700000000099491        5.2746963846912065     
   4.4800000000099489        5.2745191899779336     
   4.4900000000099487        5.2743452786765719     
   4.5000000000099485        5.2741739794307376     
   4.5100000000099483        5.2740046481252234     
   4.5200000000099481        5.2738366682782161     
   4.5300000000099478        5.2736694507444284     
   4.5400000000099476        5.2735024328138866     
   4.5500000000099474        5.2733350768047567     
   4.5600000000099472        5.2731668682604251     
   4.5700000000099470        5.2729973138705057     
   4.5800000000099468        5.2728259392425070     
   4.5900000000099466        5.2726522866553909     
   4.6000000000099464        5.2724759129279040     
   4.6100000000099461        5.2722963875335829     
   4.6200000000099459        5.2721132910904283     
   4.6300000000099457        5.2719262143466032     
   4.6400000000099455        5.2717347577741966     
   4.6500000000099453        5.2715385318711707     
   4.6600000000099451        5.2713371582573236     
   4.6700000000099449        5.2711302716336954     
   4.6800000000099446        5.2709175226563616     
   4.6900000000099444        5.2706985817557293     
   4.7000000000099442        5.2704731439110404     
   4.7100000000099440        5.2702409343676893     
   4.7200000000099438        5.2700017152621204     
   4.7300000000099436        5.2697552930962015     
   4.7400000000099434        5.2695015269801644     
   4.7500000000099432        5.2692403375411851     
   4.7600000000099429        5.2689717163735086     
   4.7700000000099427        5.2686957358863751     
   4.7800000000099425        5.2684125593880093     
   4.7900000000099423        5.2681224512281108     
   4.8000000000099421        5.2678257868078111     
   4.8100000000099419        5.2675230622553375     
   4.8200000000099417        5.2672149035578046     
   4.8300000000099415        5.2669020749347890     
   4.8400000000099412        5.2665854862380863     
   4.8500000000099410        5.2662661991639066     
   4.8600000000099408        5.2659454320693246     
   4.8700000000099406        5.2656245631936978     
   4.8800000000099404        5.2653051320981001     
   4.8900000000099402        5.2649888391515942     
   4.9000000000099400        5.2646775429119650     
   4.9100000000099397        5.2643732552705265     
   4.9200000000099395        5.2640781342552447     
   4.9300000000099393        5.2637944744136416     
   4.9400000000099391        5.2635246947262990     
   4.9500000000099389        5.2632713240330080     
   4.9600000000099387        5.2630369839863054     
   4.9700000000099385        5.2628243695808514     
   4.9800000000099383        5.2626362273415559     
   4.9900000000099380        5.2624753312878676     
