   9.9999999999999994E-012   9.8395939624788316     
   1.0000000010000001E-002   9.8110162807892305     
   2.0000000010000001E-002   9.7174530553440590     
   3.0000000010000000E-002   9.5608688522821978     
   4.0000000010000002E-002   9.3444976936986635     
   5.0000000010000004E-002   9.0727112888257757     
   6.0000000010000006E-002   8.7508564825448065     
   7.0000000010000007E-002   8.3850677242970271     
   8.0000000010000002E-002   7.9820668046085768     
   9.0000000009999997E-002   7.5489613452049058     
  0.10000000000999999        7.0930517993400191     
  0.11000000000999999        6.6216544305569158     
  0.12000000000999998        6.1419452866716933     
  0.13000000000999998        5.6608278871785540     
  0.14000000000999999        5.1848254018774522     
  0.15000000001000000        4.7199966127907880     
  0.16000000001000000        4.2718739267840684     
  0.17000000001000001        3.8454210980230394     
  0.18000000001000002        3.4450080411505781     
  0.19000000001000003        3.0744000856519760     
  0.20000000001000004        2.7367591553622272     
  0.21000000001000005        2.4346545877720849     
  0.22000000001000006        2.1700815843830199     
  0.23000000001000007        1.9444855699751507     
  0.24000000001000008        1.7587910123339328     
  0.25000000001000006        1.6134335017554509     
  0.26000000001000007        1.5083941056604440     
  0.27000000001000007        1.4432351967703629     
  0.28000000001000008        1.4171371053248496     
  0.29000000001000009        1.4289350700453860     
  0.30000000001000010        1.4771560629422917     
  0.31000000001000011        1.5600551436327106     
  0.32000000001000012        1.6756510633291815     
  0.33000000001000013        1.8217608903726874     
  0.34000000001000014        1.9960334709176415     
  0.35000000001000015        2.1959815724268945     
  0.36000000001000015        2.4190125858410920     
  0.37000000001000016        2.6624576860851294     
  0.38000000001000017        2.9235993710611252     
  0.39000000001000018        3.1996973172701733     
  0.40000000001000019        3.4880125062989142     
  0.41000000001000020        3.7858295910212747     
  0.42000000001000021        4.0904774836904183     
  0.43000000001000022        4.3993481611537053     
  0.44000000001000023        4.7099136919837807     
  0.45000000001000023        5.0197415041974134     
  0.46000000001000024        5.3265079188892743     
  0.47000000001000025        5.6280099860349839     
  0.48000000001000026        5.9221756662961207     
  0.49000000001000027        6.2070724101226071     
  0.50000000001000022        6.4809141919805935     
  0.51000000001000023        6.7420670632133994     
  0.52000000001000024        6.9890532918710280     
  0.53000000001000025        7.2205541618411839     
  0.54000000001000026        7.4354115067956812     
  0.55000000001000027        7.6326280568491232     
  0.56000000001000028        7.8113666774622148     
  0.57000000001000029        7.9709485810448468     
  0.58000000001000029        8.1108505919761917     
  0.59000000001000030        8.2307015454140071     
  0.60000000001000031        8.3302778993718185     
  0.61000000001000032        8.4094986381604944     
  0.62000000001000033        8.4684195434814740     
  0.63000000001000034        8.5072269072846769     
  0.64000000001000035        8.5262307580244610     
  0.65000000001000036        8.5258576692215904     
  0.66000000001000036        8.5066432163230381     
  0.67000000001000037        8.4692241447974368     
  0.68000000001000038        8.4143303092604889     
  0.69000000001000039        8.3427764402356885     
  0.70000000001000040        8.2554537919604307     
  0.71000000001000041        8.1533217214807152     
  0.72000000001000042        8.0373992461682899     
  0.73000000001000043        7.9087566237666902     
  0.74000000001000044        7.7685069961469377     
  0.75000000001000044        7.6177981351438619     
  0.76000000001000045        7.4578043261605886     
  0.77000000001000046        7.2897184226773337     
  0.78000000001000047        7.1147441023832458     
  0.79000000001000048        6.9340883533651025     
  0.80000000001000049        6.7489542166293885     
  0.81000000001000050        6.5605338091966674     
  0.82000000001000051        6.3700016500794119     
  0.83000000001000052        6.1785083096241236     
  0.84000000001000052        5.9871744009526946     
  0.85000000001000053        5.7970849305620717     
  0.86000000001000054        5.6092840235201384     
  0.87000000001000055        5.4247700371137038     
  0.88000000001000056        5.2444910752457741     
  0.89000000001000057        5.0693409143288619     
  0.90000000001000058        4.9001553498657762     
  0.91000000001000059        4.7377089713366294     
  0.92000000001000060        4.5827123714099134     
  0.93000000001000060        4.4358097938558068     
  0.94000000001000061        4.2975772228527571     
  0.95000000001000062        4.1685209146383437     
  0.96000000001000063        4.0490763706606341     
  0.97000000001000064        3.9396077495381996     
  0.98000000001000065        3.8404077132371497     
  0.99000000001000066        3.7516977009241161     
   1.0000000000100007        3.6736286219590446     
   1.0100000000100007        3.6062819574616327     
   1.0200000000100007        3.5496712578323253     
   1.0300000000100007        3.5037440215500291     
   1.0400000000100007        3.4683839385761197     
   1.0500000000100007        3.4434134795871651     
   1.0600000000100007        3.4285968103495597     
   1.0700000000100007        3.4236430086181899     
   1.0800000000100007        3.4282095591247348     
   1.0900000000100007        3.4419061005110505     
   1.1000000000100008        3.4642983964842600     
   1.1100000000100008        3.4949125020449969     
   1.1200000000100008        3.5332390943894878     
   1.1300000000100008        3.5787379370300982     
   1.1400000000100008        3.6308424448362757     
   1.1500000000100008        3.6889643170851336     
   1.1600000000100008        3.7524982052431697     
   1.1700000000100008        3.8208263820895829     
   1.1800000000100008        3.8933233789469170     
   1.1900000000100008        3.9693605582123772     
   1.2000000000100008        4.0483105890861220     
   1.2100000000100009        4.1295517953706620     
   1.2200000000100009        4.2124723454641195     
   1.2300000000100009        4.2964742561819182     
   1.2400000000100009        4.3809771838053928     
   1.2500000000100009        4.4654219777570612     
   1.2600000000100009        4.5492739745230741     
   1.2700000000100009        4.6320260118625241     
   1.2800000000100009        4.7132011459368854     
   1.2900000000100009        4.7923550567345403     
   1.3000000000100009        4.8690781300263311     
   1.3100000000100009        4.9429972070380961     
   1.3200000000100010        5.0137769960334140     
   1.3300000000100010        5.0811211430315986     
   1.3400000000100010        5.1447729619096005     
   1.3500000000100010        5.2045158271186232     
   1.3600000000100010        5.2601732351550252     
   1.3700000000100010        5.3116085437288021     
   1.3800000000100010        5.3587244002422114     
   1.3900000000100010        5.4014618736978290     
   1.4000000000100010        5.4397993064742201     
   1.4100000000100010        5.4737509045154722     
   1.4200000000100010        5.5033650863585004     
   1.4300000000100010        5.5287226130523583     
   1.4400000000100011        5.5499345223939489     
   1.4500000000100011        5.5671398920045947     
   1.4600000000100011        5.5805034565960181     
   1.4700000000100011        5.5902131053200996     
   1.4800000000100011        5.5964772853651876     
   1.4900000000100011        5.5995223379578372     
   1.5000000000100011        5.5995897926601632     
   1.5100000000100011        5.5969336453309282     
   1.5200000000100011        5.5918176443567011     
   1.5300000000100011        5.5845126087745474     
   1.5400000000100011        5.5752938007183364     
   1.5500000000100012        5.5644383732475164     
   1.5600000000100012        5.5522229130822520     
   1.5700000000100012        5.5389210960953230     
   1.5800000000100012        5.5248014716233431     
   1.5900000000100012        5.5101253897820701     
   1.6000000000100012        5.4951450840274410     
   1.6100000000100012        5.4801019192196536     
   1.6200000000100012        5.4652248134460013     
   1.6300000000100012        5.4507288398617595     
   1.6400000000100012        5.4368140128390809     
   1.6500000000100012        5.4236642607916670     
   1.6600000000100013        5.4114465861866803     
   1.6700000000100013        5.4003104114817564     
   1.6800000000100013        5.3903871080492545     
   1.6900000000100013        5.3817897035848397     
   1.7000000000100013        5.3746127620545936     
   1.7100000000100013        5.3689324289225677     
   1.7200000000100013        5.3648066332265660     
   1.7300000000100013        5.3622754370384857     
   1.7400000000100013        5.3613615219601414     
   1.7500000000100013        5.3620708015671639     
   1.7600000000100013        5.3643931481219260     
   1.7700000000100014        5.3683032214292261     
   1.7800000000100014        5.3737613874022117     
   1.7900000000100014        5.3807147137356903     
   1.8000000000100014        5.3890980300434563     
   1.8100000000100014        5.3988350398985183     
   1.8200000000100014        5.4098394724120027     
   1.8300000000100014        5.4220162612894161     
   1.8400000000100014        5.4352627397026092     
   1.8500000000100014        5.4494698398023775     
   1.8600000000100014        5.4645232862604782     
   1.8700000000100014        5.4803047738604898     
   1.8800000000100014        5.4966931198445943     
   1.8900000000100015        5.5135653824577595     
   1.9000000000100015        5.5307979379022862     
   1.9100000000100015        5.5482675087145008     
   1.9200000000100015        5.5658521373925147     
   1.9300000000100015        5.5834320999305396     
   1.9400000000100015        5.6008907547428919     
   1.9500000000100015        5.6181153232820407     
   1.9600000000100015        5.6349975994621939     
   1.9700000000100015        5.6514345857868573     
   1.9800000000100015        5.6673290548391275     
   1.9900000000100015        5.6825900355221366     
   2.0000000000100013        5.6971332241289794     
   2.0100000000100011        5.7108813209729625     
   2.0200000000100009        5.7237642939159832     
   2.0300000000100007        5.7357195706930977     
   2.0400000000100005        5.7466921624420317     
   2.0500000000100003        5.7566347213060549     
   2.0600000000100001        5.7655075353861100     
   2.0700000000099998        5.7732784646726873     
   2.0800000000099996        5.7799228218895005     
   2.0900000000099994        5.7854232024299828     
   2.1000000000099992        5.7897692677646724     
   2.1100000000099990        5.7929574868439655     
   2.1200000000099988        5.7949908401179169     
   2.1300000000099986        5.7958784908449550     
   2.1400000000099983        5.7956354283662943     
   2.1500000000099981        5.7942820879855876     
   2.1600000000099979        5.7918439520161247     
   2.1700000000099977        5.7883511364439419     
   2.1800000000099975        5.7838379675076421     
   2.1900000000099973        5.7783425523175929     
   2.2000000000099971        5.7719063474321386     
   2.2100000000099969        5.7645737290796841     
   2.2200000000099966        5.7563915684666318     
   2.2300000000099964        5.7474088153455574     
   2.2400000000099962        5.7376760927393224     
   2.2500000000099960        5.7272453054280650     
   2.2600000000099958        5.7161692645110946     
   2.2700000000099956        5.7045013300571963     
   2.2800000000099954        5.6922950735583502     
   2.2900000000099952        5.6796039616060039     
   2.3000000000099949        5.6664810619185904     
   2.3100000000099947        5.6529787725666267     
   2.3200000000099945        5.6391485749696439     
   2.3300000000099943        5.6250408109795584     
   2.3400000000099941        5.6107044841197657     
   2.3500000000099939        5.5961870848198165     
   2.3600000000099937        5.5815344392733417     
   2.3700000000099934        5.5667905813531275     
   2.3800000000099932        5.5519976468426560     
   2.3900000000099930        5.5371957890886305     
   2.4000000000099928        5.5224231150443606     
   2.4100000000099926        5.5077156405595469     
   2.4200000000099924        5.4931072636776541     
   2.4300000000099922        5.4786297546276028     
   2.4400000000099920        5.4643127611412456     
   2.4500000000099917        5.4501838276912880     
   2.4600000000099915        5.4362684272251531     
   2.4700000000099913        5.4225900039677288     
   2.4800000000099911        5.4091700258786553     
   2.4900000000099909        5.3960280453768652     
   2.5000000000099907        5.3831817669847188     
   2.5100000000099905        5.3706471205952786     
   2.5200000000099902        5.3584383391273018     
   2.5300000000099900        5.3465680394020989     
   2.5400000000099898        5.3350473051529930     
   2.5500000000099896        5.3238857711602865     
   2.5600000000099894        5.3130917075910045     
   2.5700000000099892        5.3026721037119371     
   2.5800000000099890        5.2926327502352377     
   2.5900000000099888        5.2829783196470377     
   2.6000000000099885        5.2737124439599432     
   2.6100000000099883        5.2648377894189364     
   2.6200000000099881        5.2563561277762378     
   2.6300000000099879        5.2482684038331664     
   2.6400000000099877        5.2405747990254570     
   2.6500000000099875        5.2332747909020680     
   2.6600000000099873        5.2263672084158657     
   2.6700000000099871        5.2198502830074158     
   2.6800000000099868        5.2137216955198360     
   2.6900000000099866        5.2079786190336206     
   2.7000000000099864        5.2026177577548580     
   2.7100000000099862        5.1976353821287962     
   2.7200000000099860        5.1930273603830610     
   2.7300000000099858        5.1887891867312206     
   2.7400000000099856        5.1849160064880646     
   2.7500000000099853        5.1814026383630285     
   2.7600000000099851        5.1782435942081619     
   2.7700000000099849        5.1754330965019779     
   2.7800000000099847        5.1729650938510856     
   2.7900000000099845        5.1708332747878138     
   2.8000000000099843        5.1690310801346975     
   2.8100000000099841        5.1675517141960103     
   2.8200000000099839        5.1663881550230020     
   2.8300000000099836        5.1655331639834774     
   2.8400000000099834        5.1649792948483393     
   2.8500000000099832        5.1647189025881257     
   2.8600000000099830        5.1647441520516582     
   2.8700000000099828        5.1650470266774304     
   2.8800000000099826        5.1656193373662083     
   2.8900000000099824        5.1664527316212538     
   2.9000000000099821        5.1675387030407682     
   2.9100000000099819        5.1688686012258787     
   2.9200000000099817        5.1704336421471124     
   2.9300000000099815        5.1722249189931055     
   2.9400000000099813        5.1742334135073138     
   2.9500000000099811        5.1764500078022557     
   2.9600000000099809        5.1788654966260630     
   2.9700000000099807        5.1814706000434239     
   2.9800000000099804        5.1842559764820297     
   2.9900000000099802        5.1872122360868058     
   3.0000000000099800        5.1903299543172841     
   3.0100000000099798        5.1935996857185591     
   3.0200000000099796        5.1970119777933155     
   3.0300000000099794        5.2005573849013018     
   3.0400000000099792        5.2042264821132376     
   3.0500000000099790        5.2080098789483911     
   3.0600000000099787        5.2118982329287444     
   3.0700000000099785        5.2158822628875736     
   3.0800000000099783        5.2199527619762476     
   3.0900000000099781        5.2241006103198870     
   3.1000000000099779        5.2283167872798391     
   3.1100000000099777        5.2325923832887939     
   3.1200000000099775        5.2369186112322090     
   3.1300000000099772        5.2412868173575111     
   3.1400000000099770        5.2456884917001094     
   3.1500000000099768        5.2501152780221823     
   3.1600000000099766        5.2545589832665964     
   3.1700000000099764        5.2590115865337124     
   3.1800000000099762        5.2634652475933841     
   3.1900000000099760        5.2679123149479334     
   3.2000000000099758        5.2723453334641031     
   3.2100000000099755        5.2767570515932443     
   3.2200000000099753        5.2811404281989267     
   3.2300000000099751        5.2854886390100928     
   3.2400000000099749        5.2897950827156572     
   3.2500000000099747        5.2940533867134452     
   3.2600000000099745        5.2982574125223714     
   3.2700000000099743        5.3024012608622781     
   3.2800000000099740        5.3064792764008102     
   3.2900000000099738        5.3104860521613961     
   3.3000000000099736        5.3144164335810924     
   3.3100000000099734        5.3182655222017861     
   3.3200000000099732        5.3220286789733970     
   3.3300000000099730        5.3257015271434014     
   3.3400000000099728        5.3292799547034084     
   3.3500000000099726        5.3327601163608866     
   3.3600000000099723        5.3361384350024403     
   3.3700000000099721        5.3394116026146836     
   3.3800000000099719        5.3425765806295020     
   3.3900000000099717        5.3456305996626599     
   3.4000000000099715        5.3485711586181086     
   3.4100000000099713        5.3513960231351643     
   3.4200000000099711        5.3541032233616050     
   3.4300000000099709        5.3566910510429366     
   3.4400000000099706        5.3591580559261036     
   3.4500000000099704        5.3615030414848777     
   3.4600000000099702        5.3637250599836772     
   3.4700000000099700        5.3658234069065056     
   3.4800000000099698        5.3677976147877899     
   3.4900000000099696        5.3696474464918236     
   3.5000000000099694        5.3713728879971727     
   3.5100000000099691        5.3729741407512748     
   3.5200000000099689        5.3744516136685441     
   3.5300000000099687        5.3758059148521609     
   3.5400000000099685        5.3770378431252510     
   3.5500000000099683        5.3781483794610283     
   3.5600000000099681        5.3791386784037076     
   3.5700000000099679        5.3800100595722764     
   3.5800000000099677        5.3807639993374927     
   3.5900000000099674        5.3814021227588622     
   3.6000000000099672        5.3819261958625688     
   3.6100000000099670        5.3823381183337471     
   3.6200000000099668        5.3826399166868821     
   3.6300000000099666        5.3828337379669522     
   3.6400000000099664        5.3829218440211370     
   3.6500000000099662        5.3829066063668609     
   3.6600000000099659        5.3827905016668991     
   3.6700000000099657        5.3825761078064973     
   3.6800000000099655        5.3822661005512566     
   3.6900000000099653        5.3818632507484221     
   3.7000000000099651        5.3813704220182981     
   3.7100000000099649        5.3807905688673410     
   3.7200000000099647        5.3801267351404105     
   3.7300000000099645        5.3793820527169069     
   3.7400000000099642        5.3785597403445751     
   3.7500000000099640        5.3776631024957515     
   3.7600000000099638        5.3766955281242090     
   3.7700000000099636        5.3756604891965925     
   3.7800000000099634        5.3745615388709469     
   3.7900000000099632        5.3734023091961935     
   3.8000000000099630        5.3721865082106550     
   3.8100000000099628        5.3709179163247445     
   3.8200000000099625        5.3696003818828988     
   3.8300000000099623        5.3682378158124457     
   3.8400000000099621        5.3668341852822179     
   3.8500000000099619        5.3653935063111629     
   3.8600000000099617        5.3639198352866924     
   3.8700000000099615        5.3624172593736308     
   3.8800000000099613        5.3608898858170289     
   3.8900000000099610        5.3593418301655023     
   3.9000000000099608        5.3577772034654654     
   3.9100000000099606        5.3562000985004783     
   3.9200000000099604        5.3546145751731418     
   3.9300000000099602        5.3530246451493699     
   3.9400000000099600        5.3514342559058310     
   3.9500000000099598        5.3498472743403340     
   3.9600000000099596        5.3482674701218373     
   3.9700000000099593        5.3466984989708610     
   3.9800000000099591        5.3451438860722336     
   3.9900000000099589        5.3436070098299728     
   4.0000000000099591        5.3420910861784785     
   4.0100000000099589        5.3405991536648543     
   4.0200000000099587        5.3391340595140822     
   4.0300000000099585        5.3376984468818440     
   4.0400000000099583        5.3362947434891144     
   4.0500000000099581        5.3349251518182648     
   4.0600000000099579        5.3335916410326387     
   4.0700000000099577        5.3322959407604964     
   4.0800000000099574        5.3310395368602892     
   4.0900000000099572        5.3298236692577525     
   4.1000000000099570        5.3286493319167620     
   4.1100000000099568        5.3275172749756736     
   4.1200000000099566        5.3264280090495779     
   4.1300000000099564        5.3253818116670288     
   4.1400000000099562        5.3243787357778540     
   4.1500000000099559        5.3234186202373559     
   4.1600000000099557        5.3225011021418682     
   4.1700000000099555        5.3216256308620888     
   4.1800000000099553        5.3207914835940899     
   4.1900000000099551        5.3199977822241653     
   4.2000000000099549        5.3192435112829504     
   4.2100000000099547        5.3185275367470677     
   4.2200000000099545        5.3178486254331983     
   4.2300000000099542        5.3172054647201987     
   4.2400000000099540        5.3165966823299318     
   4.2500000000099538        5.3160208658969363     
   4.2600000000099536        5.3154765820609633     
   4.2700000000099534        5.3149623948248035     
   4.2800000000099532        5.3144768829324045     
   4.2900000000099530        5.3140186560391358     
   4.3000000000099527        5.3135863694666634     
   4.3100000000099525        5.3131787373589896     
   4.3200000000099523        5.3127945440835713     
   4.3300000000099521        5.3124326537512321     
   4.3400000000099519        5.3120920177606852     
   4.3500000000099517        5.3117716803071442     
   4.3600000000099515        5.3114707818291240     
   4.3700000000099513        5.3111885604026101     
   4.3800000000099510        5.3109243511266806     
   4.3900000000099508        5.3106775835787303     
   4.4000000000099506        5.3104477774501024     
   4.4100000000099504        5.3102345365036872     
   4.4200000000099502        5.3100375410231866     
   4.4300000000099500        5.3098565389489796     
   4.4400000000099498        5.3096913359172166     
   4.4500000000099496        5.3095417844366768     
   4.4600000000099493        5.3094077724516229     
   4.4700000000099491        5.3092892115482728     
   4.4800000000099489        5.3091860250670875     
   4.4900000000099487        5.3090981363833283     
   4.5000000000099485        5.3090254576135028     
   4.5100000000099483        5.3089678789962029     
   4.5200000000099481        5.3089252591820397     
   4.5300000000099478        5.3088974166494154     
   4.5400000000099476        5.3088841224409595     
   4.5500000000099474        5.3088850943899555     
   4.5600000000099472        5.3088999929774046     
   4.5700000000099470        5.3089284189290442     
   4.5800000000099468        5.3089699126282124     
   4.5900000000099466        5.3090239553853156     
   4.6000000000099464        5.3090899725686755     
   4.6100000000099461        5.3091673385650884     
   4.6200000000099459        5.3092553835022205     
   4.6300000000099457        5.3093534016296449     
   4.6400000000099455        5.3094606612214097     
   4.6500000000099453        5.3095764158311427     
   4.6600000000099451        5.3096999167013577     
   4.6700000000099449        5.3098304261024216     
   4.6800000000099446        5.3099672313537907     
   4.6900000000099444        5.3101096592613697     
   4.7000000000099442        5.3102570906901843     
   4.7100000000099440        5.3104089749814642     
   4.7200000000099438        5.3105648439178399     
   4.7300000000099436        5.3107243249397396     
   4.7400000000099434        5.3108871533204054     
   4.7500000000099432        5.3110531830159662     
   4.7600000000099429        5.3112223959209572     
   4.7700000000099427        5.3113949092779986     
   4.7800000000099425        5.3115709810130767     
   4.7900000000099423        5.3117510127946073     
   4.8000000000099421        5.3119355506447956     
   4.8100000000099419        5.3121252829653560     
   4.8200000000099417        5.3123210358759909     
   4.8300000000099415        5.3125237658025997     
   4.8400000000099412        5.3127345492923643     
   4.8500000000099410        5.3129545700743659     
   4.8600000000099408        5.3131851034262549     
   4.8700000000099406        5.3134274979494984     
   4.8800000000099404        5.3136831548970553     
   4.8900000000099402        5.3139535052374871     
   4.9000000000099400        5.3142399846780233     
   4.9100000000099397        5.3145440069052077     
   4.9200000000099395        5.3148669353352824     
   4.9300000000099393        5.3152100536966005     
   4.9400000000099391        5.3155745357930630     
   4.9500000000099389        5.3159614148200385     
   4.9600000000099387        5.3163715526225861     
   4.9700000000099385        5.3168056092994451     
   4.9800000000099383        5.3172640135651221     
   4.9900000000099380        5.3177469342863990     
