   9.9999999999999994E-012   1.1382550863078951     
   1.0000000010000001E-002   1.1379944475684909     
   2.0000000010000001E-002   1.1371350786960244     
   3.0000000010000000E-002   1.1356867638164505     
   4.0000000010000002E-002   1.1336659764506807     
   5.0000000010000004E-002   1.1310955629569301     
   6.0000000010000006E-002   1.1280043609244581     
   7.0000000010000007E-002   1.1244267295504173     
   8.0000000010000002E-002   1.1204020067036797     
   9.0000000009999997E-002   1.1159739085401079     
  0.10000000000999999        1.1111898878487463     
  0.11000000000999999        1.1061004668936927     
  0.12000000000999998        1.1007585595268621     
  0.13000000000999998        1.0952187959495281     
  0.14000000000999999        1.0895368618537422     
  0.15000000001000000        1.0837688619150390     
  0.16000000001000000        1.0779707158420306     
  0.17000000001000001        1.0721975934963992     
  0.18000000001000002        1.0665033940292652     
  0.19000000001000003        1.0609402725668502     
  0.20000000001000004        1.0555582167327391     
  0.21000000001000005        1.0504046742162274     
  0.22000000001000006        1.0455242316787188     
  0.23000000001000007        1.0409583445205288     
  0.24000000001000008        1.0367451163939676     
  0.25000000001000006        1.0329191268297429     
  0.26000000001000007        1.0295113049274816     
  0.27000000001000007        1.0265488467335591     
  0.28000000001000008        1.0240551736778367     
  0.29000000001000009        1.0220499292543999     
  0.30000000001000010        1.0205490110003477     
  0.31000000001000011        1.0195646347430753     
  0.32000000001000012        1.0191054280433365     
  0.33000000001000013        1.0191765497529084     
  0.34000000001000014        1.0197798326269056     
  0.35000000001000015        1.0209139459775423     
  0.36000000001000015        1.0225745754247435     
  0.37000000001000016        1.0247546168863928     
  0.38000000001000017        1.0274443820543315     
  0.39000000001000018        1.0306318127191045     
  0.40000000001000019        1.0343027014346304     
  0.41000000001000020        1.0384409161514476     
  0.42000000001000021        1.0430286265921176     
  0.43000000001000022        1.0480465302929980     
  0.44000000001000023        1.0534740763914043     
  0.45000000001000023        1.0592896853946496     
  0.46000000001000024        1.0654709633261650     
  0.47000000001000025        1.0719949088027172     
  0.48000000001000026        1.0788381117543824     
  0.49000000001000027        1.0859769426543917     
  0.50000000001000022        1.0933877312782680     
  0.51000000001000023        1.1010469341599713     
  0.52000000001000024        1.1089312900562835     
  0.53000000001000025        1.1170179628687806     
  0.54000000001000026        1.1252846716048404     
  0.55000000001000027        1.1337098070848111     
  0.56000000001000028        1.1422725352213154     
  0.57000000001000029        1.1509528868084145     
  0.58000000001000029        1.1597318338627955     
  0.59000000001000030        1.1685913526561611     
  0.60000000001000031        1.1775144736675327     
  0.61000000001000032        1.1864853187662225     
  0.62000000001000033        1.1954891260108809     
  0.63000000001000034        1.2045122625173710     
  0.64000000001000035        1.2135422259084379     
  0.65000000001000036        1.2225676349114181     
  0.66000000001000036        1.2315782097168004     
  0.67000000001000037        1.2405647427505504     
  0.68000000001000038        1.2495190605470219     
  0.69000000001000039        1.2584339774372608     
  0.70000000001000040        1.2673032417898866     
  0.71000000001000041        1.2761214755587376     
  0.72000000001000042        1.2848841079034528     
  0.73000000001000043        1.2935873036563721     
  0.74000000001000044        1.3022278874118292     
  0.75000000001000044        1.3108032640124323     
  0.76000000001000045        1.3193113362014337     
  0.77000000001000046        1.3277504202011019     
  0.78000000001000047        1.3361191599643147     
  0.79000000001000048        1.3444164408306436     
  0.80000000001000049        1.3526413032991456     
  0.81000000001000050        1.3607928576081905     
  0.82000000001000051        1.3688701997880268     
  0.83000000001000052        1.3768723298246601     
  0.84000000001000052        1.3847980725441116     
  0.85000000001000053        1.3926460017943940     
  0.86000000001000054        1.4004143684687744     
  0.87000000001000055        1.4081010328781478     
  0.88000000001000056        1.4157034019428731     
  0.89000000001000057        1.4232183716352593     
  0.90000000001000058        1.4306422750632433     
  0.91000000001000059        1.4379708365438035     
  0.92000000001000060        1.4451991319714250     
  0.93000000001000060        1.4523215557426794     
  0.94000000001000061        1.4593317944528239     
  0.95000000001000062        1.4662228075344548     
  0.96000000001000063        1.4729868149618444     
  0.97000000001000064        1.4796152920978551     
  0.98000000001000065        1.4860989717134288     
  0.99000000001000066        1.4924278531628601     
   1.0000000000100007        1.4985912186515340     
   1.0100000000100007        1.5045776564868301     
   1.0200000000100007        1.5103750911576601     
   1.0300000000100007        1.5159708200438922     
   1.0400000000100007        1.5213515565139817     
   1.0500000000100007        1.5265034791277023     
   1.0600000000100007        1.5314122866211779     
   1.0700000000100007        1.5360632583138278     
   1.0800000000100007        1.5404413195414415     
   1.0900000000100007        1.5445311116868092     
   1.1000000000100008        1.5483170663492372     
   1.1100000000100008        1.5517834831671977     
   1.1200000000100008        1.5549146107844720     
   1.1300000000100008        1.5576947304296229     
   1.1400000000100008        1.5601082415616818     
   1.1500000000100008        1.5621397490216704     
   1.1600000000100008        1.5637741511201502     
   1.1700000000100008        1.5649967280854706     
   1.1800000000100008        1.5657932302958544     
   1.1900000000100008        1.5661499657209457     
   1.2000000000100008        1.5660538860049236     
   1.2100000000100009        1.5654926706337979     
   1.2200000000100009        1.5644548086438410     
   1.2300000000100009        1.5629296773463641     
   1.2400000000100009        1.5609076175658809     
   1.2500000000100009        1.5583800049140957     
   1.2600000000100009        1.5553393166508189     
   1.2700000000100009        1.5517791937146606     
   1.2800000000100009        1.5476944975408908     
   1.2900000000100009        1.5430813613209236     
   1.3000000000100009        1.5379372353971335     
   1.3100000000100009        1.5322609265278713     
   1.3200000000100010        1.5260526308001854     
   1.3300000000100010        1.5193139600115939     
   1.3400000000100010        1.5120479613868707     
   1.3500000000100010        1.5042591305408330     
   1.3600000000100010        1.4959534176432137     
   1.3700000000100010        1.4871382267864204     
   1.3800000000100010        1.4778224086010496     
   1.3900000000100010        1.4680162462070052     
   1.4000000000100010        1.4577314346296599     
   1.4100000000100010        1.4469810538503931     
   1.4200000000100010        1.4357795356986773     
   1.4300000000100010        1.4241426248284692     
   1.4400000000100011        1.4120873340546682     
   1.4500000000100011        1.3996318943556885     
   1.4600000000100011        1.3867956998754636     
   1.4700000000100011        1.3735992482824477     
   1.4800000000100011        1.3600640768641166     
   1.4900000000100011        1.3462126947531563     
   1.5000000000100011        1.3320685116957940     
   1.5100000000100011        1.3176557637836410     
   1.5200000000100011        1.3029994365779363     
   1.5300000000100011        1.2881251860592600     
   1.5400000000100011        1.2730592578367390     
   1.5500000000100012        1.2578284050485400     
   1.5600000000100012        1.2424598053802105     
   1.5700000000100012        1.2269809776193370     
   1.5800000000100012        1.2114196981541872     
   1.5900000000100012        1.1958039178107274     
   1.6000000000100012        1.1801616794068412     
   1.6100000000100012        1.1645210363849403     
   1.6200000000100012        1.1489099728647281     
   1.6300000000100012        1.1333563254368226     
   1.6400000000100012        1.1178877069955946     
   1.6500000000100012        1.1025314328861053     
   1.6600000000100013        1.0873144496157332     
   1.6700000000100013        1.0722632663561551     
   1.6800000000100013        1.0574038894360942     
   1.6900000000100013        1.0427617599998089     
   1.7000000000100013        1.0283616949809729     
   1.7100000000100013        1.0142278315165292     
   1.7200000000100013        1.0003835749005252     
   1.7300000000100013       0.98685155015398429     
   1.7400000000100013       0.97365355726376790     
   1.7500000000100013       0.96081053012118323     
   1.7600000000100013       0.94834249917002622     
   1.7700000000100014       0.93626855775384299     
   1.7800000000100014       0.92460683213357364     
   1.7900000000100014       0.91337445512950066     
   1.8000000000100014       0.90258754332557878     
   1.8100000000100014       0.89226117775985025     
   1.8200000000100014       0.88240938801174340     
   1.8300000000100014       0.87304513958566843     
   1.8400000000100014       0.86418032448039317     
   1.8500000000100014       0.85582575482524847     
   1.8600000000100014       0.84799115945721226     
   1.8700000000100014       0.84068518330730790     
   1.8800000000100014       0.83391538946050436     
   1.8900000000100015       0.82768826375032190     
   1.9000000000100015       0.82200922174759616     
   1.9100000000100015       0.81688261800222972     
   1.9200000000100015       0.81231175739719763     
   1.9300000000100015       0.80829890847548302     
   1.9400000000100015       0.80484531860291431     
   1.9500000000100015       0.80195123083295117     
   1.9600000000100015       0.79961590234325075     
   1.9700000000100015       0.79783762431822958     
   1.9800000000100015       0.79661374315672995     
   1.9900000000100015       0.79594068288922393     
   2.0000000000100013       0.79581396869462950     
   2.0100000000100011       0.79622825141272058     
   2.0200000000100009       0.79717733295416593     
   2.0300000000100007       0.79865419251638670     
   2.0400000000100005       0.80065101351958001     
   2.0500000000100003       0.80315921118336675     
   2.0600000000100001       0.80616946067051010     
   2.0700000000099998       0.80967172572996426     
   2.0800000000099996       0.81365528777710328     
   2.0900000000099994       0.81810877535429682     
   2.1000000000099992       0.82302019392000791     
   2.1100000000099990       0.82837695591924354     
   2.1200000000099988       0.83416591109249560     
   2.1300000000099986       0.84037337698419257     
   2.1400000000099983       0.84698516961519488     
   2.1500000000099981       0.85398663428693311     
   2.1600000000099979       0.86136267648745624     
   2.1700000000099977       0.86909779287188660     
   2.1800000000099975       0.87717610229162479     
   2.1900000000099973       0.88558137684805227     
   2.2000000000099971       0.89429707294754035     
   2.2100000000099969       0.90330636233522976     
   2.2200000000099966       0.91259216308538293     
   2.2300000000099964       0.92213717052611466     
   2.2400000000099962       0.93192388807600768     
   2.2500000000099960       0.94193465796959119     
   2.2600000000099958       0.95215169184786086     
   2.2700000000099956       0.96255710118904436     
   2.2800000000099954       0.97313292755368030     
   2.2900000000099952       0.98386117261679207     
   2.3000000000099949       0.99472382795858272     
   2.3100000000099947        1.0057029045836303     
   2.3200000000099945        1.0167804621371261     
   2.3300000000099943        1.0279386377852280     
   2.3400000000099941        1.0391596747251914     
   2.3500000000099939        1.0504259502895981     
   2.3600000000099937        1.0617200036077348     
   2.3700000000099934        1.0730245627860424     
   2.3800000000099932        1.0843225715685736     
   2.3900000000099930        1.0955972154375566     
   2.4000000000099928        1.1068319471135264     
   2.4100000000099926        1.1180105114140402     
   2.4200000000099924        1.1291169694297598     
   2.4300000000099922        1.1401357219766852     
   2.4400000000099920        1.1510515322835322     
   2.4500000000099917        1.1618495478737203     
   2.4600000000099915        1.1725153216021305     
   2.4700000000099913        1.1830348318077364     
   2.4800000000099911        1.1933945015443699     
   2.4900000000099909        1.2035812168533158     
   2.5000000000099907        1.2135823440430289     
   2.5100000000099905        1.2233857459431436     
   2.5200000000099902        1.2329797971019612     
   2.5300000000099900        1.2423533978988781     
   2.5400000000099898        1.2514959875456024     
   2.5500000000099896        1.2603975559526159     
   2.5600000000099894        1.2690486544400386     
   2.5700000000099892        1.2774404052749373     
   2.5800000000099890        1.2855645100200523     
   2.5900000000099888        1.2934132566820029     
   2.6000000000099885        1.3009795256501488     
   2.6100000000099883        1.3082567944204653     
   2.6200000000099881        1.3152391411020350     
   2.6300000000099879        1.3219212467069643     
   2.6400000000099877        1.3282983962278083     
   2.6500000000099875        1.3343664785097800     
   2.6600000000099873        1.3401219849282238     
   2.6700000000099871        1.3455620068849645     
   2.6800000000099868        1.3506842321402113     
   2.6900000000099866        1.3554869399996914     
   2.7000000000099864        1.3599689953795813     
   2.7100000000099862        1.3641298417746011     
   2.7200000000099860        1.3679694931573059     
   2.7300000000099858        1.3714885248391657     
   2.7400000000099856        1.3746880633264342     
   2.7500000000099853        1.3775697752060814     
   2.7600000000099851        1.3801358550991876     
   2.7700000000099849        1.3823890127211680     
   2.7800000000099847        1.3843324590899939     
   2.7900000000099845        1.3859698919252468     
   2.8000000000099843        1.3873054802822999     
   2.8100000000099841        1.3883438484672599     
   2.8200000000099839        1.3890900592794388     
   2.8300000000099836        1.3895495966291265     
   2.8400000000099834        1.3897283475792421     
   2.8500000000099832        1.3896325838601178     
   2.8600000000099830        1.3892689429071587     
   2.8700000000099828        1.3886444084714833     
   2.8800000000099826        1.3877662908538166     
   2.8900000000099824        1.3866422068119966     
   2.9000000000099821        1.3852800591923116     
   2.9100000000099819        1.3836880163346899     
   2.9200000000099817        1.3818744913013818     
   2.9300000000099815        1.3798481209782838     
   2.9400000000099813        1.3776177450974412     
   2.9500000000099811        1.3751923852285539     
   2.9600000000099809        1.3725812237864490     
   2.9700000000099807        1.3697935831005774     
   2.9800000000099804        1.3668389045915350     
   2.9900000000099802        1.3637267280985044     
   3.0000000000099800        1.3604666714002924     
   3.0100000000099798        1.3570684099713670     
   3.0200000000099796        1.3535416570129342     
   3.0300000000099794        1.3498961437976702     
   3.0400000000099792        1.3461416003652535     
   3.0500000000099790        1.3422877366042802     
   3.0600000000099787        1.3383442237545791     
   3.0700000000099785        1.3343206763622908     
   3.0800000000099783        1.3302266347184055     
   3.0900000000099781        1.3260715478097411     
   3.1000000000099779        1.3218647568095956     
   3.1100000000099777        1.3176154791335404     
   3.1200000000099775        1.3133327930840284     
   3.1300000000099772        1.3090256231056645     
   3.1400000000099770        1.3047027256711803     
   3.1500000000099768        1.3003726758162930     
   3.1600000000099766        1.2960438543397983     
   3.1700000000099764        1.2917244356833950     
   3.1800000000099762        1.2874223765038875     
   3.1900000000099760        1.2831454049485718     
   3.2000000000099758        1.2789010106427863     
   3.2100000000099755        1.2746964353967656     
   3.2200000000099753        1.2705386646371581     
   3.2300000000099751        1.2664344195667616     
   3.2400000000099749        1.2623901500542842     
   3.2500000000099747        1.2584120282541971     
   3.2600000000099745        1.2545059429550574     
   3.2700000000099743        1.2506774946530055     
   3.2800000000099740        1.2469319913455126     
   3.2900000000099738        1.2432744450388973     
   3.3000000000099736        1.2397095689615587     
   3.3100000000099734        1.2362417754734270     
   3.3200000000099732        1.2328751746606719     
   3.3300000000099730        1.2296135736033569     
   3.3400000000099728        1.2264604763024016     
   3.3500000000099726        1.2234190842509642     
   3.3600000000099723        1.2204922976341770     
   3.3700000000099721        1.2176827171400386     
   3.3800000000099719        1.2149926463632199     
   3.3900000000099717        1.2124240947825640     
   3.4000000000099715        1.2099787812921421     
   3.4100000000099713        1.2076581382649056     
   3.4200000000099711        1.2054633161271935     
   3.4300000000099709        1.2033951884216847     
   3.4400000000099706        1.2014543573357490     
   3.4500000000099704        1.1996411596716252     
   3.4600000000099702        1.1979556732343677     
   3.4700000000099700        1.1963977236131171     
   3.4800000000099698        1.1949668913309048     
   3.4900000000099696        1.1936625193379589     
   3.5000000000099694        1.1924837208232621     
   3.5100000000099691        1.1914293873190001     
   3.5200000000099689        1.1904981970724642     
   3.5300000000099687        1.1896886236599558     
   3.5400000000099685        1.1889989448173144     
   3.5500000000099683        1.1884272514617737     
   3.5600000000099681        1.1879714568800293     
   3.5700000000099679        1.1876293060576062     
   3.5800000000099677        1.1873983851248802     
   3.5900000000099674        1.1872761308954189     
   3.6000000000099672        1.1872598404726578     
   3.6100000000099670        1.1873466809013349     
   3.6200000000099668        1.1875336988405421     
   3.6300000000099666        1.1878178302357314     
   3.6400000000099664        1.1881959099675417     
   3.6500000000099662        1.1886646814558601     
   3.6600000000099659        1.1892208061981280     
   3.6700000000099657        1.1898608732215281     
   3.6800000000099655        1.1905814084293547     
   3.6900000000099653        1.1913788838225472     
   3.7000000000099651        1.1922497265781173     
   3.7100000000099649        1.1931903279669207     
   3.7200000000099647        1.1941970520940428     
   3.7300000000099645        1.1952662444458491     
   3.7400000000099642        1.1963942402286143     
   3.7500000000099640        1.1975773724844883     
   3.7600000000099638        1.1988119799714565     
   3.7700000000099636        1.2000944147948602     
   3.7800000000099634        1.2014210497789670     
   3.7900000000099632        1.2027882855680403     
   3.8000000000099630        1.2041925574473045     
   3.8100000000099628        1.2056303418752046     
   3.8200000000099625        1.2070981627193240     
   3.8300000000099623        1.2085925971893297     
   3.8400000000099621        1.2101102814613194     
   3.8500000000099619        1.2116479159889377     
   3.8600000000099617        1.2132022704976331     
   3.8700000000099615        1.2147701886594084     
   3.8800000000099613        1.2163485924464186     
   3.8900000000099610        1.2179344861627102     
   3.9000000000099608        1.2195249601543670     
   3.9100000000099606        1.2211171941992363     
   3.9200000000099604        1.2227084605783114     
   3.9300000000099602        1.2242961268317214     
   3.9400000000099600        1.2258776582030899     
   3.9500000000099598        1.2274506197768447     
   3.9600000000099596        1.2290126783137834     
   3.9700000000099593        1.2305616037909293     
   3.9800000000099591        1.2320952706523534     
   3.9900000000099589        1.2336116587782542     
   4.0000000000099591        1.2351088541801365     
   4.0100000000099589        1.2365850494304396     
   4.0200000000099587        1.2380385438353980     
   4.0300000000099585        1.2394677433603221     
   4.0400000000099583        1.2408711603168081     
   4.0500000000099581        1.2422474128216727     
   4.0600000000099579        1.2435952240376311     
   4.0700000000099577        1.2449134212059021     
   4.0800000000099574        1.2462009344810538     
   4.0900000000099572        1.2474567955784610     
   4.1000000000099570        1.2486801362447817     
   4.1100000000099568        1.2498701865618327     
   4.1200000000099566        1.2510262730941855     
   4.1300000000099564        1.2521478168907170     
   4.1400000000099562        1.2532343313502070     
   4.1500000000099559        1.2542854199609286     
   4.1600000000099557        1.2553007739240001     
   4.1700000000099555        1.2562801696700510     
   4.1800000000099553        1.2572234662785546     
   4.1900000000099551        1.2581306028089432     
   4.2000000000099549        1.2590015955523781     
   4.2100000000099547        1.2598365352128258     
   4.2200000000099545        1.2606355840258217     
   4.2300000000099542        1.2613989728230819     
   4.2400000000099540        1.2621269980508800     
   4.2500000000099538        1.2628200187498702     
   4.2600000000099536        1.2634784535038301     
   4.2700000000099534        1.2641027773645643     
   4.2800000000099532        1.2646935187600299     
   4.2900000000099530        1.2652512563925418     
   4.3000000000099527        1.2657766161337389     
   4.3100000000099525        1.2662702679228293     
   4.3200000000099523        1.2667329226744681     
   4.3300000000099521        1.2671653292024792     
   4.3400000000099519        1.2675682711654812     
   4.3500000000099517        1.2679425640403512     
   4.3600000000099515        1.2682890521293195     
   4.3700000000099513        1.2686086056063557     
   4.3800000000099510        1.2689021176083732     
   4.3900000000099508        1.2691705013766426     
   4.4000000000099506        1.2694146874536467     
   4.4100000000099504        1.2696356209404782     
   4.4200000000099502        1.2698342588196776     
   4.4300000000099500        1.2700115673482633     
   4.4400000000099498        1.2701685195254790     
   4.4500000000099496        1.2703060926395850     
   4.4600000000099493        1.2704252658977697     
   4.4700000000099491        1.2705270181430106     
   4.4800000000099489        1.2706123256614295     
   4.4900000000099487        1.2706821600833795     
   4.5000000000099485        1.2707374863811942     
   4.5100000000099483        1.2707792609661641     
   4.5200000000099481        1.2708084298869582     
   4.5300000000099478        1.2708259271313136     
   4.5400000000099476        1.2708326730324209     
   4.5500000000099474        1.2708295727810128     
   4.5600000000099472        1.2708175150437475     
   4.5700000000099470        1.2707973706880229     
   4.5800000000099468        1.2707699916129422     
   4.5900000000099466        1.2707362096856851     
   4.6000000000099464        1.2706968357821151     
   4.6100000000099461        1.2706526589300131     
   4.6200000000099459        1.2706044455529013     
   4.6300000000099457        1.2705529388120234     
   4.6400000000099455        1.2704988580436376     
   4.6500000000099453        1.2704428982884399     
   4.6600000000099451        1.2703857299095609     
   4.6700000000099449        1.2703279982952982     
   4.6800000000099446        1.2702703236424522     
   4.6900000000099444        1.2702133008158953     
   4.7000000000099442        1.2701574992798061     
   4.7100000000099440        1.2701034630958379     
   4.7200000000099438        1.2700517109833729     
   4.7300000000099436        1.2700027364369366     
   4.7400000000099434        1.2699570078958264     
   4.7500000000099432        1.2699149689610161     
   4.7600000000099429        1.2698770386544600     
   4.7700000000099427        1.2698436117160301     
   4.7800000000099425        1.2698150589334589     
   4.7900000000099423        1.2697917275008479     
   4.8000000000099421        1.2697739414015312     
   4.8100000000099419        1.2697620018113325     
   4.8200000000099417        1.2697561875185526     
   4.8300000000099415        1.2697567553573326     
   4.8400000000099412        1.2697639406513868     
   4.8500000000099410        1.2697779576654515     
   4.8600000000099408        1.2697990000621764     
   4.8700000000099406        1.2698272413625560     
   4.8800000000099404        1.2698628354084085     
   4.8900000000099402        1.2699059168257683     
   4.9000000000099400        1.2699566014884693     
   4.9100000000099397        1.2700149869815465     
   4.9200000000099395        1.2700811530644529     
   4.9300000000099393        1.2701551621344271     
   4.9400000000099391        1.2702370596906518     
   4.9500000000099389        1.2703268748001455     
   4.9600000000099387        1.2704246205665708     
   4.9700000000099385        1.2705302946033765     
   4.9800000000099383        1.2706438795128698     
   4.9900000000099380        1.2707653433729518     
