   9.9999999999999994E-012   1.1382550863078951     
   1.0000000010000001E-002   1.1380750313892547     
   2.0000000010000001E-002   1.1375354704188205     
   3.0000000010000000E-002   1.1366382296833675     
   4.0000000010000002E-002   1.1353864028821223     
   5.0000000010000004E-002   1.1337844207873846     
   6.0000000010000006E-002   1.1318381391224901     
   7.0000000010000007E-002   1.1295549364961732     
   8.0000000010000002E-002   1.1269438136938319     
   9.0000000009999997E-002   1.1240154859562144     
  0.10000000000999999        1.1207824608996266     
  0.11000000000999999        1.1172590962106261     
  0.12000000000999998        1.1134616329358460     
  0.13000000000999998        1.1094082018719296     
  0.14000000000999999        1.1051188020869649     
  0.15000000001000000        1.1006152518818086     
  0.16000000001000000        1.0959211134915710     
  0.17000000001000001        1.0910615935401748     
  0.18000000001000002        1.0860634217263343     
  0.19000000001000003        1.0809547104821271     
  0.20000000001000004        1.0757647984528060     
  0.21000000001000005        1.0705240806420089     
  0.22000000001000006        1.0652638279865518     
  0.23000000001000007        1.0600159989979998     
  0.24000000001000008        1.0548130459549721     
  0.25000000001000006        1.0496877179650164     
  0.26000000001000007        1.0446728630469770     
  0.27000000001000007        1.0398012312194211     
  0.28000000001000008        1.0351052804204410     
  0.29000000001000009        1.0306169869299757     
  0.30000000001000010        1.0263676618173878     
  0.31000000001000011        1.0223877747937951     
  0.32000000001000012        1.0187067867095509     
  0.33000000001000013        1.0153529918014590     
  0.34000000001000014        1.0123533706610153     
  0.35000000001000015        1.0097334547636454     
  0.36000000001000015        1.0075172032692516     
  0.37000000001000016        1.0057268926763361     
  0.38000000001000017        1.0043830197856498     
  0.39000000001000018        1.0035042183050598     
  0.40000000001000019        1.0031071893055752     
  0.41000000001000020        1.0032066456198252     
  0.42000000001000021        1.0038152701593264     
  0.43000000001000022        1.0049436880163660     
  0.44000000001000023        1.0066004521108731     
  0.45000000001000023        1.0087920420430136     
  0.46000000001000024        1.0115228757189905     
  0.47000000001000025        1.0147953332313169     
  0.48000000001000026        1.0186097923961348     
  0.49000000001000027        1.0229646752794448     
  0.50000000001000022        1.0278565049817179     
  0.51000000001000023        1.0332799718965999     
  0.52000000001000024        1.0392280086143908     
  0.53000000001000025        1.0456918726048106     
  0.54000000001000026        1.0526612357862155     
  0.55000000001000027        1.0601242800697717     
  0.56000000001000028        1.0680677979569599     
  0.57000000001000029        1.0764772972668764     
  0.58000000001000029        1.0853371090757649     
  0.59000000001000030        1.0946304979646599     
  0.60000000001000031        1.1043397736914378     
  0.61000000001000032        1.1144464034304931     
  0.62000000001000033        1.1249311237560735     
  0.63000000001000034        1.1357740515834511     
  0.64000000001000035        1.1469547933250019     
  0.65000000001000036        1.1584525515652326     
  0.66000000001000036        1.1702462286092594     
  0.67000000001000037        1.1823145263125698     
  0.68000000001000038        1.1946360416554733     
  0.69000000001000039        1.2071893575828767     
  0.70000000001000040        1.2199531286883574     
  0.71000000001000041        1.2329061613803567     
  0.72000000001000042        1.2460274882272260     
  0.73000000001000043        1.2592964362362991     
  0.74000000001000044        1.2726926888797063     
  0.75000000001000044        1.2861963417359099     
  0.76000000001000045        1.2997879516704860     
  0.77000000001000046        1.3134485795322726     
  0.78000000001000047        1.3271598263912721     
  0.79000000001000048        1.3409038633924242     
  0.80000000001000049        1.3546634553443497     
  0.81000000001000050        1.3684219782041853     
  0.82000000001000051        1.3821634306585884     
  0.83000000001000052        1.3958724400367317     
  0.84000000001000052        1.4095342628235925     
  0.85000000001000053        1.4231347800709604     
  0.86000000001000054        1.4366604880293894     
  0.87000000001000055        1.4500984843467064     
  0.88000000001000056        1.4634364501977750     
  0.89000000001000057        1.4766626287259448     
  0.90000000001000058        1.4897658001891319     
  0.91000000001000059        1.5027352542127637     
  0.92000000001000060        1.5155607595580431     
  0.93000000001000060        1.5282325318171579     
  0.94000000001000061        1.5407411994473756     
  0.95000000001000062        1.5530777685534396     
  0.96000000001000063        1.5652335868225311     
  0.97000000001000064        1.5772003070083516     
  0.98000000001000065        1.5889698503507765     
  0.99000000001000066        1.6005343703051609     
   1.0000000000100007        1.6118862169409045     
   1.0100000000100007        1.6230179023524305     
   1.0200000000100007        1.6339220674074688     
   1.0300000000100007        1.6445914501376393     
   1.0400000000100007        1.6550188560548815     
   1.0500000000100007        1.6651971306545719     
   1.0600000000100007        1.6751191343422065     
   1.0700000000100007        1.6847777199956340     
   1.0800000000100007        1.6941657133490335     
   1.0900000000100007        1.7032758963584047     
   1.1000000000100008        1.7121009936814047     
   1.1100000000100008        1.7206336623770742     
   1.1200000000100008        1.7288664849035897     
   1.1300000000100008        1.7367919654647284     
   1.1400000000100008        1.7444025297284931     
   1.1500000000100008        1.7516905279144273     
   1.1600000000100008        1.7586482412197337     
   1.1700000000100008        1.7652678915285769     
   1.1800000000100008        1.7715416543239939     
   1.1900000000100008        1.7774616746978900     
   1.2000000000100008        1.7830200863317305     
   1.2100000000100009        1.7882090332989304     
   1.2200000000100009        1.7930206945196905     
   1.2300000000100009        1.7974473106803159     
   1.2400000000100009        1.8014812134118550     
   1.2500000000100009        1.8051148565075021     
   1.2600000000100009        1.8083408489444974     
   1.2700000000100009        1.8111519894644779     
   1.2800000000100009        1.8135413024563314     
   1.2900000000100009        1.8155020748776742     
   1.3000000000100009        1.8170278939451401     
   1.3100000000100009        1.8181126853197593     
   1.3200000000100010        1.8187507515117545     
   1.3300000000100010        1.8189368102292183     
   1.3400000000100010        1.8186660323971497     
   1.3500000000100010        1.8179340795773378     
   1.3600000000100010        1.8167371405254076     
   1.3700000000100010        1.8150719666290183     
   1.3800000000100010        1.8129359059805306     
   1.3900000000100010        1.8103269358484586     
   1.4000000000100010        1.8072436933244671     
   1.4100000000100010        1.8036855039365531     
   1.4200000000100010        1.7996524080341494     
   1.4300000000100010        1.7951451847671005     
   1.4400000000100011        1.7901653734976795     
   1.4500000000100011        1.7847152925027931     
   1.4600000000100011        1.7787980548422375     
   1.4700000000100011        1.7724175812880294     
   1.4800000000100011        1.7655786102293773     
   1.4900000000100011        1.7582867044876191     
   1.5000000000100011        1.7505482549951885     
   1.5100000000100011        1.7423704813123706     
   1.5200000000100011        1.7337614289749941     
   1.5300000000100011        1.7247299636852074     
   1.5400000000100011        1.7152857623759907     
   1.5500000000100012        1.7054393011978390     
   1.5600000000100012        1.6952018404931128     
   1.5700000000100012        1.6845854068397277     
   1.5800000000100012        1.6736027722610245     
   1.5900000000100012        1.6622674307128329     
   1.6000000000100012        1.6505935719717126     
   1.6100000000100012        1.6385960530602213     
   1.6200000000100012        1.6262903673556199     
   1.6300000000100012        1.6136926115377634     
   1.6400000000100012        1.6008194505399611     
   1.6500000000100012        1.5876880806733094     
   1.6600000000100013        1.5743161911004491     
   1.6700000000100013        1.5607219238388368     
   1.6800000000100013        1.5469238324764976     
   1.6900000000100013        1.5329408397848767     
   1.7000000000100013        1.5187921944138667     
   1.7100000000100013        1.5044974268533913     
   1.7200000000100013        1.4900763048441568     
   1.7300000000100013        1.4755487884173955     
   1.7400000000100013        1.4609349847396598     
   1.7500000000100013        1.4462551029341164     
   1.7600000000100013        1.4315294090443362     
   1.7700000000100014        1.4167781813004425     
   1.7800000000100014        1.4020216658406561     
   1.7900000000100014        1.3872800330339419     
   1.8000000000100014        1.3725733345416071     
   1.8100000000100014        1.3579214612474773     
   1.8200000000100014        1.3433441021777286     
   1.8300000000100014        1.3288607045226684     
   1.8400000000100014        1.3144904348638098     
   1.8500000000100014        1.3002521417005499     
   1.8600000000100014        1.2861643193617049     
   1.8700000000100014        1.2722450733781341     
   1.8800000000100014        1.2585120873837816     
   1.8900000000100015        1.2449825916036990     
   1.9000000000100015        1.2316733329790739     
   1.9100000000100015        1.2186005469709797     
   1.9200000000100015        1.2057799310765700     
   1.9300000000100015        1.1932266200837436     
   1.9400000000100015        1.1809551630829989     
   1.9500000000100015        1.1689795022482241     
   1.9600000000100015        1.1573129533916364     
   1.9700000000100015        1.1459681882919235     
   1.9800000000100015        1.1349572187889296     
   1.9900000000100015        1.1242913826329164     
   2.0000000000100013        1.1139813310715607     
   2.0100000000100011        1.1040370181533918     
   2.0200000000100009        1.0944676917223302     
   2.0300000000100007        1.0852818860743594     
   2.0400000000100005        1.0764874162441127     
   2.0500000000100003        1.0680913738862869     
   2.0600000000100001        1.0601001247142987     
   2.0700000000099998        1.0525193074564148     
   2.0800000000099996        1.0453538342877522     
   2.0900000000099994        1.0386078926949833     
   2.1000000000099992        1.0322849487293080     
   2.1100000000099990        1.0263877516022275     
   2.1200000000099988        1.0209183395778587     
   2.1300000000099986        1.0158780471149369     
   2.1400000000099983        1.0112675132112368     
   2.1500000000099981        1.0070866909029044     
   2.1600000000099979        1.0033348578710646     
   2.1700000000099977        1.0000106281080872     
   2.1800000000099975       0.99711196459598361     
   2.1900000000099973       0.99463619294960337     
   2.2000000000099971       0.99258001597752643     
   2.2100000000099969       0.99093952911385230     
   2.2200000000099966       0.98971023667440916     
   2.2300000000099964       0.98888706889124278     
   2.2400000000099962       0.98846439967961675     
   2.2500000000099960       0.98843606509209692     
   2.2600000000099958       0.98879538241466081     
   2.2700000000099956       0.98953516986009904     
   2.2800000000099954       0.99064776681431110     
   2.2900000000099952       0.99212505459139844     
   2.3000000000099949       0.99395847765374690     
   2.3100000000099947       0.99613906525355467     
   2.3200000000099945       0.99865745345251666     
   2.3300000000099943        1.0015039074766006     
   2.3400000000099941        1.0046683443630753     
   2.3500000000099939        1.0081403558571642     
   2.3600000000099937        1.0119092315158951     
   2.3700000000099934        1.0159639819769426     
   2.3800000000099932        1.0202933623504618     
   2.3900000000099930        1.0248858956921483     
   2.4000000000099928        1.0297298965160213     
   2.4100000000099926        1.0348134943056890     
   2.4200000000099924        1.0401246569831832     
   2.4300000000099922        1.0456512142947996     
   2.4400000000099920        1.0513808810737790     
   2.4500000000099917        1.0573012803401194     
   2.4600000000099915        1.0633999661983231     
   2.4700000000099913        1.0696644464944520     
   2.4800000000099911        1.0760822051945083     
   2.4900000000099909        1.0826407244468723     
   2.5000000000099907        1.0893275062923089     
   2.5100000000099905        1.0961300939859251     
   2.5200000000099902        1.1030360928963954     
   2.5300000000099900        1.1100331909487933     
   2.5400000000099898        1.1171091785784710     
   2.5500000000099896        1.1242519681645962     
   2.5600000000099894        1.1314496129132183     
   2.5700000000099892        1.1386903251610618     
   2.5800000000099890        1.1459624940726523     
   2.5900000000099888        1.1532547027048341     
   2.6000000000099885        1.1605557444143062     
   2.6100000000099883        1.1678546385853652     
   2.6200000000099881        1.1751406456567253     
   2.6300000000099879        1.1824032814279746     
   2.6400000000099877        1.1896323306279792     
   2.6500000000099875        1.1968178597293408     
   2.6600000000099873        1.2039502289948198     
   2.6700000000099871        1.2110201037435069     
   2.6800000000099868        1.2180184648263672     
   2.6900000000099866        1.2249366183026797     
   2.7000000000099864        1.2317662043107782     
   2.7100000000099862        1.2384992051283790     
   2.7200000000099860        1.2451279524196772     
   2.7300000000099858        1.2516451336682417     
   2.7400000000099856        1.2580437977966057     
   2.7500000000099853        1.2643173599752600     
   2.7600000000099851        1.2704596056255613     
   2.7700000000099849        1.2764646936228048     
   2.7800000000099847        1.2823271587074525     
   2.7900000000099845        1.2880419131141470     
   2.8000000000099843        1.2936042474297791     
   2.8100000000099841        1.2990098306934263     
   2.8200000000099839        1.3042547097524873     
   2.8300000000099836        1.3093353078907699     
   2.8400000000099834        1.3142484227456699     
   2.8500000000099832        1.3189912235328725     
   2.8600000000099830        1.3235612475982501     
   2.8700000000099828        1.3279563963177745     
   2.8800000000099826        1.3321749303673585     
   2.8900000000099824        1.3362154643855377     
   2.9000000000099821        1.3400769610528365     
   2.9100000000099819        1.3437587246124987     
   2.9200000000099817        1.3472603938580607     
   2.9300000000099815        1.3505819346138956     
   2.9400000000099813        1.3537236317355017     
   2.9500000000099811        1.3566860806568237     
   2.9600000000099809        1.3594701785123491     
   2.9700000000099807        1.3620771148620994     
   2.9800000000099804        1.3645083620479421     
   2.9900000000099802        1.3667656652098548     
   3.0000000000099800        1.3688510319909448     
   3.0100000000099798        1.3707667219600901     
   3.0200000000099796        1.3725152357810813     
   3.0300000000099794        1.3740993041570766     
   3.0400000000099792        1.3755218765790711     
   3.0500000000099790        1.3767861099068610     
   3.0600000000099787        1.3778953568107590     
   3.0700000000099785        1.3788531541019826     
   3.0800000000099783        1.3796632109792692     
   3.0900000000099781        1.3803293972188513     
   3.1000000000099779        1.3808557313344383     
   3.1100000000099777        1.3812463687333123     
   3.1200000000099775        1.3815055898940907     
   3.1300000000099772        1.3816377885910520     
   3.1400000000099770        1.3816474601892761     
   3.1500000000099768        1.3815391900341303     
   3.1600000000099766        1.3813176419578865     
   3.1700000000099764        1.3809875469254722     
   3.1800000000099762        1.3805536918405381     
   3.1900000000099760        1.3800209085321760     
   3.2000000000099758        1.3793940629417458     
   3.2100000000099755        1.3786780445283648     
   3.2200000000099753        1.3778777559106794     
   3.2300000000099751        1.3769981027615990     
   3.2400000000099749        1.3760439839716891     
   3.2500000000099747        1.3750202820959536     
   3.2600000000099745        1.3739318540977148     
   3.2700000000099743        1.3727835224023015     
   3.2800000000099740        1.3715800662722351     
   3.2900000000099738        1.3703262135145677     
   3.3000000000099736        1.3690266325299985     
   3.3100000000099734        1.3676859247123669     
   3.3200000000099732        1.3663086172060790     
   3.3300000000099730        1.3648991560280070     
   3.3400000000099728        1.3634618995593699     
   3.3500000000099726        1.3620011124121032     
   3.3600000000099723        1.3605209596732109     
   3.3700000000099721        1.3590255015296251     
   3.3800000000099719        1.3575186882751162     
   3.3900000000099717        1.3560043556998536     
   3.4000000000099715        1.3544862208622943     
   3.4100000000099713        1.3529678782421672     
   3.4200000000099711        1.3514527962724532     
   3.4300000000099709        1.3499443142474103     
   3.4400000000099706        1.3484456396028812     
   3.4500000000099704        1.3469598455643361     
   3.4600000000099702        1.3454898691573560     
   3.4700000000099700        1.3440385095745491     
   3.4800000000099698        1.3426084268922169     
   3.4900000000099696        1.3412021411294568     
   3.5000000000099694        1.3398220316417686     
   3.5100000000099691        1.3384703368407036     
   3.5200000000099689        1.3371491542305460     
   3.5300000000099687        1.3358604407525545     
   3.5400000000099685        1.3346060134268494     
   3.5500000000099683        1.3333875502816190     
   3.5600000000099681        1.3322065915589740     
   3.5700000000099679        1.3310645411864395     
   3.5800000000099677        1.3299626685027974     
   3.5900000000099674        1.3289021102267371     
   3.6000000000099672        1.3278838726565578     
   3.6100000000099670        1.3269088340889872     
   3.6200000000099668        1.3259777474450278     
   3.6300000000099666        1.3250912430906252     
   3.6400000000099664        1.3242498318398706     
   3.6500000000099662        1.3234539081283798     
   3.6600000000099659        1.3227037533444657     
   3.6700000000099657        1.3219995393057113     
   3.6800000000099655        1.3213413318685647     
   3.6900000000099653        1.3207290946586241     
   3.7000000000099651        1.3201626929093322     
   3.7100000000099649        1.3196418973968931     
   3.7200000000099647        1.3191663884593214     
   3.7300000000099645        1.3187357600876579     
   3.7400000000099642        1.3183495240775260     
   3.7500000000099640        1.3180071142293666     
   3.7600000000099638        1.3177078905858626     
   3.7700000000099636        1.3174511436952661     
   3.7800000000099634        1.3172360988895488     
   3.7900000000099632        1.3170619205665333     
   3.8000000000099630        1.3169277164654114     
   3.8100000000099628        1.3168325419253206     
   3.8200000000099625        1.3167754041169411     
   3.8300000000099623        1.3167552662373776     
   3.8400000000099621        1.3167710516589093     
   3.8500000000099619        1.3168216480225423     
   3.8600000000099617        1.3169059112676500     
   3.8700000000099615        1.3170226695893670     
   3.8800000000099613        1.3171707273158031     
   3.8900000000099610        1.3173488686975534     
   3.9000000000099608        1.3175558616024134     
   3.9100000000099606        1.3177904611086513     
   3.9200000000099604        1.3180514129906657     
   3.9300000000099602        1.3183374570913140     
   3.9400000000099600        1.3186473305757047     
   3.9500000000099598        1.3189797710617381     
   3.9600000000099596        1.3193335196231897     
   3.9700000000099593        1.3197073236616572     
   3.9800000000099591        1.3200999396442057     
   3.9900000000099589        1.3205101357040738     
   4.0000000000099591        1.3209366941023344     
   4.0100000000099589        1.3213784135489202     
   4.0200000000099587        1.3218341113819529     
   4.0300000000099585        1.3223026256048160     
   4.0400000000099583        1.3227828167809166     
   4.0500000000099581        1.3232735697865763     
   4.0600000000099579        1.3237737954229474     
   4.0700000000099577        1.3242824318883231     
   4.0800000000099574        1.3247984461126261     
   4.0900000000099572        1.3253208349562784     
   4.1000000000099570        1.3258486262760409     
   4.1100000000099568        1.3263808798607559     
   4.1200000000099566        1.3269166882402739     
   4.1300000000099564        1.3274551773711172     
   4.1400000000099562        1.3279955072027256     
   4.1500000000099559        1.3285368721283413     
   4.1600000000099557        1.3290785013248112     
   4.1700000000099555        1.3296196589857368     
   4.1800000000099553        1.3301596444525514     
   4.1900000000099551        1.3306977922482031     
   4.2000000000099549        1.3312334720182017     
   4.2100000000099547        1.3317660883838283     
   4.2200000000099545        1.3322950807123255     
   4.2300000000099542        1.3328199228088795     
   4.2400000000099540        1.3333401225351706     
   4.2500000000099538        1.3338552213592072     
   4.2600000000099536        1.3343647938411043     
   4.2700000000099534        1.3348684470593430     
   4.2800000000099532        1.3353658199819740     
   4.2900000000099530        1.3358565827870865     
   4.3000000000099527        1.3363404361367517     
   4.3100000000099525        1.3368171104084952     
   4.3200000000099523        1.3372863648882432     
   4.3300000000099521        1.3377479869285129     
   4.3400000000099519        1.3382017910755004     
   4.3500000000099517        1.3386476181685707     
   4.3600000000099515        1.3390853344155178     
   4.3700000000099513        1.3395148304468372     
   4.3800000000099510        1.3399360203521247     
   4.3900000000099508        1.3403488407016082     
   4.4000000000099506        1.3407532495556966     
   4.4100000000099504        1.3411492254653501     
   4.4200000000099502        1.3415367664659719     
   4.4300000000099500        1.3419158890674407     
   4.4400000000099498        1.3422866272428440     
   4.4500000000099496        1.3426490314183834     
   4.4600000000099493        1.3430031674668881     
   4.4700000000099491        1.3433491157072992     
   4.4800000000099489        1.3436869699124461     
   4.4900000000099487        1.3440168363273926     
   4.5000000000099485        1.3443388327005683     
   4.5100000000099483        1.3446530873298741     
   4.5200000000099481        1.3449597381258778     
   4.5300000000099478        1.3452589316941845     
   4.5400000000099476        1.3455508224389803     
   4.5500000000099474        1.3458355716897055     
   4.5600000000099472        1.3461133468527167     
   4.5700000000099470        1.3463843205897221     
   4.5800000000099468        1.3466486700246711     
   4.5900000000099466        1.3469065759806642     
   4.6000000000099464        1.3471582222483389     
   4.6100000000099461        1.3474037948870383     
   4.6200000000099459        1.3476434815599223     
   4.6300000000099457        1.3478774709040218     
   4.6400000000099455        1.3481059519360616     
   4.6500000000099453        1.3483291134946818     
   4.6600000000099451        1.3485471437195007     
   4.6700000000099449        1.3487602295672514     
   4.6800000000099446        1.3489685563650065     
   4.6900000000099444        1.3491723074002893     
   4.7000000000099442        1.3493716635476456     
   4.7100000000099440        1.3495668029310282     
   4.7200000000099438        1.3497579006211131     
   4.7300000000099436        1.3499451283664619     
   4.7400000000099434        1.3501286543572175     
   4.7500000000099432        1.3503086430198283     
   4.7600000000099429        1.3504852548410944     
   4.7700000000099427        1.3506586462196610     
   4.7800000000099425        1.3508289693429196     
   4.7900000000099423        1.3509963720871370     
   4.8000000000099421        1.3511609979385173     
   4.8100000000099419        1.3513229859328095     
   4.8200000000099417        1.3514824706109925     
   4.8300000000099415        1.3516395819885534     
   4.8400000000099412        1.3517944455358317     
   4.8500000000099410        1.3519471821669446     
   4.8600000000099408        1.3520979082348485     
   4.8700000000099406        1.3522467355301555     
   4.8800000000099404        1.3523937712814571     
   4.8900000000099402        1.3525391181550219     
   4.9000000000099400        1.3526828742519039     
   4.9100000000099397        1.3528251331007008     
   4.9200000000099395        1.3529659836444063     
   4.9300000000099393        1.3531055102200402     
   4.9400000000099391        1.3532437925300136     
   4.9500000000099389        1.3533809056044461     
   4.9600000000099387        1.3535169197539572     
   4.9700000000099385        1.3536519005127536     
   4.9800000000099383        1.3537859085721438     
   4.9900000000099380        1.3539189997049275     
