   9.9999999999999994E-012  0.98752377228725374     
   1.0000000010000001E-002  0.98696554572784512     
   2.0000000010000001E-002  0.98521578641645069     
   3.0000000010000000E-002  0.98228688938822573     
   4.0000000010000002E-002  0.97819898249732040     
   5.0000000010000004E-002  0.97297913281136661     
   6.0000000010000006E-002  0.96666034388334154     
   7.0000000010000007E-002  0.95928042227395049     
   8.0000000010000002E-002  0.95088079732660391     
   9.0000000009999997E-002  0.94150536970009147     
  0.10000000000999999       0.93119944892374429     
  0.11000000000999999       0.92000882176055343     
  0.12000000000999998       0.90797897461945387     
  0.13000000000999998       0.89515447698617567     
  0.14000000000999999       0.88157852014227256     
  0.15000000001000000       0.86729259674984571     
  0.16000000001000000       0.85233630186590059     
  0.17000000001000001       0.83674723398783446     
  0.18000000001000002       0.82056097499305014     
  0.19000000001000003       0.80381112954882905     
  0.20000000001000004       0.78652940707916741     
  0.21000000001000005       0.76874573219089393     
  0.22000000001000006       0.75048837224651566     
  0.23000000001000007       0.73178407332228601     
  0.24000000001000008       0.71265819800394148     
  0.25000000001000006       0.69313486031588578     
  0.26000000001000007       0.67323705456283911     
  0.27000000001000007       0.65298677602121225     
  0.28000000001000008       0.63240513229683937     
  0.29000000001000009       0.61151244481467926     
  0.30000000001000010       0.59032834037042470     
  0.31000000001000011       0.56887183299407229     
  0.32000000001000012       0.54716139658556284     
  0.33000000001000013       0.52521502891054228     
  0.34000000001000014       0.50305030761234326     
  0.35000000001000015       0.48068443892173296     
  0.36000000001000015       0.45813429974203662     
  0.37000000001000016       0.43541647376383796     
  0.38000000001000017       0.41254728222787490     
  0.39000000001000018       0.38954280991224804     
  0.40000000001000019       0.36641892687434030     
  0.41000000001000020       0.34319130643150003     
  0.42000000001000021       0.31987543981930472     
  0.43000000001000022       0.29648664792318380     
  0.44000000001000023       0.27304009043888627     
  0.45000000001000023       0.24955077278008025     
  0.46000000001000024       0.22603355101744466     
  0.47000000001000025       0.20250313510293189     
  0.48000000001000026       0.17897409060520700     
  0.49000000001000027       0.15546083915736791     
  0.50000000001000022       0.13197765779579501     
  0.51000000001000023       0.10853867734923051     
  0.52000000001000024        8.5157880019777615E-002
  0.53000000001000025        6.1849096281504708E-002
  0.54000000001000026        3.8626001208597285E-002
  0.55000000001000027        1.5502110332634447E-002
  0.56000000001000028       -7.5092248824773361E-003
  0.57000000001000029       -3.0394821869144127E-002
  0.58000000001000029       -5.3141672018244317E-002
  0.59000000001000030       -7.5736945912518255E-002
  0.60000000001000031       -9.8167998675832854E-002
  0.61000000001000032      -0.12042237538916445     
  0.62000000001000033      -0.14248781652970183     
  0.63000000001000034      -0.16435226339445344     
  0.64000000001000035      -0.18600386347423009     
  0.65000000001000036      -0.20743097574791508     
  0.66000000001000036      -0.22862217587058181     
  0.67000000001000037      -0.24956626123232178     
  0.68000000001000038      -0.27025225586763796     
  0.69000000001000039      -0.29066941519797951     
  0.70000000001000040      -0.31080723059246623     
  0.71000000001000041      -0.33065543373410422     
  0.72000000001000042      -0.35020400078085007     
  0.73000000001000043      -0.36944315631275554     
  0.74000000001000044      -0.38836337705814228     
  0.75000000001000044      -0.40695539539332559     
  0.76000000001000045      -0.42521020261184572     
  0.77000000001000046      -0.44311905196047396     
  0.78000000001000047      -0.46067346144046251     
  0.79000000001000048      -0.47786521637359497     
  0.80000000001000049      -0.49468637173359714     
  0.81000000001000050      -0.51112925424437550     
  0.82000000001000051      -0.52718646424738691     
  0.83000000001000052      -0.54285087734118886     
  0.84000000001000052      -0.55811564579688788     
  0.85000000001000053      -0.57297419975380171     
  0.86000000001000054      -0.58742024820017424     
  0.87000000001000055      -0.60144777974431807     
  0.88000000001000056      -0.61505106318182301     
  0.89000000001000057      -0.62822464786518573     
  0.90000000001000058      -0.64096336388208708     
  0.91000000001000059      -0.65326232204904000     
  0.92000000001000060      -0.66511691372755688     
  0.93000000001000060      -0.67652281046937057     
  0.94000000001000061      -0.68747596349855289     
  0.95000000001000062      -0.69797260303711051     
  0.96000000001000063      -0.70800923748242295     
  0.97000000001000064      -0.71758265244265840     
  0.98000000001000065      -0.72668990963895008     
  0.99000000001000066      -0.73532834567981287     
   1.0000000000100007      -0.74349557071675387     
   1.0100000000100007      -0.75118946698684130     
   1.0200000000100007      -0.75840818724994541     
   1.0300000000100007      -0.76515015312815127     
   1.0400000000100007      -0.77141405335187363     
   1.0500000000100007      -0.77719884192104849     
   1.0600000000100007      -0.78250373618679547     
   1.0700000000100007      -0.78732821485966054     
   1.0800000000100007      -0.79167201595017023     
   1.0900000000100007      -0.79553513464715464     
   1.1000000000100008      -0.79891782113902643     
   1.1100000000100008      -0.80182057838290988     
   1.1200000000100008      -0.80424415982622099     
   1.1300000000100008      -0.80618956708499390     
   1.1400000000100008      -0.80765804758293314     
   1.1500000000100008      -0.80865109215486453     
   1.1600000000100008      -0.80917043261793065     
   1.1700000000100008      -0.80921803931355629     
   1.1800000000100008      -0.80879611862288847     
   1.1900000000100008      -0.80790711045809416     
   1.2000000000100008      -0.80655368573157116     
   1.2100000000100009      -0.80473874380481658     
   1.2200000000100009      -0.80246540991837756     
   1.2300000000100009      -0.79973703260399731     
   1.2400000000100009      -0.79655718107976714     
   1.2500000000100009      -0.79292964262879317     
   1.2600000000100009      -0.78885841996159822     
   1.2700000000100009      -0.78434772856218937     
   1.2800000000100009      -0.77940199401745547     
   1.2900000000100009      -0.77402584932928475     
   1.3000000000100009      -0.76822413220854546     
   1.3100000000100009      -0.76200188234982213     
   1.3200000000100010      -0.75536433868557162     
   1.3300000000100010      -0.74831693661814203     
   1.3400000000100010      -0.74086530522788907     
   1.3500000000100010      -0.73301526445542964     
   1.3600000000100010      -0.72477282225589246     
   1.3700000000100010      -0.71614417172285783     
   1.3800000000100010      -0.70713568817952677     
   1.3900000000100010      -0.69775392623451915     
   1.4000000000100010      -0.68800561679958039     
   1.4100000000100010      -0.67789766406636487     
   1.4200000000100010      -0.66743714243937502     
   1.4300000000100010      -0.65663129342205295     
   1.4400000000100011      -0.64548752245296570     
   1.4500000000100011      -0.63401339568897175     
   1.4600000000100011      -0.62221663673223448     
   1.4700000000100011      -0.61010512329792721     
   1.4800000000100011      -0.59768688381947654     
   1.4900000000100011      -0.58497009398821420     
   1.5000000000100011      -0.57196307322432816     
   1.5100000000100011      -0.55867428107606598     
   1.5200000000100011      -0.54511231354419443     
   1.5300000000100011      -0.53128589932880610     
   1.5400000000100011      -0.51720389599565419     
   1.5500000000100012      -0.50287528605930532     
   1.5600000000100012      -0.48830917298052312     
   1.5700000000100012      -0.47351477707543355     
   1.5800000000100012      -0.45850143133417054     
   1.5900000000100012      -0.44327857714686864     
   1.6000000000100012      -0.42785575993504432     
   1.6100000000100012      -0.41224262468659550     
   1.6200000000100012      -0.39644891139285726     
   1.6300000000100012      -0.38048445038635614     
   1.6400000000100012      -0.36435915757813830     
   1.6500000000100012      -0.34808302959377679     
   1.6600000000100013      -0.33166613880741136     
   1.6700000000100013      -0.31511862827342663     
   1.6800000000100013      -0.29845070655563943     
   1.6900000000100013      -0.28167264245413687     
   1.7000000000100013      -0.26479475963018534     
   1.7100000000100013      -0.24782743112991723     
   1.7200000000100013      -0.23078107380779211     
   1.7300000000100013      -0.21366614265112793     
   1.7400000000100013      -0.19649312500729738     
   1.7500000000100013      -0.17927253471549048     
   1.7600000000100013      -0.16201490614525277     
   1.7700000000100014      -0.14473078814431697     
   1.7800000000100014      -0.12743073789855902     
   1.7900000000100014      -0.11012531470722012     
   1.8000000000100014       -9.2825073676847517E-002
   1.8100000000100014       -7.5540559337717028E-002
   1.8200000000100014       -5.8282299186808446E-002
   1.8300000000100014       -4.1060797161708101E-002
   1.8400000000100014       -2.3886527050115972E-002
   1.8500000000100014       -6.7699258399281231E-003
   1.8600000000100014        1.0278612984842214E-002
   1.8700000000100014        2.7248746196759981E-002
   1.8800000000100014        4.4130187620456653E-002
   1.8900000000100015        6.0912714964822819E-002
   1.9000000000100015        7.7586176685554231E-002
   1.9100000000100015        9.4140498871454661E-002
   1.9200000000100015       0.11056569214765855     
   1.9300000000100015       0.12685185858871093     
   1.9400000000100015       0.14298919863422724     
   1.9500000000100015       0.15896801799965501     
   1.9600000000100015       0.17477873457447141     
   1.9700000000100015       0.19041188529997752     
   1.9800000000100015       0.20585813301869405     
   1.9900000000100015       0.22110827328721813     
   2.0000000000100013       0.23615324114427877     
   2.0100000000100011       0.25098411782561592     
   2.0200000000100009       0.26559213741722126     
   2.0300000000100007       0.27996869343839936     
   2.0400000000100005       0.29410534534605937     
   2.0500000000100003       0.30799382495160527     
   2.0600000000100001       0.32162604274177808     
   2.0700000000099998       0.33499409409480368     
   2.0800000000099996       0.34809026538322246     
   2.0900000000099994       0.36090703995481599     
   2.1000000000099992       0.37343710398310714     
   2.1100000000099990       0.38567335217899124     
   2.1200000000099988       0.39760889335515315     
   2.1300000000099986       0.40923705583504866     
   2.1400000000099983       0.42055139269836395     
   2.1500000000099981       0.43154568685502825     
   2.1600000000099979       0.44221395594003232     
   2.1700000000099977       0.45255045702150004     
   2.1800000000099975       0.46254969111467875     
   2.1900000000099973       0.47220640749474446     
   2.2000000000099971       0.48151560780157210     
   2.2100000000099969       0.49047254992988448     
   2.2200000000099966       0.49907275169848409     
   2.2300000000099964       0.50731199429256746     
   2.2400000000099962       0.51518632547343968     
   2.2500000000099960       0.52269206255027745     
   2.2600000000099958       0.52982579510893180     
   2.2700000000099956       0.53658438749311843     
   2.2800000000099954       0.54296498103371338     
   2.2900000000099952       0.54896499602225191     
   2.3000000000099949       0.55458213342511631     
   2.3100000000099947       0.55981437633530118     
   2.3200000000099945       0.56465999115904908     
   2.3300000000099943       0.56911752853506681     
   2.3400000000099941       0.57318582398444995     
   2.3500000000099939       0.57686399828987456     
   2.3600000000099937       0.58015145760303721     
   2.3700000000099934       0.58304789327976492     
   2.3800000000099932       0.58555328144264462     
   2.3900000000099930       0.58766788227146050     
   2.4000000000099928       0.58939223902215743     
   2.4100000000099926       0.59072717677548914     
   2.4200000000099924       0.59167380091692867     
   2.4300000000099922       0.59223349534985525     
   2.4400000000099920       0.59240792044444301     
   2.4500000000099917       0.59219901072510039     
   2.4600000000099915       0.59160897229971010     
   2.4700000000099913       0.59064028003432090     
   2.4800000000099911       0.58929567447733611     
   2.4900000000099909       0.58757815853761741     
   2.5000000000099907       0.58549099392129822     
   2.5100000000099905       0.58303769733245314     
   2.5200000000099902       0.58022203644311632     
   2.5300000000099900       0.57704802563847502     
   2.5400000000099898       0.57351992154337328     
   2.5500000000099896       0.56964221833657191     
   2.5600000000099894       0.56541964285948787     
   2.5700000000099892       0.56085714952641275     
   2.5800000000099890       0.55595991504345532     
   2.5900000000099888       0.55073333294369464     
   2.6000000000099885       0.54518300794624475     
   2.6100000000099883       0.53931475014712904     
   2.6200000000099881       0.53313456905004986     
   2.6300000000099879       0.52664866744529359     
   2.6400000000099877       0.51986343514515898     
   2.6500000000099875       0.51278544258442360     
   2.6600000000099873       0.50542143429446140     
   2.6700000000099871       0.49777832225971885     
   2.6800000000099868       0.48986317916532024     
   2.6900000000099866       0.48168323154462411     
   2.7000000000099864       0.47324585283558152     
   2.7100000000099862       0.46455855635476173     
   2.7200000000099860       0.45562898819790310     
   2.7300000000099858       0.44646492007582467     
   2.7400000000099856       0.43707424209449575     
   2.7500000000099853       0.42746495548799812     
   2.7600000000099851       0.41764516531305174     
   2.7700000000099849       0.40762307311367479     
   2.7800000000099847       0.39740696956445726     
   2.7900000000099845       0.38700522710079915     
   2.8000000000099843       0.37642629254433935     
   2.8100000000099841       0.36567867973165402     
   2.8200000000099839       0.35477096215414738     
   2.8300000000099836       0.34371176561688971     
   2.8400000000099834       0.33250976092397705     
   2.8500000000099832       0.32117365659780306     
   2.8600000000099830       0.30971219163942876     
   2.8700000000099828       0.29813412833703723     
   2.8800000000099826       0.28644824512924233     
   2.8900000000099824       0.27466332952980238     
   2.9000000000099821       0.26278817112006519     
   2.9100000000099819       0.25083155461523887     
   2.9200000000099817       0.23880225301034957     
   2.9300000000099815       0.22670902081150907     
   2.9400000000099813       0.21456058735787670     
   2.9500000000099811       0.20236565023945507     
   2.9600000000099809       0.19013286881562064     
   2.9700000000099807       0.17787085783904338     
   2.9800000000099804       0.16558818118941113     
   2.9900000000099802       0.15329334572112974     
   3.0000000000099800       0.14099479522893346     
   3.0100000000099798       0.12870090453510191     
   3.0200000000099796       0.11641997370174653     
   3.0300000000099794       0.10416022237139899     
   3.0400000000099792        9.1929784238908602E-002
   3.0500000000099790        7.9736701657432796E-002
   3.0600000000099787        6.7588920381089407E-002
   3.0700000000099785        5.5494284446627698E-002
   3.0800000000099783        4.3460531196268137E-002
   3.0900000000099781        3.1495286443663950E-002
   3.1000000000099779        1.9606059784740656E-002
   3.1100000000099777        7.8002400549852940E-003
   3.1200000000099775       -3.9149090654251872E-003
   3.1300000000099772       -1.5532253297439763E-002
   3.1400000000099770       -2.7044791858843967E-002
   3.1500000000099768       -3.8445661408976650E-002
   3.1600000000099766       -4.9728139841716701E-002
   3.1700000000099764       -6.0885649926150115E-002
   3.1800000000099762       -7.1911762794468412E-002
   3.1900000000099760       -8.2800201276779992E-002
   3.2000000000099758       -9.3544843082645490E-002
   3.2100000000099755      -0.10413972382926587     
   3.2200000000099753      -0.11457903991636530     
   3.2300000000099751      -0.12485715124792096     
   3.2400000000099749      -0.13496858380099050     
   3.2500000000099747      -0.14490803204198677     
   3.2600000000099745      -0.15467036119083744     
   3.2700000000099743      -0.16425060933355590     
   3.2800000000099740      -0.17364398938382794     
   3.2900000000099738      -0.18284589089429687     
   3.3000000000099736      -0.19185188171830081     
   3.3100000000099734      -0.20065770952288614     
   3.3200000000099732      -0.20925930315398306     
   3.3300000000099730      -0.21765277385469278     
   3.3400000000099728      -0.22583441633769419     
   3.3500000000099726      -0.23380070971283323     
   3.3600000000099723      -0.24154831827101211     
   3.3700000000099721      -0.24907409212554685     
   3.3800000000099719      -0.25637506771221052     
   3.3900000000099717      -0.26344846814923228     
   3.4000000000099715      -0.27029170345856063     
   3.4100000000099713      -0.27690237064975542     
   3.4200000000099711      -0.28327825366791082     
   3.4300000000099709      -0.28941732320706037     
   3.4400000000099706      -0.29531773639055736     
   3.4500000000099704      -0.30097783631996911     
   3.4600000000099702      -0.30639615149406962     
   3.4700000000099700      -0.31157139509955289     
   3.4800000000099698      -0.31650246417514455     
   3.4900000000099696      -0.32118843865082236     
   3.5000000000099694      -0.32562858026391123     
   3.5100000000099691      -0.32982233135385841     
   3.5200000000099689      -0.33376931353754313     
   3.5300000000099687      -0.33746932626702159     
   3.5400000000099685      -0.34092234527165488     
   3.5500000000099683      -0.34412852088661683     
   3.5600000000099681      -0.34708817626982574     
   3.5700000000099679      -0.34980180550939416     
   3.5800000000099677      -0.35227007162373897     
   3.5900000000099674      -0.35449380445654510     
   3.6000000000099672      -0.35647399846882588     
   3.6100000000099670      -0.35821181043037076     
   3.6200000000099668      -0.35970855701292687     
   3.6300000000099666      -0.36096571228750346     
   3.6400000000099664      -0.36198490512824522     
   3.6500000000099662      -0.36276791652536522     
   3.6600000000099659      -0.36331667680967911     
   3.6700000000099657      -0.36363326279133190     
   3.6800000000099655      -0.36371989481535305     
   3.6900000000099653      -0.36357893373672634     
   3.7000000000099651      -0.36321287781770395     
   3.7100000000099649      -0.36262435955013972     
   3.7200000000099647      -0.36181614240566140     
   3.7300000000099645      -0.36079111751654014     
   3.7400000000099642      -0.35955230029015983     
   3.7500000000099640      -0.35810282696002455     
   3.7600000000099638      -0.35644595107628102     
   3.7700000000099636      -0.35458503993876545     
   3.7800000000099634      -0.35252357097562093     
   3.7900000000099632      -0.35026512807055782     
   3.8000000000099630      -0.34781339784186110     
   3.8100000000099628      -0.34517216587627342     
   3.8200000000099625      -0.34234531292090681     
   3.8300000000099623      -0.33933681103635710     
   3.8400000000099621      -0.33615071971421367     
   3.8500000000099619      -0.33279118196217439     
   3.8600000000099617      -0.32926242035998754     
   3.8700000000099615      -0.32556873308945627     
   3.8800000000099613      -0.32171448994174545     
   3.8900000000099610      -0.31770412830524153     
   3.9000000000099608      -0.31354214913721473     
   3.9100000000099606      -0.30923311292253625     
   3.9200000000099604      -0.30478163562269978     
   3.9300000000099602      -0.30019238461839215     
   3.9400000000099600      -0.29547007464884945     
   3.9500000000099598      -0.29061946375122838     
   3.9600000000099596      -0.28564534920320533     
   3.9700000000099593      -0.28055256347200430     
   3.9800000000099591      -0.27534597017303575     
   3.9900000000099589      -0.27003046004130943     
   4.0000000000099591      -0.26461094691875986     
   4.0100000000099589      -0.25909236376060146     
   4.0200000000099587      -0.25347965866380040     
   4.0300000000099585      -0.24777779092072255     
   4.0400000000099583      -0.24199172710098465     
   4.0500000000099581      -0.23612643716450235     
   4.0600000000099579      -0.23018689060869138     
   4.0700000000099577      -0.22417805265274229     
   4.0800000000099574      -0.21810488046184603     
   4.0900000000099572      -0.21197231941420608     
   4.1000000000099570      -0.20578529941362983     
   4.1100000000099568      -0.19954873125044179     
   4.1200000000099566      -0.19326750301341472     
   4.1300000000099564      -0.18694647655536284     
   4.1400000000099562      -0.18059048401498809     
   4.1500000000099559      -0.17420432439751496     
   4.1600000000099557      -0.16779276021659231     
   4.1700000000099555      -0.16136051419988084     
   4.1800000000099553      -0.15491226606068270     
   4.1900000000099551      -0.14845264933790686     
   4.2000000000099549      -0.14198624830659604     
   4.2100000000099547      -0.13551759496117527     
   4.2200000000099545      -0.12905116607350772     
   4.2300000000099542      -0.12259138032777560     
   4.2400000000099540      -0.11614259553412380     
   4.2500000000099538      -0.10970910592293073     
   4.2600000000099536      -0.10329513952148803     
   4.2700000000099534       -9.6904855614791369E-002
   4.2800000000099532       -9.0542342292058681E-002
   4.2900000000099530       -8.4211614080506023E-002
   4.3000000000099527       -7.7916609667822823E-002
   4.3100000000099525       -7.1661189714696705E-002
   4.3200000000099523       -6.5449134758645250E-002
   4.3300000000099521       -5.9284143210315374E-002
   4.3400000000099519       -5.3169829443314900E-002
   4.3500000000099517       -4.7109721978539777E-002
   4.3600000000099515       -4.1107261763858656E-002
   4.3700000000099513       -3.5165800549913202E-002
   4.3800000000099510       -2.9288599362687004E-002
   4.3900000000099508       -2.3478827073386742E-002
   4.4000000000099506       -1.7739559066072753E-002
   4.4100000000099504       -1.2073776003362992E-002
   4.4200000000099502       -6.4843626904241627E-003
   4.4300000000099500       -9.7410703734970849E-004
   4.4400000000099498        4.4543008800898218E-003
   4.4500000000099496        9.7982696614532933E-003
   4.4600000000099493        1.5055307324637564E-002
   4.4700000000099491        2.0223021951249337E-002
   4.4800000000099489        2.5299122234817929E-002
   4.4900000000099487        3.0281417932442524E-002
   4.5000000000099485        3.5167820220583575E-002
   4.5100000000099483        3.9956341955823878E-002
   4.5200000000099481        4.4645097841537529E-002
   4.5300000000099478        4.9232304501521294E-002
   4.5400000000099476        5.3716280461751503E-002
   4.5500000000099474        5.8095446041541599E-002
   4.5600000000099472        6.2368323155483768E-002
   4.5700000000099470        6.6533535027663043E-002
   4.5800000000099468        7.0589805819734550E-002
   4.5900000000099466        7.4535960174556812E-002
   4.6000000000099464        7.8370922677168803E-002
   4.6100000000099461        8.2093717234992938E-002
   4.6200000000099459        8.5703466379233956E-002
   4.6300000000099457        8.9199390489530697E-002
   4.6400000000099455        9.2580806943996230E-002
   4.6500000000099453        9.5847129196859449E-002
   4.6600000000099451        9.8997865785989611E-002
   4.6700000000099449       0.10203261927265390     
   4.6800000000099446       0.10495108511591435     
   4.6900000000099444       0.10775305048412742     
   4.7000000000099442       0.11043839300605507     
   4.7100000000099440       0.11300707946414074     
   4.7200000000099438       0.11545916443253609     
   4.7300000000099436       0.11779478886249606     
   4.7400000000099434       0.12001417861778012     
   4.7500000000099432       0.12211764296271449     
   4.7600000000099429       0.12410557300557831     
   4.7700000000099427       0.12597844009997916     
   4.7800000000099425       0.12773679420687789     
   4.7900000000099423       0.12938126221991172     
   4.8000000000099421       0.13091254625664617     
   4.8100000000099419       0.13233142191836014     
   4.8200000000099417       0.13363873652093808     
   4.8300000000099415       0.13483540729940424     
   4.8400000000099412       0.13592241958858980     
   4.8500000000099410       0.13690082498237199     
   4.8600000000099408       0.13777173947387023     
   4.8700000000099406       0.13853634157891903     
   4.8800000000099404       0.13919587044507298     
   4.8900000000099402       0.13975162394832413     
   4.9000000000099400       0.14020495677963696     
   4.9100000000099397       0.14055727852332348     
   4.9200000000099395       0.14081005172919564     
   4.9300000000099393       0.14096478998034440     
   4.9400000000099391       0.14102305595830086     
   4.9500000000099389       0.14098645950724251     
   4.9600000000099387       0.14085665569880915     
   4.9700000000099385       0.14063534289899507     
   4.9800000000099383       0.14032426083848493     
   4.9900000000099380       0.13992518868769896     
