   9.9999999999999994E-012  0.98752377228725374     
   1.0000000010000001E-002  0.98714653352073234     
   2.0000000010000001E-002  0.98601592819205364     
   3.0000000010000000E-002  0.98413524518515116     
   4.0000000010000002E-002  0.98150982384406849     
   5.0000000010000004E-002  0.97814685615343844     
   6.0000000010000006E-002  0.97405513782617170     
   7.0000000010000007E-002  0.96924479070184999     
   8.0000000010000002E-002  0.96372697876975044     
   9.0000000009999997E-002  0.95751363732873029     
  0.10000000000999999       0.95061723020533417     
  0.11000000000999999       0.94305054461687610     
  0.12000000000999998       0.93482652810515654     
  0.13000000000999998       0.92595816761884708     
  0.14000000000999999       0.91645840761191810     
  0.15000000001000000       0.90634010200265069     
  0.16000000001000000       0.89561599386611812     
  0.17000000001000001       0.88429871657910053     
  0.18000000001000002       0.87240081054338436     
  0.19000000001000003       0.85993475034898781     
  0.20000000001000004       0.84691297811894373     
  0.21000000001000005       0.83334793967159804     
  0.22000000001000006       0.81925212096342315     
  0.23000000001000007       0.80463808299209572     
  0.24000000001000008       0.78951849393057505     
  0.25000000001000006       0.77390615773029159     
  0.26000000001000007       0.75781403878745879     
  0.27000000001000007       0.74125528252762185     
  0.28000000001000008       0.72424323194752416     
  0.29000000001000009       0.70679144027680174     
  0.30000000001000010       0.68891367999943931     
  0.31000000001000011       0.67062394851842311     
  0.32000000001000012       0.65193647076627192     
  0.33000000001000013       0.63286569906664425     
  0.34000000001000014       0.61342631054367502     
  0.35000000001000015       0.59363320236029149     
  0.36000000001000015       0.57350148504748422     
  0.37000000001000016       0.55304647416548347     
  0.38000000001000017       0.53228368051643671     
  0.39000000001000018       0.51122879910740915     
  0.40000000001000019       0.48989769704291819     
  0.41000000001000020       0.46830640050806127     
  0.42000000001000021       0.44647108098674149     
  0.43000000001000022       0.42440804084456041     
  0.44000000001000023       0.40213369839257151     
  0.45000000001000023       0.37966457253617569     
  0.46000000001000024       0.35701726710286436     
  0.47000000001000025       0.33420845493314938     
  0.48000000001000026       0.31125486181072293     
  0.49000000001000027       0.28817325030054197     
  0.50000000001000022       0.26498040355700792     
  0.51000000001000023       0.24169310915860970     
  0.52000000001000024       0.21832814302021297     
  0.53000000001000025       0.19490225342953282     
  0.54000000001000026       0.17143214525013831     
  0.55000000001000027       0.14793446432954621     
  0.56000000001000028       0.12442578214750434     
  0.57000000001000029       0.10092258073640420     
  0.58000000001000029        7.7441237902844906E-002
  0.59000000001000030        5.3998012776670358E-002
  0.60000000001000031        3.0609031711285685E-002
  0.61000000001000032        7.2902745567025445E-003
  0.62000000001000033       -1.5942438675453204E-002
  0.63000000001000034       -3.9073460737831203E-002
  0.64000000001000035       -6.2087329648988658E-002
  0.65000000001000036       -8.4968780757496531E-002
  0.66000000001000036      -0.10770275835705154     
  0.67000000001000037      -0.13027442684284379     
  0.68000000001000038      -0.15266918140107422     
  0.69000000001000039      -0.17487265822509007     
  0.70000000001000040      -0.19687074425311371     
  0.71000000001000041      -0.21864958642398410     
  0.72000000001000042      -0.24019560044871335     
  0.73000000001000043      -0.26149547909698129     
  0.74000000001000044      -0.28253619999895557     
  0.75000000001000044      -0.30330503296402866     
  0.76000000001000045      -0.32378954681920957     
  0.77000000001000046      -0.34397761577099811     
  0.78000000001000047      -0.36385742529560133     
  0.79000000001000048      -0.38341747756332156     
  0.80000000001000049      -0.40264659640386968     
  0.81000000001000050      -0.42153393182020804     
  0.82000000001000051      -0.44006896405933460     
  0.83000000001000052      -0.45824150724916085     
  0.84000000001000052      -0.47604171261132550     
  0.85000000001000053      -0.49346007126041364     
  0.86000000001000054      -0.51048741660062635     
  0.87000000001000055      -0.52711492633146251     
  0.88000000001000056      -0.54333412407443549     
  0.89000000001000057      -0.55913688063325795     
  0.90000000001000058      -0.57451541490027613     
  0.91000000001000059      -0.58946229442223852     
  0.92000000001000060      -0.60397043563873198     
  0.93000000001000060      -0.61803310380681187     
  0.94000000001000061      -0.63164391262550657     
  0.95000000001000062      -0.64479682357396628     
  0.96000000001000063      -0.65748614497709124     
  0.97000000001000064      -0.66970653081246734     
  0.98000000001000065      -0.68145297927241388     
  0.99000000001000066      -0.69272083109486060     
   1.0000000000100007      -0.70350576767665296     
   1.0100000000100007      -0.71380380898273776     
   1.0200000000100007      -0.72361131126447165     
   1.0300000000100007      -0.73292496460008150     
   1.0400000000100007      -0.74174179027003695     
   1.0500000000100007      -0.75005913797980805     
   1.0600000000100007      -0.75787468294215832     
   1.0700000000100007      -0.76518642283078131     
   1.0800000000100007      -0.77199267461671683     
   1.0900000000100007      -0.77829207129858569     
   1.1000000000100008      -0.78408355853727874     
   1.1100000000100008      -0.78936639120529162     
   1.1200000000100008      -0.79414012986046012     
   1.1300000000100008      -0.79840463715338250     
   1.1400000000100008      -0.80216007417734025     
   1.1500000000100008      -0.80540689676904675     
   1.1600000000100008      -0.80814585176805853     
   1.1700000000100008      -0.81037797324218064     
   1.1800000000100008      -0.81210457868569597     
   1.1900000000100008      -0.81332726519673715     
   1.2000000000100008      -0.81404790563961016     
   1.2100000000100009      -0.81426864479736860     
   1.2200000000100009      -0.81399189551942952     
   1.2300000000100009      -0.81322033486851486     
   1.2400000000100009      -0.81195690027070355     
   1.2500000000100009      -0.81020478567188647     
   1.2600000000100009      -0.80796743770342172     
   1.2700000000100009      -0.80524855185931943     
   1.2800000000100009      -0.80205206868681012     
   1.2900000000100009      -0.79838216999169265     
   1.3000000000100009      -0.79424327505941639     
   1.3100000000100009      -0.78964003689241480     
   1.3200000000100010      -0.78457733846379463     
   1.3300000000100010      -0.77906028898707413     
   1.3400000000100010      -0.77309422020128404     
   1.3500000000100010      -0.76668468267036449     
   1.3600000000100010      -0.75983744209544835     
   1.3700000000100010      -0.75255847563827094     
   1.3800000000100010      -0.74485396825364247     
   1.3900000000100010      -0.73673030902860748     
   1.4000000000100010      -0.72819408752564929     
   1.4100000000100010      -0.71925209012702096     
   1.4200000000100010      -0.70991129637706540     
   1.4300000000100010      -0.70017887531914524     
   1.4400000000100011      -0.69006218182362644     
   1.4500000000100011      -0.67956875290316388     
   1.4600000000100011      -0.66870630401139475     
   1.4700000000100011      -0.65748272532100094     
   1.4800000000100011      -0.64590607797699351     
   1.4900000000100011      -0.63398459032097798     
   1.5000000000100011      -0.62172665408208605     
   1.5100000000100011      -0.60914082053021512     
   1.5200000000100011      -0.59623579658718173     
   1.5300000000100011      -0.58302044089139160     
   1.5400000000100011      -0.56950375981164236     
   1.5500000000100012      -0.55569490340570593     
   1.5600000000100012      -0.54160316131939379     
   1.5700000000100012      -0.52723795862188494     
   1.5800000000100012      -0.51260885157318470     
   1.5900000000100012      -0.49772552331970255     
   1.6000000000100012      -0.48259777951406418     
   1.6100000000100012      -0.46723554385542915     
   1.6200000000100012      -0.45164885354675027     
   1.6300000000100012      -0.43584785466560005     
   1.6400000000100012      -0.41984279744539432     
   1.6500000000100012      -0.40364403146406042     
   1.6600000000100013      -0.38726200073743633     
   1.6700000000100013      -0.37070723871493788     
   1.6800000000100013      -0.35399036317529692     
   1.6900000000100013      -0.33712207102045294     
   1.7000000000100013      -0.32011313296597521     
   1.7100000000100013      -0.30297438812669653     
   1.7200000000100013      -0.28571673849655765     
   1.7300000000100013      -0.26835114332198862     
   1.7400000000100013      -0.25088861336849194     
   1.7500000000100013      -0.23334020508043907     
   1.7600000000100013      -0.21571701463444551     
   1.7700000000100014      -0.19803017188705441     
   1.7800000000100014      -0.18029083421782469     
   1.7900000000100014      -0.16251018026929553     
   1.8000000000100014      -0.14469940358567529     
   1.8100000000100014      -0.12686970615248541     
   1.8200000000100014      -0.10903229183977439     
   1.8300000000100014       -9.1198359751899050E-002
   1.8400000000100014       -7.3379097487258349E-002
   1.8500000000100014       -5.5585674311747345E-002
   1.8600000000100014       -3.7829234250081167E-002
   1.8700000000100014       -2.0120889099518445E-002
   1.8800000000100014       -2.4717113708881688E-003
   1.8900000000100015        1.5107272837807231E-002
   1.9000000000100015        3.2605091029575123E-002
   1.9100000000100015        5.0010831552410734E-002
   1.9200000000100015        6.7313650892730587E-002
   1.9300000000100015        8.4502781011584760E-002
   1.9400000000100015       0.10156753671664416     
   1.9500000000100015       0.11849732306264493     
   1.9600000000100015       0.13528164277266974     
   1.9700000000100015       0.15191010367235616     
   1.9800000000100015       0.16837242612885120     
   1.9900000000100015       0.18465845048607088     
   2.0000000000100013       0.20075814448758383     
   2.0100000000100011       0.21666161067821482     
   2.0200000000100009       0.23235909377525807     
   2.0300000000100007       0.24784098800000406     
   2.0400000000100005       0.26309784436012018     
   2.0500000000100003       0.27812037787327637     
   2.0600000000100001       0.29289947472228844     
   2.0700000000099998       0.30742619933194387     
   2.0800000000099996       0.32169180135760184     
   2.0900000000099994       0.33568772257559937     
   2.1000000000099992       0.34940560366546414     
   2.1100000000099990       0.36283729087392630     
   2.1200000000099988       0.37597484255073621     
   2.1300000000099986       0.38881053554633632     
   2.1400000000099983       0.40133687146149938     
   2.1500000000099981       0.41354658273913381     
   2.1600000000099979       0.42543263858857366     
   2.1700000000099977       0.43698825073280612     
   2.1800000000099975       0.44820687896925465     
   2.1900000000099973       0.45908223653492486     
   2.2000000000099971       0.46960829526692921     
   2.2100000000099969       0.47977929054964330     
   2.2200000000099966       0.48958972604000728     
   2.2300000000099964       0.49903437816276441     
   2.2400000000099962       0.50810830036773502     
   2.2500000000099960       0.51680682714154869     
   2.2600000000099958       0.52512557776660274     
   2.2700000000099956       0.53306045982038563     
   2.2800000000099954       0.54060767240868135     
   2.2900000000099952       0.54776370912658601     
   2.3000000000099949       0.55452536074167602     
   2.3100000000099947       0.56088971759411754     
   2.3200000000099945       0.56685417170894659     
   2.3300000000099943       0.57241641861622583     
   2.3400000000099941       0.57757445887525838     
   2.3500000000099939       0.58232659929952790     
   2.3600000000099937       0.58667145387953823     
   2.3700000000099934       0.59060794440123388     
   2.3800000000099932       0.59413530075819820     
   2.3900000000099930       0.59725306095635111     
   2.4000000000099928       0.59996107081039285     
   2.4100000000099926       0.60225948333177259     
   2.4200000000099924       0.60414875780849431     
   2.4300000000099922       0.60562965857759765     
   2.4400000000099920       0.60670325349169318     
   2.4500000000099917       0.60737091208144800     
   2.4600000000099915       0.60763430341645230     
   2.4700000000099913       0.60749539366740468     
   2.4800000000099911       0.60695644337307730     
   2.4900000000099909       0.60602000441601167     
   2.5000000000099907       0.60468891671139768     
   2.5100000000099905       0.60296630461406642     
   2.5200000000099902       0.60085557304899440     
   2.5300000000099900       0.59836040337117269     
   2.5400000000099898       0.59548474896113623     
   2.5500000000099896       0.59223283056286602     
   2.5600000000099894       0.58860913137119075     
   2.5700000000099892       0.58461839187619224     
   2.5800000000099890       0.58026560447249753     
   2.5900000000099888       0.57555600784167948     
   2.6000000000099885       0.57049508111631864     
   2.6100000000099883       0.56508853783458324     
   2.6200000000099881       0.55934231969446657     
   2.6300000000099879       0.55326259011707657     
   2.6400000000099877       0.54685572762861467     
   2.6500000000099875       0.54012831907088354     
   2.6600000000099873       0.53308715265035744     
   2.6700000000099871       0.52573921083600483     
   2.6800000000099868       0.51809166311619537     
   2.6900000000099866       0.51015185862513068     
   2.7000000000099864       0.50192731864932938     
   2.7100000000099862       0.49342572902475523     
   2.7200000000099860       0.48465493243521868     
   2.7300000000099858       0.47562292062269335     
   2.7400000000099856       0.46633782652017775     
   2.7500000000099853       0.45680791631769846     
   2.7600000000099851       0.44704158147199569     
   2.7700000000099849       0.43704733067034751     
   2.7800000000099847       0.42683378175889131     
   2.7900000000099845       0.41640965364567617     
   2.8000000000099843       0.40578375818853651     
   2.8100000000099841       0.39496499207771402     
   2.8200000000099839       0.38396232872297470     
   2.8300000000099836       0.37278481015476844     
   2.8400000000099834       0.36144153894876085     
   2.8500000000099832       0.34994167018283867     
   2.8600000000099830       0.33829440343544370     
   2.8700000000099828       0.32650897483382813     
   2.8800000000099826       0.31459464916055763     
   2.8900000000099824       0.30256071202630253     
   2.9000000000099821       0.29041646211666683     
   2.9100000000099819       0.27817120352050356     
   2.9200000000099817       0.26583423814685669     
   2.9300000000099815       0.25341485823735532     
   2.9400000000099813       0.24092233898056614     
   2.9500000000099811       0.22836593123448601     
   2.9600000000099809       0.21575485436303199     
   2.9700000000099807       0.20309828919205530     
   2.9800000000099804       0.19040537109008066     
   2.9900000000099802       0.17768518317864126     
   3.0000000000099800       0.16494674967675721     
   3.0100000000099798       0.15219902938377761     
   3.0200000000099796       0.13945090930449067     
   3.0300000000099794       0.12671119842008813     
   3.0400000000099792       0.11398862160826136     
   3.0500000000099790       0.10129181371540351     
   3.0600000000099787        8.8629313783593636E-002
   3.0700000000099785        7.6009559434752585E-002
   3.0800000000099783        6.3440881414076750E-002
   3.0900000000099781        5.0931498294586444E-002
   3.1000000000099779        3.8489511344363056E-002
   3.1100000000099777        2.6122899557795592E-002
   3.1200000000099775        1.3839514851916826E-002
   3.1300000000099772        1.6470774286777567E-003
   3.1400000000099770       -1.0446828696212718E-002
   3.1500000000099768       -2.2434759997462903E-002
   3.1600000000099766       -3.4309417577168821E-002
   3.1700000000099764       -4.6063651134545039E-002
   3.1800000000099762       -5.7690462768558035E-002
   3.1900000000099760       -6.9183010613766416E-002
   3.2000000000099758       -8.0534612309826836E-002
   3.2100000000099755       -9.1738748305265169E-002
   3.2200000000099753      -0.10278906499624302     
   3.2300000000099751      -0.11367937770117097     
   3.2400000000099749      -0.12440367347212762     
   3.2500000000099747      -0.13495611374414676     
   3.2600000000099745      -0.14533103682352019     
   3.2700000000099743      -0.15552296021634993     
   3.2800000000099740      -0.16552658279864990     
   3.2900000000099738      -0.17533678682936779     
   3.3000000000099736      -0.18494863980774445     
   3.3100000000099734      -0.19435739617648612     
   3.3200000000099732      -0.20355849887225941     
   3.3300000000099730      -0.21254758072505681     
   3.3400000000099728      -0.22132046570800998     
   3.3500000000099726      -0.22987317003925195     
   3.3600000000099723      -0.23820190313744799     
   3.3700000000099721      -0.24630306843263239     
   3.3800000000099719      -0.25417326403399676     
   3.3900000000099717      -0.26180928325628816     
   3.4000000000099715      -0.26920811500647757     
   3.4100000000099713      -0.27636694403236634     
   3.4200000000099711      -0.28328315103479806     
   3.4300000000099709      -0.28995431264514682     
   3.4400000000099706      -0.29637820126975267     
   3.4500000000099704      -0.30255278480297476     
   3.4600000000099702      -0.30847622621053383     
   3.4700000000099700      -0.31414688298481819     
   3.4800000000099698      -0.31956330647382575     
   3.4900000000099696      -0.32472424108542175     
   3.5000000000099694      -0.32962862336859389     
   3.5100000000099691      -0.33427558097339277     
   3.5200000000099689      -0.33866443149125497     
   3.5300000000099687      -0.34279468117741541     
   3.5400000000099685      -0.34666602355712739     
   3.5500000000099683      -0.35027833791742480     
   3.5600000000099681      -0.35363168768617714     
   3.5700000000099679      -0.35672631870020671     
   3.5800000000099677      -0.35956265736426291     
   3.5900000000099674      -0.36214130870266786     
   3.6000000000099672      -0.36446305430547982     
   3.6100000000099670      -0.36652885017104575     
   3.6200000000099668      -0.36833982444685204     
   3.6300000000099666      -0.36989727507060827     
   3.6400000000099664      -0.37120266731354401     
   3.6500000000099662      -0.37225763122793021     
   3.6600000000099659      -0.37306395900088080     
   3.6700000000099657      -0.37362360221652896     
   3.6800000000099655      -0.37393866902871881     
   3.6900000000099653      -0.37401142124639497     
   3.7000000000099651      -0.37384427133392095     
   3.7100000000099649      -0.37343977932860134     
   3.7200000000099647      -0.37280064967773235     
   3.7300000000099645      -0.37192972799755142     
   3.7400000000099642      -0.37082999775650649     
   3.7500000000099640      -0.36950457688531280     
   3.7600000000099638      -0.36795671431631216     
   3.7700000000099636      -0.36618978645470113     
   3.7800000000099634      -0.36420729358423776     
   3.7900000000099632      -0.36201285621008511     
   3.8000000000099630      -0.35961021134149723     
   3.8100000000099628      -0.35700320871709368     
   3.8200000000099625      -0.35419580697551795     
   3.8300000000099623      -0.35119206977431117     
   3.8400000000099621      -0.34799616185987925     
   3.8500000000099619      -0.34461234509146504     
   3.8600000000099617      -0.34104497442207993     
   3.8700000000099615      -0.33729849383937938     
   3.8800000000099613      -0.33337743226950545     
   3.8900000000099610      -0.32928639944694682     
   3.9000000000099608      -0.32503008175349962     
   3.9100000000099606      -0.32061323802943720     
   3.9200000000099604      -0.31604069536002294     
   3.9300000000099602      -0.31131734484052481     
   3.9400000000099600      -0.30644813732290777     
   3.9500000000099598      -0.30143807914740095     
   3.9600000000099596      -0.29629222786215292     
   3.9700000000099593      -0.29101568793419885     
   3.9800000000099591      -0.28561360645497963     
   3.9900000000099589      -0.28009116884365837     
   4.0000000000099591      -0.27445359455148738     
   4.0100000000099589      -0.26870613277048616     
   4.0200000000099587      -0.26285405814968799     
   4.0300000000099585      -0.25690266652221738     
   4.0400000000099583      -0.25085727064645691     
   4.0500000000099581      -0.24472319596455555     
   4.0600000000099579      -0.23850577638152748     
   4.0700000000099577      -0.23221035006817714     
   4.0800000000099574      -0.22584225529107860     
   4.0900000000099572      -0.21940682627282143     
   4.1000000000099570      -0.21290938908571957     
   4.1100000000099568      -0.20635525758216236     
   4.1200000000099566      -0.19974972936476518     
   4.1300000000099564      -0.19309808179945387     
   4.1400000000099562      -0.18640556807459358     
   4.1500000000099559      -0.17967741330924042     
   4.1600000000099557      -0.17291881071356929     
   4.1700000000099555      -0.16613491780449163     
   4.1800000000099553      -0.15933085267944633     
   4.1900000000099551      -0.15251169035130441     
   4.2000000000099549      -0.14568245914728800     
   4.2100000000099547      -0.13884813717475813     
   4.2200000000099545      -0.13201364885668024     
   4.2300000000099542      -0.12518386153952196     
   4.2400000000099540      -0.11836358217628661     
   4.2500000000099538      -0.11155755408732493     
   4.2600000000099536      -0.10477045380150965     
   4.2700000000099534       -9.8006887980289933E-002
   4.2800000000099532       -9.1271390427075036E-002
   4.2900000000099530       -8.4568419184325158E-002
   4.3000000000099527       -7.7902353720650200E-002
   4.3100000000099525       -7.1277492210136739E-002
   4.3200000000099523       -6.4698048906041028E-002
   4.3300000000099521       -5.8168151610896092E-002
   4.3400000000099519       -5.1691839244989414E-002
   4.3500000000099517       -4.5273059515070983E-002
   4.3600000000099515       -3.8915666685051600E-002
   4.3700000000099513       -3.2623419450345408E-002
   4.3800000000099510       -2.6399978917403359E-002
   4.3900000000099508       -2.0248906689870179E-002
   4.4000000000099506       -1.4173663062680163E-002
   4.4100000000099504       -8.1776053252887795E-003
   4.4200000000099502       -2.2639861751081805E-003
   4.4300000000099500        3.5640477579094512E-003
   4.4400000000099498        9.3034572747324393E-003
   4.4500000000099496        1.4951311858077854E-002
   4.4600000000099493        2.0504790810073378E-002
   4.4700000000099491        2.5961184276357054E-002
   4.4800000000099489        3.1317894156365961E-002
   4.4900000000099487        3.6572434899710293E-002
   4.5000000000099485        4.1722434188678832E-002
   4.5100000000099483        4.6765633507072343E-002
   4.5200000000099481        5.1699888595714373E-002
   4.5300000000099478        5.6523169795141506E-002
   4.5400000000099476        6.1233562276130311E-002
   4.5500000000099474        6.5829266158872607E-002
   4.5600000000099472        7.0308596521764327E-002
   4.5700000000099470        7.4669983300929721E-002
   4.5800000000099468        7.8911971081752921E-002
   4.5900000000099466        8.3033218783843010E-002
   4.6000000000099464        8.7032499241008157E-002
   4.6100000000099461        9.0908698677960920E-002
   4.6200000000099459        9.4660816085623475E-002
   4.6300000000099457        9.8287962497041498E-002
   4.6400000000099455       0.10178936016605446     
   4.6500000000099453       0.10516434165100241     
   4.6600000000099451       0.10841234880587874     
   4.6700000000099449       0.11153293168146267     
   4.6800000000099446       0.11452574733908000     
   4.6900000000099444       0.11739055857975773     
   4.7000000000099442       0.12012723259163639     
   4.7100000000099440       0.12273573951860817     
   4.7200000000099438       0.12521615095323643     
   4.7300000000099436       0.12756863835709442     
   4.7400000000099434       0.12979347141173889     
   4.7500000000099432       0.13189101630359765     
   4.7600000000099429       0.13386173394610870     
   4.7700000000099427       0.13570617814249841     
   4.7800000000099425       0.13742499369262284     
   4.7900000000099423       0.13901891444732950     
   4.8000000000099421       0.14048876131381441     
   4.8100000000099419       0.14183544021546204     
   4.8200000000099417       0.14305994000965572     
   4.8300000000099415       0.14416333036703721     
   4.8400000000099412       0.14514675961567705     
   4.8500000000099410       0.14601145255358719     
   4.8600000000099408       0.14675870823297071     
   4.8700000000099406       0.14738989771955679     
   4.8800000000099404       0.14790646183031181     
   4.8900000000099402       0.14830990885275130     
   4.9000000000099400       0.14860181224900693     
   4.9100000000099397       0.14878380834771512     
   4.9200000000099395       0.14885759402670823     
   4.9300000000099393       0.14882492438938733     
   4.9400000000099391       0.14868761043755466     
   4.9500000000099389       0.14844751674336704     
   4.9600000000099387       0.14810655912295731     
   4.9700000000099385       0.14766670231414691     
   4.9800000000099383       0.14712995766054213     
   4.9900000000099380       0.14649838080417582     
