   9.9999999999999994E-012 -0.11216671974126798     
   1.0000000010000001E-002 -0.11209078914669027     
   2.0000000010000001E-002 -0.11185038537508749     
   3.0000000010000000E-002 -0.11144614427857648     
   4.0000000010000002E-002 -0.11087911407874038     
   5.0000000010000004E-002 -0.11015073391677652     
   6.0000000010000006E-002 -0.10926280622028955     
   7.0000000010000007E-002 -0.10821746418960190     
   8.0000000010000002E-002 -0.10701713616457079     
   9.0000000009999997E-002 -0.10566450859098844     
  0.10000000000999999      -0.10416248912881057     
  0.11000000000999999      -0.10251417117686042     
  0.12000000000999998      -0.10072280077728135     
  0.13000000000999998       -9.8791746548712173E-002
  0.14000000000999999       -9.6724473009987030E-002
  0.15000000001000000       -9.4524517415147127E-002
  0.16000000001000000       -9.2195470033280824E-002
  0.17000000001000001       -8.9740957673026284E-002
  0.18000000001000002       -8.7164630165901383E-002
  0.19000000001000003       -8.4470149476611814E-002
  0.20000000001000004       -8.1661181092985854E-002
  0.21000000001000005       -7.8741387354573297E-002
  0.22000000001000006       -7.5714422399803194E-002
  0.23000000001000007       -7.2583928440968101E-002
  0.24000000001000008       -6.9353533109742113E-002
  0.25000000001000006       -6.6026847650266757E-002
  0.26000000001000007       -6.2607465769973475E-002
  0.27000000001000007       -5.9098962988968648E-002
  0.28000000001000008       -5.5504896356340344E-002
  0.29000000001000009       -5.1828804425894340E-002
  0.30000000001000010       -4.8074207404632835E-002
  0.31000000001000011       -4.4244607404946554E-002
  0.32000000001000012       -4.0343488746292094E-002
  0.33000000001000013       -3.6374318264405014E-002
  0.34000000001000014       -3.2340545596186099E-002
  0.35000000001000015       -2.8245603416615514E-002
  0.36000000001000015       -2.4092907610691786E-002
  0.37000000001000016       -1.9885857368716869E-002
  0.38000000001000017       -1.5627835197481704E-002
  0.39000000001000018       -1.1322206843247098E-002
  0.40000000001000019       -6.9723211250191236E-003
  0.41000000001000020       -2.5815096786325487E-003
  0.42000000001000021        1.8469133863131537E-003
  0.43000000001000022        6.3096519134729634E-003
  0.44000000001000023        1.0803428206701396E-002
  0.45000000001000023        1.5324983612300447E-002
  0.46000000001000024        1.9871079171549150E-002
  0.47000000001000025        2.4438496338249058E-002
  0.48000000001000026        2.9024037755891241E-002
  0.49000000001000027        3.3624528089019071E-002
  0.50000000001000022        3.8236814903396976E-002
  0.51000000001000023        4.2857769589687317E-002
  0.52000000001000024        4.7484288325468749E-002
  0.53000000001000025        5.2113293070591177E-002
  0.54000000001000026        5.6741732591044092E-002
  0.55000000001000027        6.1366583506712216E-002
  0.56000000001000028        6.5984851358597579E-002
  0.57000000001000029        7.0593571691299456E-002
  0.58000000001000029        7.5189811146753674E-002
  0.59000000001000030        7.9770668565449163E-002
  0.60000000001000031        8.4333276091546075E-002
  0.61000000001000032        8.8874800278529661E-002
  0.62000000001000033        9.3392443192234512E-002
  0.63000000001000034        9.7883443508270995E-002
  0.64000000001000035       0.10234507760107799     
  0.65000000001000036       0.10677466062200990     
  0.66000000001000036       0.11116954756404597     
  0.67000000001000037       0.11552713431088142     
  0.68000000001000038       0.11984485866832732     
  0.69000000001000039       0.12412020137610440     
  0.70000000001000040       0.12835068709827088     
  0.71000000001000041       0.13253388539067057     
  0.72000000001000042       0.13666741164392926     
  0.73000000001000043       0.14074892800066088     
  0.74000000001000044       0.14477614424567650     
  0.75000000001000044       0.14874681866811013     
  0.76000000001000045       0.15265875889449415     
  0.77000000001000046       0.15650982269192854     
  0.78000000001000047       0.16029791874059557     
  0.79000000001000048       0.16402100737497152     
  0.80000000001000049       0.16767710129318475     
  0.81000000001000050       0.17126426623405838     
  0.82000000001000051       0.17478062162146479     
  0.83000000001000052       0.17822434117569647     
  0.84000000001000052       0.18159365349163842     
  0.85000000001000053       0.18488684258359478     
  0.86000000001000054       0.18810224839669371     
  0.87000000001000055       0.19123826728485396     
  0.88000000001000056       0.19429335245535762     
  0.89000000001000057       0.19726601438012620     
  0.90000000001000058       0.20015482117384775     
  0.91000000001000059       0.20295839893915016     
  0.92000000001000060       0.20567543207905525     
  0.93000000001000060       0.20830466357699112     
  0.94000000001000061       0.21084489524466982     
  0.95000000001000062       0.21329498793817522     
  0.96000000001000063       0.21565386174262768     
  0.97000000001000064       0.21792049612582065     
  0.98000000001000065       0.22009393006124434     
  0.99000000001000066       0.22217326212093008     
   1.0000000000100007       0.22415765053856629     
   1.0100000000100007       0.22604631324334754     
   1.0200000000100007       0.22783852786503123     
   1.0300000000100007       0.22953363171067820     
   1.0400000000100007       0.23113102171356428     
   1.0500000000100007       0.23263015435475135     
   1.0600000000100007       0.23403054555780678     
   1.0700000000100007       0.23533177055715779     
   1.0800000000100007       0.23653346374056539     
   1.0900000000100007       0.23763531846619779     
   1.1000000000100008       0.23863708685477544     
   1.1100000000100008       0.23953857955725255     
   1.1200000000100008       0.24033966549849101     
   1.1300000000100008       0.24104027159737093     
   1.1400000000100008       0.24164038246377051     
   1.1500000000100008       0.24214004007283596     
   1.1600000000100008       0.24253934341694761     
   1.1700000000100008       0.24283844813577440     
   1.1800000000100008       0.24303756612479416     
   1.1900000000100008       0.24313696512264063     
   1.2000000000100008       0.24313696827762379     
   1.2100000000100009       0.24303795369375242     
   1.2200000000100009       0.24284035395657189     
   1.2300000000100009       0.24254465563911440     
   1.2400000000100009       0.24215139878824138     
   1.2500000000100009       0.24166117639164172     
   1.2600000000100009       0.24107463382573474     
   1.2700000000100009       0.24039246828470770     
   1.2800000000100009       0.23961542819090750     
   1.2900000000100009       0.23874431258678455     
   1.3000000000100009       0.23777997050857977     
   1.3100000000100009       0.23672330034192524     
   1.3200000000100010       0.23557524915952080     
   1.3300000000100010       0.23433681204103421     
   1.3400000000100010       0.23300903137536161     
   1.3500000000100010       0.23159299614537524     
   1.3600000000100010       0.23008984119527445     
   1.3700000000100010       0.22850074648064808     
   1.3800000000100010       0.22682693630134984     
   1.3900000000100010       0.22506967851727994     
   1.4000000000100010       0.22323028374716253     
   1.4100000000100010       0.22131010455040304     
   1.4200000000100010       0.21931053459210847     
   1.4300000000100010       0.21723300779134957     
   1.4400000000100011       0.21507899745274534     
   1.4500000000100011       0.21285001538145029     
   1.4600000000100011       0.21054761098162703     
   1.4700000000100011       0.20817337033848959     
   1.4800000000100011       0.20572891528400927     
   1.4900000000100011       0.20321590244637816     
   1.5000000000100011       0.20063602228333516     
   1.5100000000100011       0.19799099809946608     
   1.5200000000100011       0.19528258504760046     
   1.5300000000100011       0.19251256911443737     
   1.5400000000100011       0.18968276609054663     
   1.5500000000100012       0.18679502052490299     
   1.5600000000100012       0.18385120466412785     
   1.5700000000100012       0.18085321737662746     
   1.5800000000100012       0.17780298306183331     
   1.5900000000100012       0.17470245054477013     
   1.6000000000100012       0.17155359195619341     
   1.6100000000100012       0.16835840159856191     
   1.6200000000100012       0.16511889479812697     
   1.6300000000100012       0.16183710674344787     
   1.6400000000100012       0.15851509131066016     
   1.6500000000100012       0.15515491987585128     
   1.6600000000100013       0.15175868011491969     
   1.6700000000100013       0.14832847479132016     
   1.6800000000100013       0.14486642053212262     
   1.6900000000100013       0.14137464659283822     
   1.7000000000100013       0.13785529361149404     
   1.7100000000100013       0.13431051235246244     
   1.7200000000100013       0.13074246244058105     
   1.7300000000100013       0.12715331108612504     
   1.7400000000100013       0.12354523180122284     
   1.7500000000100013       0.11992040310833135     
   1.7600000000100013       0.11628100724141896     
   1.7700000000100014       0.11262922884052820     
   1.7800000000100014       0.10896725364042015     
   1.7900000000100014       0.10529726715402951     
   1.8000000000100014       0.10162145335148517     
   1.8100000000100014        9.7941993335480509E-002
   1.8200000000100014        9.4261064013801160E-002
   1.8300000000100014        9.0580836769844075E-002
   1.8400000000100014        8.6903476131989676E-002
   1.8500000000100014        8.3231138442708436E-002
   1.8600000000100014        7.9565970528310936E-002
   1.8700000000100014        7.5910108370270013E-002
   1.8800000000100014        7.2265675779067756E-002
   1.8900000000100015        6.8634783071537891E-002
   1.9000000000100015        6.5019525752696677E-002
   1.9100000000100015        6.1421983203070879E-002
   1.9200000000100015        5.7844217372549966E-002
   1.9300000000100015        5.4288271481804415E-002
   1.9400000000100015        5.0756168732327439E-002
   1.9500000000100015        4.7249911026168101E-002
   1.9600000000100015        4.3771477696437883E-002
   1.9700000000100015        4.0322824249678493E-002
   1.9800000000100015        3.6905881121191267E-002
   1.9900000000100015        3.3522552444429796E-002
   2.0000000000100013        3.0174714835566885E-002
   2.0100000000100011        2.6864216194344842E-002
   2.0200000000100009        2.3592874522322782E-002
   2.0300000000100007        2.0362476759631098E-002
   2.0400000000100005        1.7174777641342273E-002
   2.0500000000100003        1.4031498574560042E-002
   2.0600000000100001        1.0934326537324512E-002
   2.0700000000099998        7.8849130004205320E-003
   2.0800000000099996        4.8848728731663293E-003
   2.0900000000099994        1.9357834742466939E-003
   2.1000000000099992       -9.6081647135959347E-004
   2.1100000000099990       -3.8034278083250994E-003
   2.1200000000099988       -6.5905918987781698E-003
   2.1300000000099986       -9.3208915409718623E-003
   2.1400000000099983       -1.1992951857847267E-002
   2.1500000000099981       -1.4605441154543750E-002
   2.1600000000099979       -1.7157071743936547E-002
   2.1700000000099977       -1.9646600739308906E-002
   2.1800000000099975       -2.2072830813297056E-002
   2.1900000000099973       -2.4434610922277611E-002
   2.2000000000099971       -2.6730836995400367E-002
   2.2100000000099969       -2.8960452587504210E-002
   2.2200000000099966       -3.1122449495192078E-002
   2.2300000000099964       -3.3215868335377166E-002
   2.2400000000099962       -3.5239799085653098E-002
   2.2500000000099960       -3.7193381585882854E-002
   2.2600000000099958       -3.9075806000441832E-002
   2.2700000000099956       -4.0886313240595204E-002
   2.2800000000099954       -4.2624195346534707E-002
   2.2900000000099952       -4.4288795828644159E-002
   2.3000000000099949       -4.5879509967612711E-002
   2.3100000000099947       -4.7395785073058763E-002
   2.3200000000099945       -4.8837120700380307E-002
   2.3300000000099943       -5.0203068825591640E-002
   2.3400000000099941       -5.1493233977961100E-002
   2.3500000000099939       -5.2707273330310653E-002
   2.3600000000099937       -5.3844896746890705E-002
   2.3700000000099934       -5.4905866788794597E-002
   2.3800000000099932       -5.5889998676926705E-002
   2.3900000000099930       -5.6797160212590653E-002
   2.4000000000099928       -5.7627271655814064E-002
   2.4100000000099926       -5.8380305561578361E-002
   2.4200000000099924       -5.9056286574170516E-002
   2.4300000000099922       -5.9655291179927003E-002
   2.4400000000099920       -6.0177447418687122E-002
   2.4500000000099917       -6.0622934554323590E-002
   2.4600000000099915       -6.0991982704766759E-002
   2.4700000000099913       -6.1284872431985479E-002
   2.4800000000099911       -6.1501934292436722E-002
   2.4900000000099909       -6.1643548348539204E-002
   2.5000000000099907       -6.1710143641773768E-002
   2.5100000000099905       -6.1702197628055525E-002
   2.5200000000099902       -6.1620235576065968E-002
   2.5300000000099900       -6.1464829929273976E-002
   2.5400000000099898       -6.1236599632415734E-002
   2.5500000000099896       -6.0936209423240947E-002
   2.5600000000099894       -6.0564369090369802E-002
   2.5700000000099892       -6.0121832698141559E-002
   2.5800000000099890       -5.9609397779368481E-002
   2.5900000000099888       -5.9027904496941494E-002
   2.6000000000099885       -5.8378234775263479E-002
   2.6100000000099883       -5.7661311402516763E-002
   2.6200000000099881       -5.6878097104795897E-002
   2.6300000000099879       -5.6029593593163257E-002
   2.6400000000099877       -5.5116840584707630E-002
   2.6500000000099875       -5.4140914798707959E-002
   2.6600000000099873       -5.3102928929022589E-002
   2.6700000000099871       -5.2004030593842704E-002
   2.6800000000099868       -5.0845401263964765E-002
   2.6900000000099866       -4.9628255170748023E-002
   2.7000000000099864       -4.8353838194938631E-002
   2.7100000000099862       -4.7023426737547724E-002
   2.7200000000099860       -4.5638326573982146E-002
   2.7300000000099858       -4.4199871692630399E-002
   2.7400000000099856       -4.2709423119111495E-002
   2.7500000000099853       -4.1168367727396779E-002
   2.7600000000099851       -3.9578117039015495E-002
   2.7700000000099849       -3.7940106011553079E-002
   2.7800000000099847       -3.6255791817649291E-002
   2.7900000000099845       -3.4526652615698372E-002
   2.8000000000099843       -3.2754186313446704E-002
   2.8100000000099841       -3.0939909325677084E-002
   2.8200000000099839       -2.9085355327158530E-002
   2.8300000000099836       -2.7192074002029526E-002
   2.8400000000099834       -2.5261629790772344E-002
   2.8500000000099832       -2.3295600635920261E-002
   2.8600000000099830       -2.1295576727627039E-002
   2.8700000000099828       -1.9263159250210521E-002
   2.8800000000099826       -1.7199959130765927E-002
   2.8900000000099824       -1.5107595790926825E-002
   2.9000000000099821       -1.2987695902830429E-002
   2.9100000000099819       -1.0841892150326632E-002
   2.9200000000099817       -8.6718219964480592E-003
   2.9300000000099815       -6.4791264581347680E-003
   2.9400000000099813       -4.2654488891882003E-003
   2.9500000000099811       -2.0324337724028640E-003
   2.9600000000099809        2.1827447819820767E-004
   2.9700000000099807        2.4850327041228276E-003
   2.9800000000099804        4.7662001772876550E-003
   2.9900000000099802        7.0601397621636308E-003
   3.0000000000099800        9.3652190643624539E-003
   3.0100000000099798        1.1679811564866485E-002
   3.0200000000099796        1.4002297739126479E-002
   3.0300000000099794        1.6331066160281904E-002
   3.0400000000099792        1.8664514585782471E-002
   3.0500000000099790        2.1001051026717191E-002
   3.0600000000099787        2.3339094799184501E-002
   3.0700000000099785        2.5677077557061945E-002
   3.0800000000099783        2.8013444305562143E-002
   3.0900000000099781        3.0346654394987724E-002
   3.1000000000099779        3.2675182494123683E-002
   3.1100000000099777        3.4997519542733141E-002
   3.1200000000099775        3.7312173682647193E-002
   3.1300000000099772        3.9617671166966045E-002
   3.1400000000099770        4.1912557246914464E-002
   3.1500000000099768        4.4195397035918862E-002
   3.1600000000099766        4.6464776350499684E-002
   3.1700000000099764        4.8719302527595709E-002
   3.1800000000099762        5.0957605217963414E-002
   3.1900000000099760        5.3178337155316460E-002
   3.2000000000099758        5.5380174900895529E-002
   3.2100000000099755        5.7561819563180822E-002
   3.2200000000099753        5.9721997492483594E-002
   3.2300000000099751        6.1859460950175638E-002
   3.2400000000099749        6.3972988752335508E-002
   3.2500000000099747        6.6061386887616355E-002
   3.2600000000099745        6.8123489109156873E-002
   3.2700000000099743        7.0158157500381901E-002
   3.2800000000099740        7.2164283014557684E-002
   3.2900000000099738        7.4140785987987151E-002
   3.3000000000099736        7.6086616626752063E-002
   3.3100000000099734        7.8000755466926391E-002
   3.3200000000099732        7.9882213808206814E-002
   3.3300000000099730        8.1730034120922140E-002
   3.3400000000099728        8.3543290426406333E-002
   3.3500000000099726        8.5321088650733110E-002
   3.3600000000099723        8.7062566951832107E-002
   3.3700000000099721        8.8766896020021746E-002
   3.3800000000099719        9.0433279352013521E-002
   3.3900000000099717        9.2060953498456277E-002
   3.4000000000099715        9.3649188285109333E-002
   3.4100000000099713        9.5197287007747808E-002
   3.4200000000099711        9.6704586600919851E-002
   3.4300000000099709        9.8170457780692902E-002
   3.4400000000099706        9.9594305161539415E-002
   3.4500000000099704       0.10097556734753102     
   3.4600000000099702       0.10231371699802305     
   3.4700000000099700       0.10360826086802741     
   3.4800000000099698       0.10485873982348666     
   3.4900000000099696       0.10606472883167700     
   3.5000000000099694       0.10722583692698093     
   3.5100000000099691       0.10834170715228696     
   3.5200000000099689       0.10941201647628569     
   3.5300000000099687       0.11043647568694602     
   3.5400000000099685       0.11141482926146871     
   3.5500000000099683       0.11234685521302915     
   3.5600000000099681       0.11323236491463159     
   3.5700000000099679       0.11407120290041269     
   3.5800000000099677       0.11486324664474357     
   3.5900000000099674       0.11560840631949194     
   3.6000000000099672       0.11630662452981848     
   3.6100000000099670       0.11695787602889375     
   3.6200000000099668       0.11756216741193275     
   3.6300000000099666       0.11811953678995665     
   3.6400000000099664       0.11863005344370149     
   3.6500000000099662       0.11909381745810539     
   3.6600000000099659       0.11951095933781565     
   3.6700000000099657       0.11988163960416739     
   3.6800000000099655       0.12020604837409636     
   3.6900000000099653       0.12048440492145648     
   3.7000000000099651       0.12071695722122391     
   3.7100000000099649       0.12090398147707673     
   3.7200000000099647       0.12104578163284904     
   3.7300000000099645       0.12114268886836596     
   3.7400000000099642       0.12119506108017471     
   3.7500000000099640       0.12120328234769298     
   3.7600000000099638       0.12116776238530505     
   3.7700000000099636       0.12108893598094050     
   3.7800000000099634       0.12096726242167896     
   3.7900000000099632       0.12080322490692891     
   3.8000000000099630       0.12059732994973417     
   3.8100000000099628       0.12035010676676750     
   3.8200000000099625       0.12006210665757483     
   3.8300000000099623       0.11973390237363803     
   3.8400000000099621       0.11936608747782834     
   3.8500000000099619       0.11895927569482533     
   3.8600000000099617       0.11851410025307939     
   3.8700000000099615       0.11803121321889878     
   3.8800000000099613       0.11751128482324344     
   3.8900000000099610       0.11695500278181015     
   3.9000000000099608       0.11636307160899365     
   3.9100000000099606       0.11573621192631110     
   3.9200000000099604       0.11507515976587415     
   3.9300000000099602       0.11438066586949647     
   3.9400000000099600       0.11365349498402087     
   3.9500000000099598       0.11289442515345050     
   3.9600000000099596       0.11210424700846661     
   3.9700000000099593       0.11128376305391297     
   3.9800000000099591       0.11043378695482602     
   3.9900000000099589       0.10955514282158399     
   4.0000000000099591       0.10864866449474847     
   4.0100000000099589       0.10771519483016412     
   4.0200000000099587       0.10675558498488241     
   4.0300000000099585       0.10577069370446555     
   4.0400000000099583       0.10476138661222664     
   4.0500000000099581       0.10372853550095210     
   4.0600000000099579       0.10267301762764977     
   4.0700000000099577       0.10159571501185762     
   4.0800000000099574       0.10049751373804229     
   4.0900000000099572        9.9379303262608965E-002
   4.1000000000099570        9.8241975726035838E-002
   4.1100000000099568        9.7086425270640861E-002
   4.1200000000099566        9.5913547364475812E-002
   4.1300000000099564        9.4724238131839222E-002
   4.1400000000099562        9.3519393690884758E-002
   4.1500000000099559        9.2299909498797697E-002
   4.1600000000099557        9.1066679704997544E-002
   4.1700000000099555        8.9820596512817222E-002
   4.1800000000099553        8.8562549550098485E-002
   4.1900000000099551        8.7293425249130363E-002
   4.2000000000099549        8.6014106236348573E-002
   4.2100000000099547        8.4725470732199826E-002
   4.2200000000099545        8.3428391961564943E-002
   4.2300000000099542        8.2123737575120703E-002
   4.2400000000099540        8.0812369082008950E-002
   4.2500000000099538        7.9495141294167751E-002
   4.2600000000099536        7.8172901782666337E-002
   4.2700000000099534        7.6846490346372115E-002
   4.2800000000099532        7.5516738493264360E-002
   4.2900000000099530        7.4184468934694783E-002
   4.3000000000099527        7.2850495092881010E-002
   4.3100000000099525        7.1515620621904225E-002
   4.3200000000099523        7.0180638942468176E-002
   4.3300000000099521        6.8846332790660561E-002
   4.3400000000099519        6.7513473780943620E-002
   4.3500000000099517        6.6182821983584661E-002
   4.3600000000099515        6.4855125516722290E-002
   4.3700000000099513        6.3531120153247481E-002
   4.3800000000099510        6.2211528942664573E-002
   4.3900000000099508        6.0897061848077860E-002
   4.4000000000099506        5.9588415398438455E-002
   4.4100000000099504        5.8286272356163973E-002
   4.4200000000099502        5.6991301400233910E-002
   4.4300000000099500        5.5704156824839937E-002
   4.4400000000099498        5.4425478253661536E-002
   4.4500000000099496        5.3155890369815662E-002
   4.4600000000099493        5.1896002661515242E-002
   4.4700000000099491        5.0646409183454727E-002
   4.4800000000099489        4.9407688333925379E-002
   4.4900000000099487        4.8180402647645143E-002
   4.5000000000099485        4.6965098604274974E-002
   4.5100000000099483        4.5762306452574716E-002
   4.5200000000099481        4.4572540050138262E-002
   4.5300000000099478        4.3396296718631960E-002
   4.5400000000099476        4.2234057114443793E-002
   4.5500000000099474        4.1086285114638049E-002
   4.5600000000099472        3.9953427718094570E-002
   4.5700000000099470        3.8835914961696832E-002
   4.5800000000099468        3.7734159851420729E-002
   4.5900000000099466        3.6648558308160689E-002
   4.6000000000099464        3.5579489128118924E-002
   4.6100000000099461        3.4527313957567418E-002
   4.6200000000099459        3.3492377281783808E-002
   4.6300000000099457        3.2475006427947276E-002
   4.6400000000099455        3.1475511581771629E-002
   4.6500000000099453        3.0494185817639533E-002
   4.6600000000099451        2.9531305141994035E-002
   4.6700000000099449        2.8587128549731528E-002
   4.6800000000099446        2.7661898093332235E-002
   4.6900000000099444        2.6755838964455256E-002
   4.7000000000099442        2.5869159587717100E-002
   4.7100000000099440        2.5002051726365757E-002
   4.7200000000099438        2.4154690599553386E-002
   4.7300000000099436        2.3327235010907832E-002
   4.7400000000099434        2.2519827488093794E-002
   4.7500000000099432        2.1732594433052310E-002
   4.7600000000099429        2.0965646282601239E-002
   4.7700000000099427        2.0219077679076200E-002
   4.7800000000099425        1.9492967650687518E-002
   4.7900000000099423        1.8787379801268045E-002
   4.8000000000099421        1.8102362509082051E-002
   4.8100000000099419        1.7437949134366512E-002
   4.8200000000099417        1.6794158235273984E-002
   4.8300000000099415        1.6170993791886773E-002
   4.8400000000099412        1.5568445437971784E-002
   4.8500000000099410        1.4986488700147460E-002
   4.8600000000099408        1.4425085244134980E-002
   4.8700000000099406        1.3884183127767985E-002
   4.8800000000099404        1.3363717060437721E-002
   4.8900000000099402        1.2863608668653742E-002
   4.9000000000099400        1.2383766767403215E-002
   4.9100000000099397        1.1924087636995970E-002
   4.9200000000099395        1.1484455305086724E-002
   4.9300000000099393        1.1064741833570660E-002
   4.9400000000099391        1.0664807610052174E-002
   4.9500000000099389        1.0284501643593971E-002
   4.9600000000099387        9.9236618644572977E-003
   4.9700000000099385        9.5821154275498865E-003
   4.9800000000099383        9.2596790193055084E-003
   4.9900000000099380        8.9561591677226882E-003
