   9.9999999999999994E-012 -0.11216671974126798     
   1.0000000010000001E-002 -0.11210360193085536     
   2.0000000010000001E-002 -0.11191430257613214     
   3.0000000010000000E-002 -0.11159898365447039     
   4.0000000010000002E-002 -0.11115791431084464     
   5.0000000010000004E-002 -0.11059146968239901     
   6.0000000010000006E-002 -0.10990012934710440     
   7.0000000010000007E-002 -0.10908447547633407     
   8.0000000010000002E-002 -0.10814519077660846     
   9.0000000009999997E-002 -0.10708305630283456     
  0.10000000000999999      -0.10589894921582553     
  0.11000000000999999      -0.10459384054307574     
  0.12000000000999998      -0.10316879298610403     
  0.13000000000999998      -0.10162495880220272     
  0.14000000000999999       -9.9963577774614967E-002
  0.15000000001000000       -9.8185975273872045E-002
  0.16000000001000000       -9.6293560404533823E-002
  0.17000000001000001       -9.4287824225813097E-002
  0.18000000001000002       -9.2170338031160995E-002
  0.19000000001000003       -8.9942751670388399E-002
  0.20000000001000004       -8.7606791897815409E-002
  0.21000000001000005       -8.5164260730831817E-002
  0.22000000001000006       -8.2617033804755602E-002
  0.23000000001000007       -7.9967058711701122E-002
  0.24000000001000008       -7.7216353313117631E-002
  0.25000000001000006       -7.4367004017576580E-002
  0.26000000001000007       -7.1421164017199071E-002
  0.27000000001000007       -6.8381051477759247E-002
  0.28000000001000008       -6.5248947678962277E-002
  0.29000000001000009       -6.2027195102670143E-002
  0.30000000001000010       -5.8718195467941145E-002
  0.31000000001000011       -5.5324407712676230E-002
  0.32000000001000012       -5.1848345922444486E-002
  0.33000000001000013       -4.8292577207707521E-002
  0.34000000001000014       -4.4659719531197753E-002
  0.35000000001000015       -4.0952439487643308E-002
  0.36000000001000015       -3.7173450038390746E-002
  0.37000000001000016       -3.3325508203760540E-002
  0.38000000001000017       -2.9411412716201998E-002
  0.39000000001000018       -2.5434001637490142E-002
  0.40000000001000019       -2.1396149943347459E-002
  0.41000000001000020       -1.7300767078973392E-002
  0.42000000001000021       -1.3150794489037693E-002
  0.43000000001000022       -8.9492031257416838E-003
  0.44000000001000023       -4.6989909385743989E-003
  0.45000000001000023       -4.0318034939922087E-004
  0.46000000001000024        3.9351842835045059E-003
  0.47000000001000025        8.3130392088447691E-003
  0.48000000001000026        1.2727303829600606E-002
  0.49000000001000027        1.7174883250670833E-002
  0.50000000001000022        2.1652670823429518E-002
  0.51000000001000023        2.6157550683795841E-002
  0.52000000001000024        3.0686400280501708E-002
  0.53000000001000025        3.5236092890321008E-002
  0.54000000001000026        3.9803500117112367E-002
  0.55000000001000027        4.4385494371621675E-002
  0.56000000001000028        4.8978951329088347E-002
  0.57000000001000029        5.3580752361803874E-002
  0.58000000001000029        5.8187786943878259E-002
  0.59000000001000030        6.2796955025580040E-002
  0.60000000001000031        6.7405169374732427E-002
  0.61000000001000032        7.2009357882762318E-002
  0.62000000001000033        7.6606465833120585E-002
  0.63000000001000034        8.1193458129910384E-002
  0.64000000001000035        8.5767321484687103E-002
  0.65000000001000036        9.0325066559512113E-002
  0.66000000001000036        9.4863730064471213E-002
  0.67000000001000037        9.9380376807991153E-002
  0.68000000001000038       0.10387210169841193     
  0.69000000001000039       0.10833603169539938     
  0.70000000001000040       0.11276932770990244     
  0.71000000001000041       0.11716918645148587     
  0.72000000001000042       0.12153284222198703     
  0.73000000001000043       0.12585756865456751     
  0.74000000001000044       0.13014068039734639     
  0.75000000001000044       0.13437953474091832     
  0.76000000001000045       0.13857153318917159     
  0.77000000001000046       0.14271412297293340     
  0.78000000001000047       0.14680479850607536     
  0.79000000001000048       0.15084110278381682     
  0.80000000001000049       0.15482062872306646     
  0.81000000001000050       0.15874102044473720     
  0.82000000001000051       0.16259997449806635     
  0.83000000001000052       0.16639524102706121     
  0.84000000001000052       0.17012462487927732     
  0.85000000001000053       0.17378598665721912     
  0.86000000001000054       0.17737724371273025     
  0.87000000001000055       0.18089637108481640     
  0.88000000001000056       0.18434140238141014     
  0.89000000001000057       0.18771043060565734     
  0.90000000001000058       0.19100160892736190     
  0.91000000001000059       0.19421315140028469     
  0.92000000001000060       0.19734333362604423     
  0.93000000001000060       0.20039049336541603     
  0.94000000001000061       0.20335303109786979     
  0.95000000001000062       0.20622941053022523     
  0.96000000001000063       0.20901815905534105     
  0.97000000001000064       0.21171786816178523     
  0.98000000001000065       0.21432719379545934     
  0.99000000001000066       0.21684485667417555     
   1.0000000000100007       0.21926964255620307     
   1.0100000000100007       0.22160040246381635     
   1.0200000000100007       0.22383605286289052     
   1.0300000000100007       0.22597557579959621     
   1.0400000000100007       0.22801801899525351     
   1.0500000000100007       0.22996249590040310     
   1.0600000000100007       0.23180818570915479     
   1.0700000000100007       0.23355433333486622     
   1.0800000000100007       0.23520024934819894     
   1.0900000000100007       0.23674530987858886     
   1.1000000000100008       0.23818895648015420     
   1.1100000000100008       0.23953069596305060     
   1.1200000000100008       0.24077010019126477     
   1.1300000000100008       0.24190680584781937     
   1.1400000000100008       0.24294051416833923     
   1.1500000000100008       0.24387099064390827     
   1.1600000000100008       0.24469806469411914     
   1.1700000000100008       0.24542162931119341     
   1.1800000000100008       0.24604164067602197     
   1.1900000000100008       0.24655811774694691     
   1.2000000000100008       0.24697114182207702     
   1.2100000000100009       0.24728085607589789     
   1.2200000000100009       0.24748746507090785     
   1.2300000000100009       0.24759123424497864     
   1.2400000000100009       0.24759248937510858     
   1.2500000000100009       0.24749161601820313     
   1.2600000000100009       0.24728905892948702     
   1.2700000000100009       0.24698532145911875     
   1.2800000000100009       0.24658096492754705     
   1.2900000000100009       0.24607660798011805     
   1.3000000000100009       0.24547292592140979     
   1.3100000000100009       0.24477065002973991     
   1.3200000000100010       0.24397056685226531     
   1.3300000000100010       0.24307351748105951     
   1.3400000000100010       0.24208039681052829     
   1.3500000000100010       0.24099215277649635     
   1.3600000000100010       0.23980978557727078     
   1.3700000000100010       0.23853434687696293     
   1.3800000000100010       0.23716693899132713     
   1.3900000000100010       0.23570871405635060     
   1.4000000000100010       0.23416087317980988     
   1.4100000000100010       0.23252466557598830     
   1.4200000000100010       0.23080138768373143     
   1.4300000000100010       0.22899238226800100     
   1.4400000000100011       0.22709903750507249     
   1.4500000000100011       0.22512278605150918     
   1.4600000000100011       0.22306510409703326     
   1.4700000000100011       0.22092751040140507     
   1.4800000000100011       0.21871156531541289     
   1.4900000000100011       0.21641886978607119     
   1.5000000000100011       0.21405106434611798     
   1.5100000000100011       0.21160982808790132     
   1.5200000000100011       0.20909687762174384     
   1.5300000000100011       0.20651396601887373     
   1.5400000000100011       0.20386288173901473     
   1.5500000000100012       0.20114544754273112     
   1.5600000000100012       0.19836351938863014     
   1.5700000000100012       0.19551898531553291     
   1.5800000000100012       0.19261376430973276     
   1.5900000000100012       0.18964980515747326     
   1.6000000000100012       0.18662908528278985     
   1.6100000000100012       0.18355360957087341     
   1.6200000000100012       0.18042540917713198     
   1.6300000000100012       0.17724654032214152     
   1.6400000000100012       0.17401908307269887     
   1.6500000000100012       0.17074514010920794     
   1.6600000000100013       0.16742683547965423     
   1.6700000000100013       0.16406631334044389     
   1.6800000000100013       0.16066573668440931     
   1.6900000000100013       0.15722728605630867     
   1.7000000000100013       0.15375315825617161     
   1.7100000000100013       0.15024556503087433     
   1.7200000000100013       0.14670673175435153     
   1.7300000000100013       0.14313889609688579     
   1.7400000000100013       0.13954430668394227     
   1.7500000000100013       0.13592522174504898     
   1.7600000000100013       0.13228390775325286     
   1.7700000000100014       0.12862263805571528     
   1.7800000000100014       0.12494369149603995     
   1.7900000000100014       0.12124935102896167     
   1.8000000000100014       0.11754190232805495     
   1.8100000000100014       0.11382363238715348     
   1.8200000000100014       0.11009682811620666     
   1.8300000000100014       0.10636377493232840     
   1.8400000000100014       0.10262675534682847     
   1.8500000000100014        9.8888047549046093E-002
   1.8600000000100014        9.5149923987839086E-002
   1.8700000000100014        9.1414649951609916E-002
   1.8800000000100014        8.7684482147782905E-002
   1.8900000000100015        8.3961667282673791E-002
   1.9000000000100015        8.0248440642723406E-002
   1.9100000000100015        7.6547024678092407E-002
   1.9200000000100015        7.2859627589642234E-002
   1.9300000000100015        6.9188441920352173E-002
   1.9400000000100015        6.5535643152245568E-002
   1.9500000000100015        6.1903388309921870E-002
   1.9600000000100015        5.8293814571811028E-002
   1.9700000000100015        5.4709037890288914E-002
   1.9800000000100015        5.1151151621805308E-002
   1.9900000000100015        4.7622225168198973E-002
   2.0000000000100013        4.4124302630381793E-002
   2.0100000000100011        4.0659401475592175E-002
   2.0200000000100009        3.7229511219424430E-002
   2.0300000000100007        3.3836592123851983E-002
   2.0400000000100005        3.0482573912466671E-002
   2.0500000000100003        2.7169354504162607E-002
   2.0600000000100001        2.3898798766493881E-002
   2.0700000000099998        2.0672737289935558E-002
   2.0800000000099996        1.7492965184275330E-002
   2.0900000000099994        1.4361240898358510E-002
   2.1000000000099992        1.1279285064401623E-002
   2.1100000000099990        8.2487793680803140E-003
   2.1200000000099988        5.2713654455865122E-003
   2.1300000000099986        2.3486438088348299E-003
   2.1400000000099983       -5.1782720001912474E-004
   2.1500000000099981       -3.3265324236025212E-003
   2.1600000000099979       -6.0760008727692022E-003
   2.1700000000099977       -8.7648066773634015E-003
   2.1800000000099975       -1.1391570003230281E-002
   2.1900000000099973       -1.3954957934427900E-002
   2.2000000000099971       -1.6453685319626224E-002
   2.2100000000099969       -1.8886515581712018E-002
   2.2200000000099966       -2.1252261489652133E-002
   2.2300000000099964       -2.3549785891707753E-002
   2.2400000000099962       -2.5778002409127282E-002
   2.2500000000099960       -2.7935876089491274E-002
   2.2600000000099958       -3.0022424018922855E-002
   2.2700000000099956       -3.2036715892423226E-002
   2.2800000000099954       -3.3977874541639294E-002
   2.2900000000099952       -3.5845076419417504E-002
   2.3000000000099949       -3.7637552040549624E-002
   2.3100000000099947       -3.9354586378166287E-002
   2.3200000000099945       -4.0995519215288406E-002
   2.3300000000099943       -4.2559745451099432E-002
   2.3400000000099941       -4.4046715361557881E-002
   2.3500000000099939       -4.5455934814024768E-002
   2.3600000000099937       -4.6786965435638497E-002
   2.3700000000099934       -4.8039424735228320E-002
   2.3800000000099932       -4.9212986178614401E-002
   2.3900000000099930       -5.0307379217203296E-002
   2.4000000000099928       -5.1322389269846461E-002
   2.4100000000099926       -5.2257857657989223E-002
   2.4200000000099924       -5.3113681494199025E-002
   2.4300000000099922       -5.3889813524216762E-002
   2.4400000000099920       -5.4586261922743240E-002
   2.4500000000099917       -5.5203090043223643E-002
   2.4600000000099915       -5.5740416121957140E-002
   2.4700000000099913       -5.6198412936915881E-002
   2.4800000000099911       -5.6577307421714823E-002
   2.4900000000099909       -5.6877380235231936E-002
   2.5000000000099907       -5.7098965287433953E-002
   2.5100000000099905       -5.7242449222016850E-002
   2.5200000000099902       -5.7308270856526788E-002
   2.5300000000099900       -5.7296920580676050E-002
   2.5400000000099898       -5.7208939713623522E-002
   2.5500000000099896       -5.7044919821035683E-002
   2.5600000000099894       -5.6805501992794438E-002
   2.5700000000099892       -5.6491376082262776E-002
   2.5800000000099890       -5.6103279908064935E-002
   2.5900000000099888       -5.5641998419379654E-002
   2.6000000000099885       -5.5108362825786100E-002
   2.6100000000099883       -5.4503249692740341E-002
   2.6200000000099881       -5.3827580003796754E-002
   2.6300000000099879       -5.3082318190724120E-002
   2.6400000000099877       -5.2268471132695712E-002
   2.6500000000099875       -5.1387087125765646E-002
   2.6600000000099873       -5.0439254823868754E-002
   2.6700000000099871       -4.9426102152607149E-002
   2.6800000000099868       -4.8348795197110245E-002
   2.6900000000099866       -4.7208537065273976E-002
   2.7000000000099864       -4.6006566727703493E-002
   2.7100000000099862       -4.4744157835699419E-002
   2.7200000000099860       -4.3422617518640377E-002
   2.7300000000099858       -4.2043285162125077E-002
   2.7400000000099856       -4.0607531168246461E-002
   2.7500000000099853       -3.9116755699374686E-002
   2.7600000000099851       -3.7572387406831553E-002
   2.7700000000099849       -3.5975882145837551E-002
   2.7800000000099847       -3.4328721678114224E-002
   2.7900000000099845       -3.2632412363520255E-002
   2.8000000000099843       -3.0888483842093653E-002
   2.8100000000099841       -2.9098487707865897E-002
   2.8200000000099839       -2.7263996175805050E-002
   2.8300000000099836       -2.5386600743230403E-002
   2.8400000000099834       -2.3467910847032758E-002
   2.8500000000099832       -2.1509552518013050E-002
   2.8600000000099830       -1.9513167033641657E-002
   2.8700000000099828       -1.7480409570515595E-002
   2.8800000000099826       -1.5412947857777332E-002
   2.8900000000099824       -1.3312460832730050E-002
   2.9000000000099821       -1.1180637299868304E-002
   2.9100000000099819       -9.0191745945125551E-003
   2.9200000000099817       -6.8297772522146610E-003
   2.9300000000099815       -4.6141556850726184E-003
   2.9400000000099813       -2.3740248660649443E-003
   2.9500000000099811       -1.1110302248877602E-004
   2.9600000000099809        2.1728896604471942E-003
   2.9700000000099807        4.4762323248509900E-003
   2.9800000000099804        6.7972047132059815E-003
   2.9900000000099802        9.1340884282981594E-003
   3.0000000000099800        1.1485168179085042E-002
   3.0100000000099798        1.3848733011608605E-002
   3.0200000000099796        1.6223077524089580E-002
   3.0300000000099794        1.8606503065370941E-002
   3.0400000000099792        2.0997318915913513E-002
   3.0500000000099790        2.3393843450577989E-002
   3.0600000000099787        2.5794405282460450E-002
   3.0700000000099785        2.8197344387083045E-002
   3.0800000000099783        3.0601013206271246E-002
   3.0900000000099781        3.3003777731084455E-002
   3.1000000000099779        3.5404018563196540E-002
   3.1100000000099777        3.7800131954155630E-002
   3.1200000000099775        4.0190530821983581E-002
   3.1300000000099772        4.2573645744607092E-002
   3.1400000000099770        4.4947925929641322E-002
   3.1500000000099768        4.7311840160078389E-002
   3.1600000000099766        4.9663877715461380E-002
   3.1700000000099764        5.2002549268153439E-002
   3.1800000000099762        5.4326387754340302E-002
   3.1900000000099760        5.6633949219431032E-002
   3.2000000000099758        5.8923813637549019E-002
   3.2100000000099755        6.1194585704832147E-002
   3.2200000000099753        6.3444895606285093E-002
   3.2300000000099751        6.5673399755952711E-002
   3.2400000000099749        6.7878781510207292E-002
   3.2500000000099747        7.0059751853965541E-002
   3.2600000000099745        7.2215050059673810E-002
   3.2700000000099743        7.4343444318923771E-002
   3.2800000000099740        7.6443732346579168E-002
   3.2900000000099738        7.8514741957318210E-002
   3.3000000000099736        8.0555331614514086E-002
   3.3100000000099734        8.2564390951396921E-002
   3.3200000000099732        8.4540841264458433E-002
   3.3300000000099730        8.6483635979079904E-002
   3.3400000000099728        8.8391761087381004E-002
   3.3500000000099726        9.0264235558304692E-002
   3.3600000000099723        9.2100111719970429E-002
   3.3700000000099721        9.3898475614343349E-002
   3.3800000000099719        9.5658447324284149E-002
   3.3900000000099717        9.7379181273058502E-002
   3.4000000000099715        9.9059866496400611E-002
   3.4100000000099713       0.10069972688724020     
   3.4200000000099711       0.10229802141321558     
   3.4300000000099709       0.10385404430711084     
   3.4400000000099706       0.10536712523036673     
   3.4500000000099704       0.10683662940983077     
   3.4600000000099702       0.10826195774792259     
   3.4700000000099700       0.10964254690640518     
   3.4800000000099698       0.11097786936396421     
   3.4900000000099696       0.11226743344781082     
   3.5000000000099694       0.11351078333953472     
   3.5100000000099691       0.11470749905544730     
   3.5200000000099689       0.11585719640166513     
   3.5300000000099687       0.11695952690419795     
   3.5400000000099685       0.11801417771431434     
   3.5500000000099683       0.11902087148947214     
   3.5600000000099681       0.11997936625011028     
   3.5700000000099679       0.12088945521261130     
   3.5800000000099677       0.12175096659875327     
   3.5900000000099674       0.12256376342198431     
   3.6000000000099672       0.12332774325085834     
   3.6100000000099670       0.12404283794998729     
   3.6200000000099668       0.12470901339887272     
   3.6300000000099666       0.12532626918898998     
   3.6400000000099664       0.12589463829951048     
   3.6500000000099662       0.12641418675205732     
   3.6600000000099659       0.12688501324489873     
   3.6700000000099657       0.12730724876699562     
   3.6800000000099655       0.12768105619232917     
   3.6900000000099653       0.12800662985494238     
   3.7000000000099651       0.12828419510514305     
   3.7100000000099649       0.12851400784732064     
   3.7200000000099647       0.12869635405984314     
   3.7300000000099645       0.12883154929750554     
   3.7400000000099642       0.12891993817701353     
   3.7500000000099640       0.12896189384599255     
   3.7600000000099638       0.12895781743602236     
   3.7700000000099636       0.12890813750020441     
   3.7800000000099634       0.12881330943577826     
   3.7900000000099632       0.12867381489231011     
   3.8000000000099630       0.12849016116598533     
   3.8100000000099628       0.12826288058054225     
   3.8200000000099625       0.12799252985539289     
   3.8300000000099623       0.12767968946148195     
   3.8400000000099621       0.12732496296544255     
   3.8500000000099619       0.12692897636261069     
   3.8600000000099617       0.12649237739947045     
   3.8700000000099615       0.12601583488610119     
   3.8800000000099613       0.12550003799920836     
   3.8900000000099610       0.12494569557632096     
   3.9000000000099608       0.12435353540174142     
   3.9100000000099606       0.12372430348484302     
   3.9200000000099604       0.12305876333130478     
   3.9300000000099602       0.12235769520788506     
   3.9400000000099600       0.12162189540133143     
   3.9500000000099598       0.12085217547202927     
   3.9600000000099596       0.12004936150299229     
   3.9700000000099593       0.11921429334479977     
   3.9800000000099591       0.11834782385708552     
   3.9900000000099589       0.11745081814718372     
   4.0000000000099591       0.11652415280653800     
   4.0100000000099589       0.11556871514547729     
   4.0200000000099587       0.11458540242696329     
   4.0300000000099585       0.11357512109991093     
   4.0400000000099583       0.11253878603268266     
   4.0500000000099581       0.11147731974735460     
   4.0600000000099579       0.11039165165534896     
   4.0700000000099577       0.10928271729502549     
   4.0800000000099574       0.10815145757181942     
   4.0900000000099572       0.10699881800151004     
   4.1000000000099570       0.10582574795719896     
   4.1100000000099568       0.10463319992057246     
   4.1200000000099566       0.10342212873801652     
   4.1300000000099564       0.10219349088214655     
   4.1400000000099562       0.10094824371930863     
   4.1500000000099559        9.9687344783600779E-002
   4.1600000000099557        9.8411751057956159E-002
   4.1700000000099555        9.7122418262821725E-002
   4.1800000000099553        9.5820300152958796E-002
   4.1900000000099551        9.4506347822880532E-002
   4.2000000000099549        9.3181509021435169E-002
   4.2100000000099547        9.1846727476031717E-002
   4.2200000000099545        9.0502942226996133E-002
   4.2300000000099542        8.9151086972534724E-002
   4.2400000000099540        8.7792089424769404E-002
   4.2500000000099538        8.6426870677300954E-002
   4.2600000000099536        8.5056344584739818E-002
   4.2700000000099534        8.3681417154635993E-002
   4.2800000000099532        8.2302985952223753E-002
   4.2900000000099530        8.0921939518384237E-002
   4.3000000000099527        7.9539156801215927E-002
   4.3100000000099525        7.8155506601587293E-002
   4.3200000000099523        7.6771847033033414E-002
   4.3300000000099521        7.5389024996340134E-002
   4.3400000000099519        7.4007875669147266E-002
   4.3500000000099517        7.2629222010883968E-002
   4.3600000000099515        7.1253874283334032E-002
   4.3700000000099513        6.9882629587112180E-002
   4.3800000000099510        6.8516271414315461E-002
   4.3900000000099508        6.7155569217596522E-002
   4.4000000000099506        6.5801277995887517E-002
   4.4100000000099504        6.4454137896985522E-002
   4.4200000000099502        6.3114873837192623E-002
   4.4300000000099500        6.1784195138185186E-002
   4.4400000000099498        6.0462795181266529E-002
   4.4500000000099496        5.9151351079141143E-002
   4.4600000000099493        5.7850523365326464E-002
   4.4700000000099491        5.6560955701301541E-002
   4.4800000000099489        5.5283274601469604E-002
   4.4900000000099487        5.4018089175995238E-002
   4.5000000000099485        5.2765990891554537E-002
   4.5100000000099483        5.1527553350018310E-002
   4.5200000000099481        5.0303332085068764E-002
   4.5300000000099478        4.9093864376729759E-002
   4.5400000000099476        4.7899669083771648E-002
   4.5500000000099474        4.6721246493932930E-002
   4.5600000000099472        4.5559078191879793E-002
   4.5700000000099470        4.4413626944807619E-002
   4.5800000000099468        4.3285336605568450E-002
   4.5900000000099466        4.2174632033189413E-002
   4.6000000000099464        4.1081919030630326E-002
   4.6100000000099461        4.0007584299608850E-002
   4.6200000000099459        3.8951995412305096E-002
   4.6300000000099457        3.7915500799740598E-002
   4.6400000000099455        3.6898429756608009E-002
   4.6500000000099453        3.5901092462314210E-002
   4.6600000000099451        3.4923780017981798E-002
   4.6700000000099449        3.3966764499139185E-002
   4.6800000000099446        3.3030299023815157E-002
   4.6900000000099444        3.2114617835740544E-002
   4.7000000000099442        3.1219936402344328E-002
   4.7100000000099440        3.0346451527220764E-002
   4.7200000000099438        2.9494341476731523E-002
   4.7300000000099436        2.8663766120395104E-002
   4.7400000000099434        2.7854867084707302E-002
   4.7500000000099432        2.7067767920023716E-002
   4.7600000000099429        2.6302574280129554E-002
   4.7700000000099427        2.5559374114112410E-002
   4.7800000000099425        2.4838237870146981E-002
   4.7900000000099423        2.4139218710793914E-002
   4.8000000000099421        2.3462352739410067E-002
   4.8100000000099419        2.2807659237262856E-002
   4.8200000000099417        2.2175140910937016E-002
   4.8300000000099415        2.1564784149619695E-002
   4.8400000000099412        2.0976559291847940E-002
   4.8500000000099410        2.0410420901300685E-002
   4.8600000000099408        1.9866308051217738E-002
   4.8700000000099406        1.9344144617028269E-002
   4.8800000000099404        1.8843839576772742E-002
   4.8900000000099402        1.8365287318904092E-002
   4.9000000000099400        1.7908367957056748E-002
   4.9100000000099397        1.7472947651376261E-002
   4.9200000000099395        1.7058878936004676E-002
   4.9300000000099393        1.6666001052324561E-002
   4.9400000000099391        1.6294140287566788E-002
   4.9500000000099389        1.5943110318395848E-002
   4.9600000000099387        1.5612712559092884E-002
   4.9700000000099385        1.5302736513960621E-002
   4.9800000000099383        1.5012960133587716E-002
   4.9900000000099380        1.4743150174612599E-002
