   9.9999999999999994E-012  0.97861793503966332     
   1.0000000010000001E-002  0.97812586106797794     
   2.0000000010000001E-002  0.97660722868591043     
   3.0000000010000000E-002  0.97407039333093937     
   4.0000000010000002E-002  0.97052893075922531     
   5.0000000010000004E-002  0.96600112243938019     
   6.0000000010000006E-002  0.96050930420395986     
   7.0000000010000007E-002  0.95407913045096404     
   8.0000000010000002E-002  0.94673880862486370     
   9.0000000009999997E-002  0.93851835306190634     
  0.10000000000999999       0.92944889725358171     
  0.11000000000999999       0.91956209146457213     
  0.12000000000999998       0.90888960052179746     
  0.13000000000999998       0.89746270599381051     
  0.14000000000999999       0.88531200875632199     
  0.15000000001000000       0.87246722233728802     
  0.16000000001000000       0.85895704424228536     
  0.17000000001000001       0.84480909127111170     
  0.18000000001000002       0.83004988506273136     
  0.19000000001000003       0.81470487527835034     
  0.20000000001000004       0.79879848950382737     
  0.21000000001000005       0.78235420080867657     
  0.22000000001000006       0.76539460572259288     
  0.23000000001000007       0.74794150705192908     
  0.24000000001000008       0.73001599739368661     
  0.25000000001000006       0.71163854039395158     
  0.26000000001000007       0.69282904775029497     
  0.27000000001000007       0.67360695069780530     
  0.28000000001000008       0.65399126527727014     
  0.29000000001000009       0.63400065109381676     
  0.30000000001000010       0.61365346356522810     
  0.31000000001000011       0.59296779985767478     
  0.32000000001000012       0.57196153883498746     
  0.33000000001000013       0.55065237542396450     
  0.34000000001000014       0.52905784983688997     
  0.35000000001000015       0.50719537210453081     
  0.36000000001000015       0.48508224236683695     
  0.37000000001000016       0.46273566735065980     
  0.38000000001000017       0.44017277343865846     
  0.39000000001000018       0.41741061670445823     
  0.40000000001000019       0.39446619025837071     
  0.41000000001000020       0.37135642921717210     
  0.42000000001000021       0.34809821358161230     
  0.43000000001000022       0.32470836927712959     
  0.44000000001000023       0.30120366758700462     
  0.45000000001000023       0.27760082318307705     
  0.46000000001000024       0.25391649093724111     
  0.47000000001000025       0.23016726167720097     
  0.48000000001000026       0.20636965703221122     
  0.49000000001000027       0.18254012349862314     
  0.50000000001000022       0.15869502584090103     
  0.51000000001000023       0.13485063993120400     
  0.52000000001000024       0.11102314511958275     
  0.53000000001000025        8.7228616216758620E-002
  0.54000000001000026        6.3483015162787829E-002
  0.55000000001000027        3.9802182447116544E-002
  0.56000000001000028        1.6201828338630077E-002
  0.57000000001000029       -7.3024760218204365E-003
  0.58000000001000029       -3.0695307619373016E-002
  0.59000000001000030       -5.3961400611383534E-002
  0.60000000001000031       -7.7085655384030546E-002
  0.61000000001000032      -0.10005314758525619     
  0.62000000001000033      -0.12284913710343973     
  0.63000000001000034      -0.14545907696429103     
  0.64000000001000035      -0.16786862212122600     
  0.65000000001000036      -0.19006363811698690     
  0.66000000001000036      -0.21203020959652905     
  0.67000000001000037      -0.23375464865324025     
  0.68000000001000038      -0.25522350299241803     
  0.69000000001000039      -0.27642356389762202     
  0.70000000001000040      -0.29734187398706224     
  0.71000000001000041      -0.31796573474859807     
  0.72000000001000042      -0.33828271384321884     
  0.73000000001000043      -0.35828065216806998     
  0.74000000001000044      -0.37794767067118673     
  0.75000000001000044      -0.39727217691111427     
  0.76000000001000045      -0.41624287135553462     
  0.77000000001000046      -0.43484875341388918     
  0.78000000001000047      -0.45307912719979521     
  0.79000000001000048      -0.47092360701980290     
  0.80000000001000049      -0.48837212258573820     
  0.81000000001000050      -0.50541492394852905     
  0.82000000001000051      -0.52204258615202292     
  0.83000000001000052      -0.53824601360586599     
  0.84000000001000052      -0.55401644417704032     
  0.85000000001000053      -0.56934545300014050     
  0.86000000001000054      -0.58422495600691782     
  0.87000000001000055      -0.59864721317607661     
  0.88000000001000056      -0.61260483150463663     
  0.89000000001000057      -0.62609076770264938     
  0.90000000001000058      -0.63909833061330568     
  0.91000000001000059      -0.65162118336074459     
  0.92000000001000060      -0.66365334522841435     
  0.93000000001000060      -0.67518919327056959     
  0.94000000001000061      -0.68622346366045583     
  0.95000000001000062      -0.69675125277812322     
  0.96000000001000063      -0.70676801804206124     
  0.97000000001000064      -0.71626957848769213     
  0.98000000001000065      -0.72525211509751919     
  0.99000000001000066      -0.73371217088591167     
   1.0000000000100007      -0.74164665074377134     
   1.0100000000100007      -0.74905282104653903     
   1.0200000000100007      -0.75592830903034325     
   1.0300000000100007      -0.76227110194123027     
   1.0400000000100007      -0.76807954596083894     
   1.0500000000100007      -0.77335234491407490     
   1.0600000000100007      -0.77808855876302074     
   1.0700000000100007      -0.78228760189178359     
   1.0800000000100007      -0.78594924118693033     
   1.0900000000100007      -0.78907359391816922     
   1.1000000000100008      -0.79166112542391898     
   1.1100000000100008      -0.79371264660639951     
   1.1200000000100008      -0.79522931124083840     
   1.1300000000100008      -0.79621261310336544     
   1.1400000000100008      -0.79666438292211295     
   1.1500000000100008      -0.79658678515599790     
   1.1600000000100008      -0.79598231460560076     
   1.1700000000100008      -0.79485379286049829     
   1.1800000000100008      -0.79320436458733801     
   1.1900000000100008      -0.79103749366287190     
   1.2000000000100008      -0.78835695915609416     
   1.2100000000100009      -0.78516685116354479     
   1.2200000000100009      -0.78147156650176852     
   1.2300000000100009      -0.77727580426082754     
   1.2400000000100009      -0.77258456122268870     
   1.2500000000100009      -0.76740312714821834     
   1.2600000000100009      -0.76173707993643469     
   1.2700000000100009      -0.75559228065957962     
   1.2800000000100009      -0.74897486847749251     
   1.2900000000100009      -0.74189125543468071     
   1.3000000000100009      -0.73434812114340198     
   1.3100000000100009      -0.72635240735599738     
   1.3200000000100010      -0.71791131242962747     
   1.3300000000100010      -0.70903228568650500     
   1.3400000000100010      -0.69972302167262779     
   1.3500000000100010      -0.68999145431796693     
   1.3600000000100010      -0.67984575100098632     
   1.3700000000100010      -0.66929430652031985     
   1.3800000000100010      -0.65834573697637366     
   1.3900000000100010      -0.64700887356557180     
   1.4000000000100010      -0.63529275628991566     
   1.4100000000100010      -0.62320662758449252     
   1.4200000000100010      -0.61075992586552741     
   1.4300000000100010      -0.59796227900154775     
   1.4400000000100011      -0.58482349771020292     
   1.4500000000100011      -0.57135356888326527     
   1.4600000000100011      -0.55756264884232265     
   1.4700000000100011      -0.54346105652766963     
   1.4800000000100011      -0.52905926662290104     
   1.4900000000100011      -0.51436790261771514     
   1.5000000000100011      -0.49939772981144598     
   1.5100000000100011      -0.48415964825985947     
   1.5200000000100011      -0.46866468566776870     
   1.5300000000100011      -0.45292399023005114     
   1.5400000000100011      -0.43694882342368246     
   1.5500000000100012      -0.42075055275344009     
   1.5600000000100012      -0.40434064445396978     
   1.5700000000100012      -0.38773065615095809     
   1.5800000000100012      -0.37093222948420385     
   1.5900000000100012      -0.35395708269543907     
   1.6000000000100012      -0.33681700318380808     
   1.6100000000100012      -0.31952384003198109     
   1.6200000000100012      -0.30208949650594247     
   1.6300000000100012      -0.28452592253156811     
   1.6400000000100012      -0.26684510715117876     
   1.6500000000100012      -0.24905907096333280     
   1.6600000000100013      -0.23117985854920220     
   1.6700000000100013      -0.21321953088895476     
   1.6800000000100013      -0.19519015777165027     
   1.6900000000100013      -0.17710381020224009     
   1.7000000000100013      -0.15897255280934638     
   1.7100000000100013      -0.14080843625758149     
   1.7200000000100013      -0.12262348966825344     
   1.7300000000100013      -0.10442971305238941     
   1.7400000000100013       -8.6239069760093476E-002
   1.7500000000100013       -6.8063478950338291E-002
   1.7600000000100013       -4.9914808085372846E-002
   1.7700000000100014       -3.1804865454009290E-002
   1.7800000000100014       -1.3745392728129587E-002
   1.7900000000100014        4.2519424431709096E-003
   1.8000000000100014        2.2175553797313102E-002
   1.8100000000100014        4.0013943775277616E-002
   1.8200000000100014        5.7755710787336059E-002
   1.8300000000100014        7.5389556422782750E-002
   1.8400000000100014        9.2904292598921148E-002
   1.8500000000100014       0.11028884864450628     
   1.8600000000100014       0.12753227831279640     
   1.8700000000100014       0.14462376671932403     
   1.8800000000100014       0.16155263719945948     
   1.8900000000100015       0.17830835808080786     
   1.9000000000100015       0.19488054936545612     
   1.9100000000100015       0.21125898931706691     
   1.9200000000100015       0.22743362094780395     
   1.9300000000100015       0.24339455840006849     
   1.9400000000100015       0.25913209321802655     
   1.9500000000100015       0.27463670050391797     
   1.9600000000100015       0.28989904495415053     
   1.9700000000100015       0.30490998677021086     
   1.9800000000100015       0.31966058743945019     
   1.9900000000100015       0.33414211538084593     
   2.0000000000100013       0.34834605145088526     
   2.0100000000100011       0.36226409430477163     
   2.0200000000100009       0.37588816560821975     
   2.0300000000100007       0.38921041509517174     
   2.0400000000100005       0.40222322546685235     
   2.0500000000100003       0.41491921712766000     
   2.0600000000100001       0.42729125275349378     
   2.0700000000099998       0.43933244168821250     
   2.0800000000099996       0.45103614416403648     
   2.0900000000099994       0.46239597534182175     
   2.1000000000099992       0.47340580916725838     
   2.1100000000099990       0.48405978203918409     
   2.1200000000099988       0.49435229628634136     
   2.1300000000099986       0.50427802344905559     
   2.1400000000099983       0.51383190736246953     
   2.1500000000099981       0.52300916703812783     
   2.1600000000099979       0.53180529934087728     
   2.1700000000099977       0.54021608145822364     
   2.1800000000099975       0.54823757315946575     
   2.1900000000099973       0.55586611884211579     
   2.2000000000099971       0.56309834936330838     
   2.2100000000099969       0.56993118365409989     
   2.2200000000099966       0.57636183011475828     
   2.2300000000099964       0.58238778778935996     
   2.2400000000099962       0.58800684731821340     
   2.2500000000099960       0.59321709166685221     
   2.2600000000099958       0.59801689663055835     
   2.2700000000099956       0.60240493111359794     
   2.2800000000099954       0.60638015718258131     
   2.2900000000099952       0.60994182989358459     
   2.3000000000099949       0.61308949689290460     
   2.3100000000099947       0.61582299779154870     
   2.3200000000099945       0.61814246331379707     
   2.3300000000099943       0.62004831422040940     
   2.3400000000099941       0.62154126000728416     
   2.3500000000099939       0.62262229738061581     
   2.3600000000099937       0.62329270850982721     
   2.3700000000099934       0.62355405905979588     
   2.3800000000099932       0.62340819600412078     
   2.3900000000099930       0.62285724522141450     
   2.4000000000099928       0.62190360887683349     
   2.4100000000099926       0.62054996259128781     
   2.4200000000099924       0.61879925240100231     
   2.4300000000099922       0.61665469151031926     
   2.4400000000099920       0.61411975684085696     
   2.4500000000099917       0.61119818538035176     
   2.4600000000099915       0.60789397033472825     
   2.4700000000099913       0.60421135708714468     
   2.4800000000099911       0.60015483896796906     
   2.4900000000099909       0.59572915283983652     
   2.5000000000099907       0.59093927450213446     
   2.5100000000099905       0.58579041391944497     
   2.5200000000099902       0.58028801027866184     
   2.5300000000099900       0.57443772687966688     
   2.5400000000099898       0.56824544586462666     
   2.5500000000099896       0.56171726279112666     
   2.5600000000099894       0.55485948105451666     
   2.5700000000099892       0.54767860616499142     
   2.5800000000099890       0.54018133988506545     
   2.5900000000099888       0.53237457423323897     
   2.6000000000099885       0.52426538535977096     
   2.6100000000099883       0.51586102730059813     
   2.6200000000099881       0.50716892561554117     
   2.6300000000099879       0.49819667091704345     
   2.6400000000099877       0.48895201229577900     
   2.6500000000099875       0.47944285064954728     
   2.6600000000099873       0.46967723192195021     
   2.6700000000099871       0.45966334025741118     
   2.6800000000099868       0.44940949107915173     
   2.6900000000099866       0.43892412409679482     
   2.7000000000099864       0.42821579625029704     
   2.7100000000099862       0.41729317459694937     
   2.7200000000099860       0.40616502914820285     
   2.7300000000099858       0.39484022566309429     
   2.7400000000099856       0.38332771840504748     
   2.7500000000099853       0.37163654286882442     
   2.7600000000099851       0.35977580848438884     
   2.7700000000099849       0.34775469130442138     
   2.7800000000099847       0.33558242668219962     
   2.7900000000099845       0.32326830194651607     
   2.8000000000099843       0.31082164908026555     
   2.8100000000099841       0.29825183740927530     
   2.8200000000099839       0.28556826630789545     
   2.8300000000099836       0.27278035792779359     
   2.8400000000099834       0.25989754995632663     
   2.8500000000099832       0.24692928841077505     
   2.8600000000099830       0.23388502047463636     
   2.8700000000099828       0.22077418738207932     
   2.8800000000099826       0.20760621735655344     
   2.8900000000099824       0.19439051860944084     
   2.9000000000099821       0.18113647240452019     
   2.9100000000099819       0.16785342619389218     
   2.9200000000099817       0.15455068683088630     
   2.9300000000099815       0.14123751386533773     
   2.9400000000099813       0.12792311292648517     
   2.9500000000099811       0.11461662919859678     
   2.9600000000099809       0.10132714099428604     
   2.9700000000099807        8.8063653430326544E-002
   2.9800000000099804        7.4835092210621068E-002
   2.9900000000099802        6.1650297520820158E-002
   3.0000000000099800        4.8518018038925095E-002
   3.0100000000099798        3.5446905066042977E-002
   3.0200000000099796        2.2445506781296198E-002
   3.0300000000099794        9.5222626247158937E-003
   3.0400000000099792       -3.3145021882207970E-003
   3.0500000000099790       -1.6056582016926613E-002
   3.0600000000099787       -2.8695896007603694E-002
   3.0700000000099785       -4.1224493163576625E-002
   3.0800000000099783       -5.3634557271103334E-002
   3.0900000000099781       -6.5918411677892419E-002
   3.1000000000099779       -7.8068523921728222E-002
   3.1100000000099777       -9.0077510206789557E-002
   3.1200000000099775      -0.10193813972542443     
   3.1300000000099772      -0.11364333882332252     
   3.1400000000099770      -0.12518619500620590     
   3.1500000000099768      -0.13655996078633503     
   3.1600000000099766      -0.14775805736730385     
   3.1700000000099764      -0.15877407816577205     
   3.1800000000099762      -0.16960179216895677     
   3.1900000000099760      -0.18023514712687633     
   3.2000000000099758      -0.19066827257850871     
   3.2100000000099755      -0.20089548271119409     
   3.2200000000099753      -0.21091127905277707     
   3.2300000000099751      -0.22071035299614344     
   3.2400000000099749      -0.23028758815596956     
   3.2500000000099747      -0.23963806255765502     
   3.2600000000099745      -0.24875705065856563     
   3.2700000000099743      -0.25764002520186269     
   3.2800000000099740      -0.26628265890334007     
   3.2900000000099738      -0.27468082597183680     
   3.3000000000099736      -0.28283060346392924     
   3.3100000000099734      -0.29072827247374472     
   3.3200000000099732      -0.29837031915886991     
   3.3300000000099730      -0.30575343560345625     
   3.3400000000099728      -0.31287452051974629     
   3.3500000000099726      -0.31973067978936898     
   3.3600000000099723      -0.32631922684586312     
   3.3700000000099721      -0.33263768290000462     
   3.3800000000099719      -0.33868377700961683     
   3.3900000000099717      -0.34445544599564981     
   3.4000000000099715      -0.34995083420641021     
   3.4100000000099713      -0.35516829313192283     
   3.4200000000099711      -0.36010638087048980     
   3.4300000000099709      -0.36476386144960499     
   3.4400000000099706      -0.36913970400345947     
   3.4500000000099704      -0.37323308180935522     
   3.4600000000099702      -0.37704337118541381     
   3.4700000000099700      -0.38057015025204116     
   3.4800000000099698      -0.38381319755967025     
   3.4900000000099696      -0.38677249058536983     
   3.5000000000099694      -0.38944820410095987     
   3.5100000000099691      -0.39184070841533220     
   3.5200000000099689      -0.39395056749372209     
   3.5300000000099687      -0.39577853695672338     
   3.5400000000099685      -0.39732556196188124     
   3.5500000000099683      -0.39859277497073708     
   3.5600000000099681      -0.39958149340423332     
   3.5700000000099679      -0.40029321718941857     
   3.5800000000099677      -0.40072962620042218     
   3.5900000000099674      -0.40089257759669200     
   3.6000000000099672      -0.40078410306151213     
   3.6100000000099670      -0.40040640594383514     
   3.6200000000099668      -0.39976185830648175     
   3.6300000000099666      -0.39885299788377132     
   3.6400000000099664      -0.39768252495166123     
   3.6500000000099662      -0.39625329911347740     
   3.6600000000099659      -0.39456833600432750     
   3.6700000000099657      -0.39263080391728944     
   3.6800000000099655      -0.39044402035447118     
   3.6900000000099653      -0.38801144850603403     
   3.7000000000099651      -0.38533669366027279     
   3.7100000000099649      -0.38242349954783700     
   3.7200000000099647      -0.37927574462317615     
   3.7300000000099645      -0.37589743828627797     
   3.7400000000099642      -0.37229271704776357     
   3.7500000000099640      -0.36846584064039056     
   3.7600000000099638      -0.36442118808000223     
   3.7700000000099636      -0.36016325367894786     
   3.7800000000099634      -0.35569664301498344     
   3.7900000000099632      -0.35102606885864845     
   3.8000000000099630      -0.34615634706209286     
   3.8100000000099628      -0.34109239241231626     
   3.8200000000099625      -0.33583921445175668     
   3.8300000000099623      -0.33040191326915197     
   3.8400000000099621      -0.32478567526357333     
   3.8500000000099619      -0.31899576888451042     
   3.8600000000099617      -0.31303754035086800     
   3.8700000000099615      -0.30691640935170944     
   3.8800000000099613      -0.30063786473156212     
   3.8900000000099610      -0.29420746016307642     
   3.9000000000099608      -0.28763080980980771     
   3.9100000000099606      -0.28091358398186594     
   3.9200000000099604      -0.27406150478715557     
   3.9300000000099602      -0.26708034178090362     
   3.9400000000099600      -0.25997590761615091     
   3.9500000000099598      -0.25275405369785547     
   3.9600000000099596      -0.24542066584323441     
   3.9700000000099593      -0.23798165995094539     
   3.9800000000099591      -0.23044297768168442     
   3.9900000000099589      -0.22281058215275101     
   4.0000000000099591      -0.21509045364910812     
   4.0100000000099589      -0.20728858535343805     
   4.0200000000099587      -0.19941097909767092     
   4.0300000000099585      -0.19146364113843642     
   4.0400000000099583      -0.18345257795886405     
   4.0500000000099581      -0.17538379209913119     
   4.0600000000099579      -0.16726327801813273     
   4.0700000000099577      -0.15909701798861864     
   4.0800000000099574      -0.15089097802812002     
   4.0900000000099572      -0.14265110386795748     
   4.1000000000099570      -0.13438331696259748     
   4.1100000000099568      -0.12609351054159518     
   4.1200000000099566      -0.11778754570633469     
   4.1300000000099564      -0.10947124757374790     
   4.1400000000099562      -0.10115040146916547     
   4.1500000000099559       -9.2830749170422888E-002
   4.1600000000099557       -8.4517985205314491E-002
   4.1700000000099555       -7.6217753204458727E-002
   4.1800000000099553       -6.7935642311604316E-002
   4.1900000000099551       -5.9677183653377382E-002
   4.2000000000099549       -5.1447846870434105E-002
   4.2100000000099547       -4.3253036711952270E-002
   4.2200000000099545       -3.5098089695358131E-002
   4.2300000000099542       -2.6988270833151692E-002
   4.2400000000099540       -1.8928770428654873E-002
   4.2500000000099538       -1.0924700942472380E-002
   4.2600000000099536       -2.9810939314137072E-003
   4.2700000000099534        4.8971029384120360E-003
   4.2800000000099532        1.2705028802659522E-002
   4.2900000000099530        2.0437912432339701E-002
   4.3000000000099527        2.8091074988356543E-002
   4.3100000000099525        3.5659932695446005E-002
   4.3200000000099523        4.3139999434021692E-002
   4.3300000000099521        5.0526889248476550E-002
   4.3400000000099519        5.7816318770539422E-002
   4.3500000000099517        6.5004109556332706E-002
   4.3600000000099515        7.2086190335828887E-002
   4.3700000000099513        7.9058599173454619E-002
   4.3800000000099510        8.5917485538644284E-002
   4.3900000000099508        9.2659112285199074E-002
   4.4000000000099506        9.9279857538363714E-002
   4.4100000000099504       0.10577621648858870     
   4.4200000000099502       0.11214480309100648     
   4.4300000000099500       0.11838235166970630     
   4.4400000000099498       0.12448571842595692     
   4.4500000000099496       0.13045188284958553     
   4.4600000000099493       0.13627794903278684     
   4.4700000000099491       0.14196114688569966     
   4.4800000000099489       0.14749883325315472     
   4.4900000000099487       0.15288849293206466     
   4.5000000000099485       0.15812773958899531     
   4.5100000000099483       0.16321431657752608     
   4.5200000000099481       0.16814609765507879     
   4.5300000000099478       0.17292108759896477     
   4.5400000000099476       0.17753742272147308     
   4.5500000000099474       0.18199337128389503     
   4.5600000000099472       0.18628733380945575     
   4.5700000000099470       0.19041784329519681     
   4.5800000000099468       0.19438356532293083     
   4.5900000000099466       0.19818329806946466     
   4.6000000000099464       0.20181597221636455     
   4.6100000000099461       0.20528065075961394     
   4.6200000000099459       0.20857652871959295     
   4.6300000000099457       0.21170293275188595     
   4.6400000000099455       0.21465932065950163     
   4.6500000000099453       0.21744528080717013     
   4.6600000000099451       0.22006053143845827     
   4.6700000000099449       0.22250491989652407     
   4.6800000000099446       0.22477842174940893     
   4.6900000000099444       0.22688113982084548     
   4.7000000000099442       0.22881330312763568     
   4.7100000000099440       0.23057526572473191     
   4.7200000000099438       0.23216750545923143     
   4.7300000000099436       0.23359062263456909     
   4.7400000000099434       0.23484533858627210     
   4.7500000000099432       0.23593249417071177     
   4.7600000000099429       0.23685304816836478     
   4.7700000000099427       0.23760807560316666     
   4.7800000000099425       0.23819876597961495     
   4.7900000000099423       0.23862642143934715     
   4.8000000000099421       0.23889245483899091     
   4.8100000000099419       0.23899838775115007     
   4.8200000000099417       0.23894584839045768     
   4.8300000000099415       0.23873656946669169     
   4.8400000000099412       0.23837238596701255     
   4.8500000000099410       0.23785523286944329     
   4.8600000000099408       0.23718714278977243     
   4.8700000000099406       0.23637024356411773     
   4.8800000000099404       0.23540675576944442     
   4.8900000000099402       0.23429899018438524     
   4.9000000000099400       0.23304934519276033     
   4.9100000000099397       0.23166030413224520     
   4.9200000000099395       0.23013443259068039     
   4.9300000000099393       0.22847437565256143     
   4.9400000000099391       0.22668285509828917     
   4.9500000000099389       0.22476266655879995     
   4.9600000000099387       0.22271667662823086     
   4.9700000000099385       0.22054781993731049     
   4.9800000000099383       0.21825909619019507     
   4.9900000000099380       0.21585356716749937     
