   9.9999999999999994E-012  0.97861793503966332     
   1.0000000010000001E-002  0.97823774137867758     
   2.0000000010000001E-002  0.97709842647989742     
   3.0000000010000000E-002  0.97520373930268489     
   4.0000000010000002E-002  0.97255976880523420     
   5.0000000010000004E-002  0.96917472155260842     
   6.0000000010000006E-002  0.96505864065387459     
   7.0000000010000007E-002  0.96022309038162812     
   8.0000000010000002E-002  0.95468083091903622     
   9.0000000009999997E-002  0.94844550486076318     
  0.10000000000999999       0.94153135231492358     
  0.11000000000999999       0.93395296580485065     
  0.12000000000999998       0.92572509062353359     
  0.13000000000999998       0.91686247154251488     
  0.14000000000999999       0.90737974318758208     
  0.15000000001000000       0.89729135904622526     
  0.16000000001000000       0.88661155284548987     
  0.17000000001000001       0.87535432570346883     
  0.18000000001000002       0.86353345275093274     
  0.19000000001000003       0.85116250359846668     
  0.20000000001000004       0.83825487189193448     
  0.21000000001000005       0.82482381011210038     
  0.22000000001000006       0.81088246663998087     
  0.23000000001000007       0.79644392287587384     
  0.24000000001000008       0.78152122884472108     
  0.25000000001000006       0.76612743624092206     
  0.26000000001000007       0.75027562827109606     
  0.27000000001000007       0.73397894595859370     
  0.28000000001000008       0.71725061079574903     
  0.29000000001000009       0.70010394378552621     
  0.30000000001000010       0.68255238101819959     
  0.31000000001000011       0.66460948599369174     
  0.32000000001000012       0.64628895893651483     
  0.33000000001000013       0.62760464336611377     
  0.34000000001000014       0.60857053018711882     
  0.35000000001000015       0.58920075955634754     
  0.36000000001000015       0.56950962076986023     
  0.37000000001000016       0.54951155039650557     
  0.38000000001000017       0.52922112886597417     
  0.39000000001000018       0.50865307570061569     
  0.40000000001000019       0.48782224356197573     
  0.41000000001000020       0.46674361126566732     
  0.42000000001000021       0.44543227590208467     
  0.43000000001000022       0.42390344418573550     
  0.44000000001000023       0.40217242314264134     
  0.45000000001000023       0.38025461023329832     
  0.46000000001000024       0.35816548299803719     
  0.47000000001000025       0.33592058830216914     
  0.48000000001000026       0.31353553124994626     
  0.49000000001000027       0.29102596382900076     
  0.50000000001000022       0.26840757334043569     
  0.51000000001000023       0.24569607066403393     
  0.52000000001000024       0.22290717840302773     
  0.53000000001000025       0.20005661894844973     
  0.54000000001000026       0.17716010249918721     
  0.55000000001000027       0.15423331507042140     
  0.56000000001000028       0.13129190652008518     
  0.57000000001000029       0.10835147862027183     
  0.58000000001000029        8.5427573198120693E-002
  0.59000000001000030        6.2535660368557913E-002
  0.60000000001000031        3.9691126879342932E-002
  0.61000000001000032        1.6909264587138748E-002
  0.62000000001000033       -5.7947409182454168E-003
  0.63000000001000034       -2.8405821525712749E-002
  0.64000000001000035       -5.0909037636412885E-002
  0.65000000001000036       -7.3289589005714903E-002
  0.66000000001000036       -9.5532825381479974E-002
  0.67000000001000037      -0.11762425692750759     
  0.68000000001000038      -0.13954956442197192     
  0.69000000001000039      -0.16129460922154251     
  0.70000000001000040      -0.18284544298270702     
  0.71000000001000041      -0.20418831713258623     
  0.72000000001000042      -0.22530969208226104     
  0.73000000001000043      -0.24619624617632041     
  0.74000000001000044      -0.26683488437299302     
  0.75000000001000044      -0.28721274664984531     
  0.76000000001000045      -0.30731721613062352     
  0.77000000001000046      -0.32713592692937737     
  0.78000000001000047      -0.34665677170854375     
  0.79000000001000048      -0.36586790894818516     
  0.80000000001000049      -0.38475776992406630     
  0.81000000001000050      -0.40331506539272766     
  0.82000000001000051      -0.42152879198216259     
  0.83000000001000052      -0.43938823828713852     
  0.84000000001000052      -0.45688299066861304     
  0.85000000001000053      -0.47400293875709193     
  0.86000000001000054      -0.49073828066015268     
  0.87000000001000055      -0.50707952787471533     
  0.88000000001000056      -0.52301750990498630     
  0.89000000001000057      -0.53854337858732415     
  0.90000000001000058      -0.55364861212359040     
  0.91000000001000059      -0.56832501882483422     
  0.92000000001000060      -0.58256474056744523     
  0.93000000001000060      -0.59636025596416375     
  0.94000000001000061      -0.60970438325258636     
  0.95000000001000062      -0.62259028290403784     
  0.96000000001000063      -0.63501145995588937     
  0.97000000001000064      -0.64696176607061318     
  0.98000000001000065      -0.65843540132504030     
  0.99000000001000066      -0.66942691573346769     
   1.0000000000100007      -0.67993121050841421     
   1.0100000000100007      -0.68994353906297068     
   1.0200000000100007      -0.69945950775881871     
   1.0300000000100007      -0.70847507640411056     
   1.0400000000100007      -0.71698655850550641     
   1.0500000000100007      -0.72499062127875513     
   1.0600000000100007      -0.73248428542228883     
   1.0700000000100007      -0.73946492465835967     
   1.0800000000100007      -0.74593026504631366     
   1.0900000000100007      -0.75187838407263230     
   1.1000000000100008      -0.75730770952241211     
   1.1100000000100008      -0.76221701813697096     
   1.1200000000100008      -0.76660543406228898     
   1.1300000000100008      -0.77047242709299191     
   1.1400000000100008      -0.77381781071658073     
   1.1500000000100008      -0.77664173996260000     
   1.1600000000100008      -0.77894470906141344     
   1.1700000000100008      -0.78072754891723029     
   1.1800000000100008      -0.78199142439998337     
   1.1900000000100008      -0.78273783146062703     
   1.2000000000100008      -0.78296859407436403     
   1.2100000000100009      -0.78268586101626680     
   1.2200000000100009      -0.78189210247368957     
   1.2300000000100009      -0.78059010649981553     
   1.2400000000100009      -0.77878297531260288     
   1.2500000000100009      -0.77647412144333505     
   1.2600000000100009      -0.77366726373889827     
   1.2700000000100009      -0.77036642322183579     
   1.2800000000100009      -0.76657591881215048     
   1.2900000000100009      -0.76230036291474679     
   1.3000000000100009      -0.75754465687632078     
   1.3100000000100009      -0.75231398631542779     
   1.3200000000100010      -0.74661381632937518     
   1.3300000000100010      -0.74044988658150157     
   1.3400000000100010      -0.73382820627233247     
   1.3500000000100010      -0.72675504899801180     
   1.3600000000100010      -0.71923694749934020     
   1.3700000000100010      -0.71128068830466828     
   1.3800000000100010      -0.70289330626982427     
   1.3900000000100010      -0.69408207901817776     
   1.4000000000100010      -0.68485452128388091     
   1.4100000000100010      -0.67521837916125760     
   1.4200000000100010      -0.66518162426325134     
   1.4300000000100010      -0.65475244779178543     
   1.4400000000100011      -0.64393925452283463     
   1.4500000000100011      -0.63275065670895947     
   1.4600000000100011      -0.62119546790200619     
   1.4700000000100011      -0.60928269669864099     
   1.4800000000100011      -0.59702154041134314     
   1.4900000000100011      -0.58442137866746191     
   1.5000000000100011      -0.57149176693890480     
   1.5100000000100011      -0.55824243000501517     
   1.5200000000100011      -0.54468325535117401     
   1.5300000000100011      -0.53082428650565627     
   1.5400000000100011      -0.51667571631726306     
   1.5500000000100012      -0.50224788017625477     
   1.5600000000100012      -0.48755124918111570     
   1.5700000000100012      -0.47259642325368839     
   1.5800000000100012      -0.45739412420523695     
   1.5900000000100012      -0.44195518875601530     
   1.6000000000100012      -0.42629056151094485     
   1.6100000000100012      -0.41041128789403558     
   1.6200000000100012      -0.39432850704422051     
   1.6300000000100012      -0.37805344467531221     
   1.6400000000100012      -0.36159740590283540     
   1.6500000000100012      -0.34497176804053664     
   1.6600000000100013      -0.32818797336942357     
   1.6700000000100013      -0.31125752188224409     
   1.6800000000100013      -0.29419196400637027     
   1.6900000000100013      -0.27700289330811806     
   1.7000000000100013      -0.25970193918159562     
   1.7100000000100013      -0.24230075952524072     
   1.7200000000100013      -0.22481103340927772     
   1.7300000000100013      -0.20724445373739481     
   1.7400000000100013      -0.18961271990601569     
   1.7500000000100013      -0.17192753046461226     
   1.7600000000100013      -0.15420057578058222     
   1.7700000000100014      -0.13644353071228821     
   1.7800000000100014      -0.11866804729393235     
   1.7900000000100014      -0.10088574743601431     
   1.8000000000100014       -8.3108215645197436E-002
   1.8100000000100014       -6.5346991767479295E-002
   1.8200000000100014       -4.7613563758638205E-002
   1.8300000000100014       -2.9919360485996638E-002
   1.8400000000100014       -1.2275744565613081E-002
   1.8500000000100014        5.3059947609196273E-003
   1.8600000000100014        2.2814648705826994E-002
   1.8700000000100014        4.0239095966352029E-002
   1.8800000000100014        5.7568309703438382E-002
   1.8900000000100015        7.4791364463480267E-002
   1.9000000000100015        9.1897443038671076E-002
   1.9100000000100015       0.10887584326143604     
   1.9200000000100015       0.12571598472839177     
   1.9300000000100015       0.14240741544923949     
   1.9400000000100015       0.15893981841596527     
   1.9500000000100015       0.17530301808769416     
   1.9600000000100015       0.19148698678652443     
   1.9700000000100015       0.20748185099965147     
   1.9800000000100015       0.22327789758308381     
   1.9900000000100015       0.23886557986224749     
   2.0000000000100013       0.25423552362478097     
   2.0100000000100011       0.26937853300083192     
   2.0200000000100009       0.28428559622618377     
   2.0300000000100007       0.29894789128356347     
   2.0400000000100005       0.31335679141751394     
   2.0500000000100003       0.32750387051825058     
   2.0600000000100001       0.34138090836996859     
   2.0700000000099998       0.35497989575911948     
   2.0800000000099996       0.36829303943823299     
   2.0900000000099994       0.38131276694093308     
   2.1000000000099992       0.39403173124386559     
   2.1100000000099990       0.40644281527134152     
   2.1200000000099988       0.41853913623858718     
   2.1300000000099986       0.43031404982959076     
   2.1400000000099983       0.44176115420563866     
   2.1500000000099981       0.45287429384074512     
   2.1600000000099979       0.46364756318030032     
   2.1700000000099977       0.47407531011938503     
   2.1800000000099975       0.48415213929733253     
   2.1900000000099973       0.49387291520526055     
   2.2000000000099971       0.50323276510343784     
   2.2100000000099969       0.51222708174550635     
   2.2200000000099966       0.52085152590673378     
   2.2300000000099964       0.52910202871364076     
   2.2400000000099962       0.53697479377251345     
   2.2500000000099960       0.54446629909448885     
   2.2600000000099958       0.55157329881508210     
   2.2700000000099956       0.55829282470621044     
   2.2800000000099954       0.56462218747895787     
   2.2900000000099952       0.57055897787552290     
   2.3000000000099949       0.57610106754898682     
   2.3100000000099947       0.58124660972974596     
   2.3200000000099945       0.58599403967765773     
   2.3300000000099943       0.59034207491915669     
   2.3400000000099941       0.59428971526881558     
   2.3500000000099939       0.59783624263503232     
   2.3600000000099937       0.60098122060975179     
   2.3700000000099934       0.60372449384233795     
   2.3800000000099932       0.60606618719794403     
   2.3900000000099930       0.60800670470093954     
   2.4000000000099928       0.60954672826418188     
   2.4100000000099926       0.61068721620513655     
   2.4200000000099924       0.61142940155007985     
   2.4300000000099922       0.61177479012782876     
   2.4400000000099920       0.61172515845467390     
   2.4500000000099917       0.61128255141240395     
   2.4600000000099915       0.61044927972153218     
   2.4700000000099913       0.60922791721204717     
   2.4800000000099911       0.60762129789422925     
   2.4900000000099909       0.60563251283227981     
   2.5000000000099907       0.60326490682372225     
   2.5100000000099905       0.60052207488773679     
   2.5200000000099902       0.59740785856579115     
   2.5300000000099900       0.59392634203812977     
   2.5400000000099898       0.59008184805987152     
   2.5500000000099896       0.58587893372065925     
   2.5600000000099894       0.58132238603198316     
   2.5700000000099892       0.57641721734648188     
   2.5800000000099890       0.57116866061369254     
   2.5900000000099888       0.56558216447689269     
   2.6000000000099885       0.55966338821583350     
   2.6100000000099883       0.55341819654031976     
   2.6200000000099881       0.54685265423973883     
   2.6300000000099879       0.53997302069378339     
   2.6400000000099877       0.53278574424974168     
   2.6500000000099875       0.52529745647186399     
   2.6600000000099873       0.51751496626842552     
   2.6700000000099871       0.50944525390222051     
   2.6800000000099868       0.50109546489033008     
   2.6900000000099866       0.49247290379909647     
   2.7000000000099864       0.48358502794033148     
   2.7100000000099862       0.47443944097486135     
   2.7200000000099860       0.46504388642958744     
   2.7300000000099858       0.45540624113430583     
   2.7400000000099856       0.44553450858458132     
   2.7500000000099853       0.43543681223702563     
   2.7600000000099851       0.42512138874336280     
   2.7700000000099849       0.41459658112970144     
   2.7800000000099847       0.40387083192745310     
   2.7900000000099845       0.39295267626235253     
   2.8000000000099843       0.38185073490804278     
   2.8100000000099841       0.37057370731068418     
   2.8200000000099839       0.35913036459104053     
   2.8300000000099836       0.34752954253047397     
   2.8400000000099834       0.33578013454725769     
   2.8500000000099832       0.32389108466958155     
   2.8600000000099830       0.31187138051158325     
   2.8700000000099828       0.29973004625869071     
   2.8800000000099826       0.28747613566850577     
   2.8900000000099824       0.27511872509339313     
   2.9000000000099821       0.26266690653087243     
   2.9100000000099819       0.25012978070782982     
   2.9200000000099817       0.23751645020448481     
   2.9300000000099815       0.22483601262395581     
   2.9400000000099813       0.21209755381317080     
   2.9500000000099811       0.19931014114076906     
   2.9600000000099809       0.18648281683752704     
   2.9700000000099807       0.17362459140473177     
   2.9800000000099804       0.16074443709580116     
   2.9900000000099802       0.14785128147632873     
   3.0000000000099800       0.13495400106759836     
   3.0100000000099798       0.12206141507848198     
   3.0200000000099796       0.10918227923049190     
   3.0300000000099794        9.6325279680619685E-002
   3.0400000000099792        8.3499027046443575E-002
   3.0500000000099790        7.0712050537838148E-002
   3.0600000000099787        5.7972792199465162E-002
   3.0700000000099785        4.5289601268069163E-002
   3.0800000000099783        3.2670728648439840E-002
   3.0900000000099781        2.0124321511744120E-002
   3.1000000000099779        7.6584180197640517E-003
   3.1100000000099777       -4.7190578215864920E-003
   3.1200000000099775       -1.7000301176263666E-002
   3.1300000000099772       -2.9177631256578046E-002
   3.1400000000099770       -4.1243496063296303E-002
   3.1500000000099768       -5.3190476984666585E-002
   3.1600000000099766       -6.5011293251843710E-002
   3.1700000000099764       -7.6698806248362977E-002
   3.1800000000099762       -8.8246023671482848E-002
   3.1900000000099760       -9.9646103543388001E-002
   3.2000000000099758      -0.11089235807041499     
   3.2100000000099755      -0.12197825734863366     
   3.2200000000099753      -0.13289743291428596     
   3.2300000000099751      -0.14364368113775214     
   3.2400000000099749      -0.15421096645988180     
   3.2500000000099747      -0.16459342446969066     
   3.2600000000099745      -0.17478536482258894     
   3.2700000000099743      -0.18478127399846794     
   3.2800000000099740      -0.19457581789912942     
   3.2900000000099738      -0.20416384428470086     
   3.3000000000099736      -0.21354038504883308     
   3.3100000000099734      -0.22270065833262692     
   3.3200000000099732      -0.23164007047738641     
   3.3300000000099730      -0.24035421781643967     
   3.3400000000099728      -0.24883888830641199     
   3.3500000000099726      -0.25709006299847498     
   3.3600000000099723      -0.26510391735022826     
   3.3700000000099721      -0.27287682237900979     
   3.3800000000099719      -0.28040534565754838     
   3.3900000000099717      -0.28768625215300869     
   3.4000000000099715      -0.29471650491059065     
   3.4100000000099713      -0.30149326558296835     
   3.4200000000099711      -0.30801389480696278     
   3.4300000000099709      -0.31427595242895751     
   3.4400000000099706      -0.32027719758066364     
   3.4500000000099704      -0.32601558860695135     
   3.4600000000099702      -0.33148928284755369     
   3.4700000000099700      -0.33669663627454843     
   3.4800000000099698      -0.34163620298760838     
   3.4900000000099696      -0.34630673456909783     
   3.5000000000099694      -0.35070717930117262     
   3.5100000000099691      -0.35483668124711998     
   3.5200000000099689      -0.35869457919924397     
   3.5300000000099687      -0.36228040549567475     
   3.5400000000099685      -0.36559388470854248     
   3.5500000000099683      -0.36863493220601801     
   3.5600000000099681      -0.37140365259078051     
   3.5700000000099679      -0.37390033801752381     
   3.5800000000099677      -0.37612546639216499     
   3.5900000000099674      -0.37807969945546205     
   3.6000000000099672      -0.37976388075379119     
   3.6100000000099670      -0.38117903349987359     
   3.6200000000099668      -0.38232635832627454     
   3.6300000000099666      -0.38320723093453146     
   3.6400000000099664      -0.38382319964279543     
   3.6500000000099662      -0.38417598283489673     
   3.6600000000099659      -0.38426746631376485     
   3.6700000000099657      -0.38409970056215714     
   3.6800000000099655      -0.38367489791366216     
   3.6900000000099653      -0.38299542963695937     
   3.7000000000099651      -0.38206382293632979     
   3.7100000000099649      -0.38088275787141651     
   3.7200000000099647      -0.37945506419924296     
   3.7300000000099645      -0.37778371814149941     
   3.7400000000099642      -0.37587183908010946     
   3.7500000000099640      -0.37372268618408783     
   3.7600000000099638      -0.37133965497069737     
   3.7700000000099636      -0.36872627380390799     
   3.7800000000099634      -0.36588620033315622     
   3.7900000000099632      -0.36282321787539107     
   3.8000000000099630      -0.35954123174338676     
   3.8100000000099628      -0.35604426552328849     
   3.8200000000099625      -0.35233645730434432     
   3.8300000000099623      -0.34842205586376429     
   3.8400000000099621      -0.34430541680962995     
   3.8500000000099619      -0.33999099868476201     
   3.8600000000099617      -0.33548335903443582     
   3.8700000000099615      -0.33078715044081586     
   3.8800000000099613      -0.32590711652696058     
   3.8900000000099610      -0.32084808793322883     
   3.9000000000099608      -0.31561497826889684     
   3.9100000000099606      -0.31021278004177455     
   3.9200000000099604      -0.30464656056858641     
   3.9300000000099602      -0.29892145786885893     
   3.9400000000099600      -0.29304267654503352     
   3.9500000000099598      -0.28701548365149976     
   3.9600000000099596      -0.28084520455521955     
   3.9700000000099593      -0.27453721879058668     
   3.9800000000099591      -0.26809695591114413     
   3.9900000000099589      -0.26152989134075166     
   4.0000000000099591      -0.25484154222677591     
   4.0100000000099589      -0.24803746329784410     
   4.0200000000099587      -0.24112324272868030     
   4.0300000000099585      -0.23410449801451511     
   4.0400000000099583      -0.22698687185753325     
   4.0500000000099581      -0.21977602806779756     
   4.0600000000099579      -0.21247764748106088     
   4.0700000000099577      -0.20509742389585006     
   4.0800000000099574      -0.19764106003217985     
   4.0900000000099572      -0.19011426351422667     
   4.1000000000099570      -0.18252274287926534     
   4.1100000000099568      -0.17487220361514408     
   4.1200000000099566      -0.16716834422854476     
   4.1300000000099564      -0.15941685234624908     
   4.1400000000099562      -0.15162340085160034     
   4.1500000000099559      -0.14379364405832559     
   4.1600000000099557      -0.13593321392385044     
   4.1700000000099555      -0.12804771630421308     
   4.1800000000099553      -0.12014272725265215     
   4.1900000000099551      -0.11222378936391476     
   4.2000000000099549      -0.10429640816630027     
   4.2100000000099547       -9.6366048563425066E-002
   4.2200000000099545       -8.8438131327662151E-002
   4.2300000000099542       -8.0518029647177969E-002
   4.2400000000099540       -7.2611065728456700E-002
   4.2500000000099538       -6.4722507456169698E-002
   4.2600000000099536       -5.6857565112214008E-002
   4.2700000000099534       -4.9021388155710138E-002
   4.2800000000099532       -4.1219062065714476E-002
   4.2900000000099530       -3.3455605248366355E-002
   4.3000000000099527       -2.5735966010153082E-002
   4.3100000000099525       -1.8065019598939983E-002
   4.3200000000099523       -1.0447565314373825E-002
   4.3300000000099521       -2.8883236892294981E-003
   4.3400000000099519        4.6080662567698563E-003
   4.3500000000099517        1.2037049689169604E-002
   4.3600000000099515        1.9394158555589916E-002
   4.3700000000099513        2.6675014105715905E-002
   4.3800000000099510        3.3875329333110507E-002
   4.3900000000099508        4.0990911337533270E-002
   4.4000000000099506        4.8017663606493961E-002
   4.4100000000099504        5.4951588214817430E-002
   4.4200000000099502        6.1788787941043338E-002
   4.4300000000099500        6.8525468299534487E-002
   4.4400000000099498        7.5157939487216413E-002
   4.4500000000099496        8.1682618243924615E-002
   4.4600000000099493        8.8096029625384958E-002
   4.4700000000099491        9.4394808687910670E-002
   4.4800000000099489       0.10057570208395039     
   4.4900000000099487       0.10663556956768031     
   4.5000000000099485       0.11257138540988905     
   4.5100000000099483       0.11838023972146358     
   4.5200000000099481       0.12405933968484215     
   4.5300000000099478       0.12960601069286232     
   4.5400000000099476       0.13501769739449176     
   4.5500000000099474       0.14029196464699459     
   4.5600000000099472       0.14542649837414606     
   4.5700000000099470       0.15041910633017652     
   4.5800000000099468       0.15526771876918788     
   4.5900000000099466       0.15997038901985389     
   4.6000000000099464       0.16452529396528182     
   4.6100000000099461       0.16893073442798129     
   4.6200000000099459       0.17318513545995445     
   4.6300000000099457       0.17728704653799074     
   4.6400000000099455       0.18123514166431948     
   4.6500000000099453       0.18502821937284478     
   4.6600000000099451       0.18866520264125616     
   4.6700000000099449       0.19214513870938174     
   4.6800000000099446       0.19546719880422134     
   4.6900000000099444       0.19863067777216867     
   4.7000000000099442       0.20163499361900478     
   4.7100000000099440       0.20447968695831675     
   4.7200000000099438       0.20716442036906715     
   4.7300000000099436       0.20968897766311384     
   4.7400000000099434       0.21205326306354988     
   4.7500000000099432       0.21425730029480708     
   4.7600000000099429       0.21630123158553638     
   4.7700000000099427       0.21818531658535173     
   4.7800000000099425       0.21990993119659358     
   4.7900000000099423       0.22147556632233717     
   4.8000000000099421       0.22288282653194458     
   4.8100000000099419       0.22413242864552266     
   4.8200000000099417       0.22522520023872192     
   4.8300000000099415       0.22616207806937555     
   4.8400000000099412       0.22694410642754498     
   4.8500000000099410       0.22757243541060315     
   4.8600000000099408       0.22804831912505041     
   4.8700000000099406       0.22837311381682063     
   4.8800000000099404       0.22854827593189503     
   4.8900000000099402       0.22857536010910381     
   4.9000000000099400       0.22845601710704921     
   4.9100000000099397       0.22819199166714477     
   4.9200000000099395       0.22778512031481696     
   4.9300000000099393       0.22723732910096975     
   4.9400000000099391       0.22655063128586295     
   4.9500000000099389       0.22572712496760561     
   4.9600000000099387       0.22476899065751049     
   4.9700000000099385       0.22367848880460306     
   4.9800000000099383       0.22245795727161924     
   4.9900000000099380       0.22110980876486730     
