   9.9999999999999994E-012 -0.11386553374700212     
   1.0000000010000001E-002 -0.11379475765566280     
   2.0000000010000001E-002 -0.11357437807433374     
   3.0000000010000000E-002 -0.11320484198455769     
   4.0000000010000002E-002 -0.11268688754143943     
   5.0000000010000004E-002 -0.11202153093956010     
   6.0000000010000006E-002 -0.11121004952281302     
   7.0000000010000007E-002 -0.11025396191003753     
   8.0000000010000002E-002 -0.10915500621149271     
   9.0000000009999997E-002 -0.10791511738322535     
  0.10000000000999999      -0.10653640465571909     
  0.11000000000999999      -0.10502112980759096     
  0.12000000000999998      -0.10337168686344658     
  0.13000000000999998      -0.10159058360246445     
  0.14000000000999999       -9.9680425089400088E-002
  0.15000000001000000       -9.7643899293699488E-002
  0.16000000001000000       -9.5483764749747180E-002
  0.17000000001000001       -9.3202840131702880E-002
  0.18000000001000002       -9.0803995566129447E-002
  0.19000000001000003       -8.8290145479401616E-002
  0.20000000001000004       -8.5664242769070698E-002
  0.21000000001000005       -8.2929274093568650E-002
  0.22000000001000006       -8.0088256088344328E-002
  0.23000000001000007       -7.7144232335110557E-002
  0.24000000001000008       -7.4100270931675899E-002
  0.25000000001000006       -7.0959462530939460E-002
  0.26000000001000007       -6.7724918737829626E-002
  0.27000000001000007       -6.4399770771530418E-002
  0.28000000001000008       -6.0987168316903456E-002
  0.29000000001000009       -5.7490278503463166E-002
  0.30000000001000010       -5.3912284962642998E-002
  0.31000000001000011       -5.0256386924539820E-002
  0.32000000001000012       -4.6525798324044965E-002
  0.33000000001000013       -4.2723746893459480E-002
  0.34000000001000014       -3.8853473224571167E-002
  0.35000000001000015       -3.4918229787936739E-002
  0.36000000001000015       -3.0921279900939735E-002
  0.37000000001000016       -2.6865896639246989E-002
  0.38000000001000017       -2.2755361688698905E-002
  0.39000000001000018       -1.8592964136557921E-002
  0.40000000001000019       -1.4381999202502049E-002
  0.41000000001000020       -1.0125766910871914E-002
  0.42000000001000021       -5.8275707065240656E-003
  0.43000000001000022       -1.4907160172648592E-003
  0.44000000001000023        2.8814912337095655E-003
  0.45000000001000023        7.2857461616348540E-003
  0.46000000001000024        1.1718746496327037E-002
  0.47000000001000025        1.6177194196611733E-002
  0.48000000001000026        2.0657797098935227E-002
  0.49000000001000027        2.5157270596064735E-002
  0.50000000001000022        2.9672339341824061E-002
  0.51000000001000023        3.4199738977883420E-002
  0.52000000001000024        3.8736217878712176E-002
  0.53000000001000025        4.3278538910914238E-002
  0.54000000001000026        4.7823481203281226E-002
  0.55000000001000027        5.2367841924027936E-002
  0.56000000001000028        5.6908438061803124E-002
  0.57000000001000029        6.1442108207203694E-002
  0.58000000001000029        6.5965714331652603E-002
  0.59000000001000030        7.0476143560635224E-002
  0.60000000001000031        7.4970309938421797E-002
  0.61000000001000032        7.9445156181530696E-002
  0.62000000001000033        8.3897655418318506E-002
  0.63000000001000034        8.8324812912204120E-002
  0.64000000001000035        9.2723667766158313E-002
  0.65000000001000036        9.7091294606206385E-002
  0.66000000001000036       0.10142480524180753     
  0.67000000001000037       0.10572135030108701     
  0.68000000001000038       0.10997812083900502     
  0.69000000001000039       0.11419234991665031     
  0.70000000001000040       0.11836131414995266     
  0.71000000001000041       0.12248233522620208     
  0.72000000001000042       0.12655278138686477     
  0.73000000001000043       0.13057006887527317     
  0.74000000001000044       0.13453166334786323     
  0.75000000001000044       0.13843508124771620     
  0.76000000001000045       0.14227789113924788     
  0.77000000001000046       0.14605771500297360     
  0.78000000001000047       0.14977222948935154     
  0.79000000001000048       0.15341916713078996     
  0.80000000001000049       0.15699631751097606     
  0.81000000001000050       0.16050152839075676     
  0.82000000001000051       0.16393270678987293     
  0.83000000001000052       0.16728782002391662     
  0.84000000001000052       0.17056489669594577     
  0.85000000001000053       0.17376202764225535     
  0.86000000001000054       0.17687736683186511     
  0.87000000001000055       0.17990913221934346     
  0.88000000001000056       0.18285560655064426     
  0.89000000001000057       0.18571513812168874     
  0.90000000001000058       0.18848614148947784     
  0.91000000001000059       0.19116709813557220     
  0.92000000001000060       0.19375655708182452     
  0.93000000001000060       0.19625313545829892     
  0.94000000001000061       0.19865551902335588     
  0.95000000001000062       0.20096246263592535     
  0.96000000001000063       0.20317279068003299     
  0.97000000001000064       0.20528539744168456     
  0.98000000001000065       0.20729924743824990     
  0.99000000001000066       0.20921337570052786     
   1.0000000000100007       0.21102688800770636     
   1.0100000000100007       0.21273896107546608     
   1.0200000000100007       0.21434884269750792     
   1.0300000000100007       0.21585585184081330     
   1.0400000000100007       0.21725937869497630     
   1.0500000000100007       0.21855888467597440     
   1.0600000000100007       0.21975390238476955     
   1.0700000000100007       0.22084403552115517     
   1.0800000000100007       0.22182895875328901     
   1.0900000000100007       0.22270841754337256     
   1.1000000000100008       0.22348222792995912     
   1.1100000000100008       0.22415027626739104     
   1.1200000000100008       0.22471251892288518     
   1.1300000000100008       0.22516898193180340     
   1.1400000000100008       0.22551976061165979     
   1.1500000000100008       0.22576501913543168     
   1.1600000000100008       0.22590499006475639     
   1.1700000000100008       0.22593997384360781     
   1.1800000000100008       0.22587033825305863     
   1.1900000000100008       0.22569651782774813     
   1.2000000000100008       0.22541901323468272     
   1.2100000000100009       0.22503839061500935     
   1.2200000000100009       0.22455528088940863     
   1.2300000000100009       0.22397037902776618     
   1.2400000000100009       0.22328444328378577     
   1.2500000000100009       0.22249829439521823     
   1.2600000000100009       0.22161281475038463     
   1.2700000000100009       0.22062894752168150     
   1.2800000000100009       0.21954769576675981     
   1.2900000000100009       0.21837012149807788     
   1.3000000000100009       0.21709734472153105     
   1.3100000000100009       0.21573054244486914     
   1.3200000000100010       0.21427094765661647     
   1.3300000000100010       0.21271984827621399     
   1.3400000000100010       0.21107858607610894     
   1.3500000000100010       0.20934855557652041     
   1.3600000000100010       0.20753120291361588     
   1.3700000000100010       0.20562802468183633     
   1.3800000000100010       0.20364056675111308     
   1.3900000000100010       0.20157042305972356     
   1.4000000000100010       0.19941923438353781     
   1.4100000000100010       0.19718868708241116     
   1.4200000000100010       0.19488051182448463     
   1.4300000000100010       0.19249648228915714     
   1.4400000000100011       0.19003841384949943     
   1.4500000000100011       0.18750816223488459     
   1.4600000000100011       0.18490762217461290     
   1.4700000000100011       0.18223872602331620     
   1.4800000000100011       0.17950344236892959     
   1.4900000000100011       0.17670377462402487     
   1.5000000000100011       0.17384175960130413     
   1.5100000000100011       0.17091946607405845     
   1.5200000000100011       0.16793899332240059     
   1.5300000000100011       0.16490246966608710     
   1.5400000000100011       0.16181205098474979     
   1.5500000000100012       0.15866991922636370     
   1.5600000000100012       0.15547828090478211     
   1.5700000000100012       0.15223936558717735     
   1.5800000000100012       0.14895542437222933     
   1.5900000000100012       0.14562872835991239     
   1.6000000000100012       0.14226156711373342     
   1.6100000000100012       0.13885624711628375     
   1.6200000000100012       0.13541509021896980     
   1.6300000000100012       0.13194043208679465     
   1.6400000000100012       0.12843462063906860     
   1.6500000000100012       0.12490001448693158     
   1.6600000000100013       0.12133898136857485     
   1.6700000000100013       0.11775389658305727     
   1.6800000000100013       0.11414714142361265     
   1.6900000000100013       0.11052110161135351     
   1.7000000000100013       0.10687816573027703     
   1.7100000000100013       0.10322072366448717     
   1.7200000000100013        9.9551165038547274E-002
   1.7300000000100013        9.5871877661883875E-002
   1.7400000000100013        9.2185245978164160E-002
   1.7500000000100013        8.8493649520572926E-002
   1.7600000000100013        8.4799461373916502E-002
   1.7700000000100014        8.1105046644484674E-002
   1.7800000000100014        7.7412760938601027E-002
   1.7900000000100014        7.3724948850795169E-002
   1.8000000000100014        7.0043942462528652E-002
   1.8100000000100014        6.6372059852408349E-002
   1.8200000000100014        6.2711603618817502E-002
   1.8300000000100014        5.9064859415896676E-002
   1.8400000000100014        5.5434094503801684E-002
   1.8500000000100014        5.1821556314164158E-002
   1.8600000000100014        4.8229471031677462E-002
   1.8700000000100014        4.4660042192724958E-002
   1.8800000000100014        4.1115449301963647E-002
   1.8900000000100015        3.7597846467770590E-002
   1.9000000000100015        3.4109361057451937E-002
   1.9100000000100015        3.0652092373108675E-002
   1.9200000000100015        2.7228110349042323E-002
   1.9300000000100015        2.3839454271577909E-002
   1.9400000000100015        2.0488131522169772E-002
   1.9500000000100015        1.7176116344643722E-002
   1.9600000000100015        1.3905348637421433E-002
   1.9700000000100015        1.0677732771555204E-002
   1.9800000000100015        7.4951364353924022E-003
   1.9900000000100015        4.3593895066710853E-003
   2.0000000000100013        1.2722829528344914E-003
   2.0100000000100011       -1.7644322396637158E-003
   2.0200000000100009       -4.7490461063099954E-003
   2.0300000000100007       -7.6798907150010254E-003
   2.0400000000100005       -1.0555341145315866E-002
   2.0500000000100003       -1.3373816435894026E-002
   2.0600000000100001       -1.6133780499240691E-002
   2.0700000000099998       -1.8833743003307368E-002
   2.0800000000099996       -2.1472260219212336E-002
   2.0900000000099994       -2.4047935834493661E-002
   2.1000000000099992       -2.6559421731309762E-002
   2.1100000000099990       -2.9005418729026400E-002
   2.1200000000099988       -3.1384677290656804E-002
   2.1300000000099986       -3.3695998192647347E-002
   2.1400000000099983       -3.5938233157527422E-002
   2.1500000000099981       -3.8110285448971881E-002
   2.1600000000099979       -4.0211110428851948E-002
   2.1700000000099977       -4.2239716075880729E-002
   2.1800000000099975       -4.4195163465488407E-002
   2.1900000000099973       -4.6076567210593167E-002
   2.2000000000099971       -4.7883095862966296E-002
   2.2100000000099969       -4.9613972274919538E-002
   2.2200000000099966       -5.1268473921076252E-002
   2.2300000000099964       -5.2845933180020732E-002
   2.2400000000099962       -5.4345737575652198E-002
   2.2500000000099960       -5.5767329978104019E-002
   2.2600000000099958       -5.7110208764123538E-002
   2.2700000000099956       -5.8373927936838044E-002
   2.2800000000099954       -5.9558097204874094E-002
   2.2900000000099952       -6.0662382020822359E-002
   2.3000000000099949       -6.1686503579084118E-002
   2.3100000000099947       -6.2630238773165148E-002
   2.3200000000099945       -6.3493420112516186E-002
   2.3300000000099943       -6.4275935599061584E-002
   2.3400000000099941       -6.4977728563583359E-002
   2.3500000000099939       -6.5598797462169900E-002
   2.3600000000099937       -6.6139195632970160E-002
   2.3700000000099934       -6.6599031013528487E-002
   2.3800000000099932       -6.6978465819011568E-002
   2.3900000000099930       -6.7277716181671610E-002
   2.4000000000099928       -6.7497051751924886E-002
   2.4100000000099926       -6.7636795261456301E-002
   2.4200000000099924       -6.7697322048797387E-002
   2.4300000000099922       -6.7679059547853943E-002
   2.4400000000099920       -6.7582486739894115E-002
   2.4500000000099917       -6.7408133569539924E-002
   2.4600000000099915       -6.7156580325334225E-002
   2.4700000000099913       -6.6828456985487894E-002
   2.4800000000099911       -6.6424442529441408E-002
   2.4900000000099909       -6.5945264215902660E-002
   2.5000000000099907       -6.5391696828054957E-002
   2.5100000000099905       -6.4764561886652722E-002
   2.5200000000099902       -6.4064726831753932E-002
   2.5300000000099900       -6.3293104173860776E-002
   2.5400000000099898       -6.2450650615266695E-002
   2.5500000000099896       -6.1538366142434603E-002
   2.5600000000099894       -6.0557293090251152E-002
   2.5700000000099892       -5.9508515179027055E-002
   2.5800000000099890       -5.8393156525133272E-002
   2.5900000000099888       -5.7212380626186943E-002
   2.6000000000099885       -5.5967389321714911E-002
   2.6100000000099883       -5.4659421730248681E-002
   2.6200000000099881       -5.3289753163813763E-002
   2.6300000000099879       -5.1859694020801650E-002
   2.6400000000099877       -5.0370588658220222E-002
   2.6500000000099875       -4.8823814244337876E-002
   2.6600000000099873       -4.7220779592747980E-002
   2.6700000000099871       -4.5562923978891029E-002
   2.6800000000099868       -4.3851715940085828E-002
   2.6900000000099866       -4.2088652060126658E-002
   2.7000000000099864       -4.0275255739516375E-002
   2.7100000000099862       -3.8413075952408726E-002
   2.7200000000099860       -3.6503685991341989E-002
   2.7300000000099858       -3.4548682200849778E-002
   2.7400000000099856       -3.2549682701039417E-002
   2.7500000000099853       -3.0508326102230476E-002
   2.7600000000099851       -2.8426270211747595E-002
   2.7700000000099849       -2.6305190733962841E-002
   2.7800000000099847       -2.4146779964680731E-002
   2.7900000000099845       -2.1952745480958519E-002
   2.8000000000099843       -1.9724808827450618E-002
   2.8100000000099841       -1.7464704200361503E-002
   2.8200000000099839       -1.5174177130087063E-002
   2.8300000000099836       -1.2854983163618244E-002
   2.8400000000099834       -1.0508886547771101E-002
   2.8500000000099832       -8.1376589143029865E-003
   2.8600000000099830       -5.7430779679610855E-003
   2.8700000000099828       -3.3269261785015547E-003
   2.8800000000099826       -8.9098947770582804E-004
   2.8900000000099824        1.5629440375930781E-003
   2.9000000000099821        4.0330853954729518E-003
   2.9100000000099819        6.5176460308873918E-003
   2.9200000000099817        9.0148390586630434E-003
   2.9300000000099815        1.1522880536572050E-002
   2.9400000000099813        1.4039990717543055E-002
   2.9500000000099811        1.6564395290088713E-002
   2.9600000000099809        1.9094326606046569E-002
   2.9700000000099807        2.1628024894751130E-002
   2.9800000000099804        2.4163739462771117E-002
   2.9900000000099802        2.6699729878369660E-002
   3.0000000000099800        2.9234267139863823E-002
   3.0100000000099798        3.1765634827083000E-002
   3.0200000000099796        3.4292130235146295E-002
   3.0300000000099794        3.6812065489802731E-002
   3.0400000000099792        3.9323768643602097E-002
   3.0500000000099790        4.1825584752184147E-002
   3.0600000000099787        4.4315876930003467E-002
   3.0700000000099785        4.6793027384826158E-002
   3.0800000000099783        4.9255438430363618E-002
   3.0900000000099781        5.1701533476430306E-002
   3.1000000000099779        5.4129757996040195E-002
   3.1100000000099777        5.6538580468881522E-002
   3.1200000000099775        5.8926493300633376E-002
   3.1300000000099772        6.1292013717617694E-002
   3.1400000000099770        6.3633684636300980E-002
   3.1500000000099768        6.5950075507192146E-002
   3.1600000000099766        6.8239783132703263E-002
   3.1700000000099764        7.0501432458572239E-002
   3.1800000000099762        7.2733677338466945E-002
   3.1900000000099760        7.4935201271422003E-002
   3.2000000000099758        7.7104718111782156E-002
   3.2100000000099755        7.9240972751353556E-002
   3.2200000000099753        8.1342741773490962E-002
   3.2300000000099751        8.3408834078874061E-002
   3.2400000000099749        8.5438091482752276E-002
   3.2500000000099747        8.7429389283463527E-002
   3.2600000000099745        8.9381636802056463E-002
   3.2700000000099743        9.1293777892873657E-002
   3.2800000000099740        9.3164791424974996E-002
   3.2900000000099738        9.4993691734307162E-002
   3.3000000000099736        9.6779529046549961E-002
   3.3100000000099734        9.8521389870592641E-002
   3.3200000000099732       0.10021839736261845     
   3.3300000000099730       0.10186971166079850     
   3.3400000000099728       0.10347453019061981     
   3.3500000000099726       0.10503208794089394     
   3.3600000000099723       0.10654165771051566     
   3.3700000000099721       0.10800255032606310     
   3.3800000000099719       0.10941411483035152     
   3.3900000000099717       0.11077573864207496     
   3.4000000000099715       0.11208684768668886     
   3.4100000000099713       0.11334690649870899     
   3.4200000000099711       0.11455541829561941     
   3.4300000000099709       0.11571192502360322     
   3.4400000000099706       0.11681600737532738     
   3.4500000000099704       0.11786728478003108     
   3.4600000000099702       0.11886541536618550     
   3.4700000000099700       0.11981009589700869     
   3.4800000000099698       0.12070106167913824     
   3.4900000000099696       0.12153808644477695     
   3.5000000000099694       0.12232098220764637     
   3.5100000000099691       0.12304959909309457     
   3.5200000000099689       0.12372382514272240     
   3.5300000000099687       0.12434358609390339     
   3.5400000000099685       0.12490884513458864     
   3.5500000000099683       0.12541960263379923     
   3.5600000000099681       0.12587589584822270     
   3.5700000000099679       0.12627779860534147     
   3.5800000000099677       0.12662542096353135     
   3.5900000000099674       0.12691890884958265     
   3.6000000000099672       0.12715844367410387     
   3.6100000000099670       0.12734424192527807     
   3.6200000000099668       0.12747655474145528     
   3.6300000000099666       0.12755566746306723     
   3.6400000000099664       0.12758189916436635     
   3.6500000000099662       0.12755560216549267     
   3.6600000000099659       0.12747716152538421     
   3.6700000000099657       0.12734699451605275     
   3.6800000000099655       0.12716555007875219     
   3.6900000000099653       0.12693330826257448     
   3.7000000000099651       0.12665077964601462     
   3.7100000000099649       0.12631850474204909     
   3.7200000000099647       0.12593705338728076     
   3.7300000000099645       0.12550702411570458     
   3.7400000000099642       0.12502904351765554     
   3.7500000000099640       0.12450376558450196     
   3.7600000000099638       0.12393187103965189     
   3.7700000000099636       0.12331406665644418     
   3.7800000000099634       0.12265108456349672     
   3.7900000000099632       0.12194368153808804     
   3.8000000000099630       0.12119263828815052     
   3.8100000000099628       0.12039875872345501     
   3.8200000000099625       0.11956286921656722     
   3.8300000000099623       0.11868581785415902     
   3.8400000000099621       0.11776847367925658     
   3.8500000000099619       0.11681172592500985     
   3.8600000000099617       0.11581648324056512     
   3.8700000000099615       0.11478367290962560     
   3.8800000000099613       0.11371424006228162     
   3.8900000000099610       0.11260914688069285     
   3.9000000000099608       0.11146937179920344     
   3.9100000000099606       0.11029590869946915     
   3.9200000000099604       0.10908976610117543     
   3.9300000000099602       0.10785196634892147     
   3.9400000000099600       0.10658354479584423     
   3.9500000000099598       0.10528554898455500     
   3.9600000000099596       0.10395903782595578     
   3.9700000000099593       0.10260508077650263     
   3.9800000000099591       0.10122475701447814     
   3.9900000000099589        9.9819154615832406E-002
   4.0000000000099591        9.8389369730148557E-002
   4.0100000000099589        9.6936505757284186E-002
   4.0200000000099587        9.5461672525236713E-002
   4.0300000000099585        9.3965985469775637E-002
   4.0400000000099583        9.2450564816381170E-002
   4.0500000000099581        9.0916534765021983E-002
   4.0600000000099579        8.9365022678302486E-002
   4.0700000000099577        8.7797158273501263E-002
   4.0800000000099574        8.6214072819020993E-002
   4.0900000000099572        8.4616898335760415E-002
   4.1000000000099570        8.3006766803915971E-002
   4.1100000000099568        8.1384809375712241E-002
   4.1200000000099566        7.9752155594556423E-002
   4.1300000000099564        7.8109932621103217E-002
   4.1400000000099562        7.6459264466710142E-002
   4.1500000000099559        7.4801271234758715E-002
   4.1600000000099557        7.3137068370304592E-002
   4.1700000000099555        7.1467765918517945E-002
   4.1800000000099553        6.9794467792363951E-002
   4.1900000000099551        6.8118271049965901E-002
   4.2000000000099549        6.6440265182087316E-002
   4.2100000000099547        6.4761531410157641E-002
   4.2200000000099545        6.3083141995261605E-002
   4.2300000000099542        6.1406159558499512E-002
   4.2400000000099540        5.9731636413120515E-002
   4.2500000000099538        5.8060613908817560E-002
   4.2600000000099536        5.6394121788568841E-002
   4.2700000000099534        5.4733177558393686E-002
   4.2800000000099532        5.3078785870389111E-002
   4.2900000000099530        5.1431937919396153E-002
   4.3000000000099527        4.9793610853638814E-002
   4.3100000000099525        4.8164767199667391E-002
   4.3200000000099523        4.6546354301927440E-002
   4.3300000000099521        4.4939303777261297E-002
   4.3400000000099519        4.3344530984645635E-002
   4.3500000000099517        4.1762934510449046E-002
   4.3600000000099515        4.0195395669487433E-002
   4.3700000000099513        3.8642778022141278E-002
   4.3800000000099510        3.7105926907788633E-002
   4.3900000000099508        3.5585668994793596E-002
   4.4000000000099506        3.4082811847279404E-002
   4.4100000000099504        3.2598143508903277E-002
   4.4200000000099502        3.1132432103836261E-002
   4.4300000000099500        2.9686425455139553E-002
   4.4400000000099498        2.8260850720716879E-002
   4.4500000000099496        2.6856414047007893E-002
   4.4600000000099493        2.5473800240575273E-002
   4.4700000000099491        2.4113672457726332E-002
   4.4800000000099489        2.2776671912293878E-002
   4.4900000000099487        2.1463417601690349E-002
   4.5000000000099485        2.0174506051334917E-002
   4.5100000000099483        1.8910511077538605E-002
   4.5200000000099481        1.7671983568920191E-002
   4.5300000000099478        1.6459451286411242E-002
   4.5400000000099476        1.5273418681895135E-002
   4.5500000000099474        1.4114366735511030E-002
   4.5600000000099472        1.2982752811639131E-002
   4.5700000000099470        1.1879010533570156E-002
   4.5800000000099468        1.0803549676849600E-002
   4.5900000000099466        9.7567560812690246E-003
   4.6000000000099464        8.7389915814676811E-003
   4.6100000000099461        7.7505939560905679E-003
   4.6200000000099459        6.7918768954361441E-003
   4.6300000000099457        5.8631299875118725E-003
   4.6400000000099455        4.9646187224044458E-003
   4.6500000000099453        4.0965845148550617E-003
   4.6600000000099451        3.2592447449165673E-003
   4.6700000000099449        2.4527928165586355E-003
   4.6800000000099446        1.6773982340685389E-003
   4.6900000000099444        9.3320669608654150E-004
   4.7000000000099442        2.2034020709843505E-004
   4.7100000000099440       -4.6110279380523478E-004
   4.7200000000099438       -1.1110472871044275E-003
   4.7300000000099436       -1.7294415101765659E-003
   4.7400000000099434       -2.3162567780038446E-003
   4.7500000000099432       -2.8714872875004183E-003
   4.7600000000099429       -3.3951499057148782E-003
   4.7700000000099427       -3.8872839421731920E-003
   4.7800000000099425       -4.3479509056382204E-003
   4.7900000000099423       -4.7772342455780215E-003
   4.8000000000099421       -5.1752390786409808E-003
   4.8100000000099419       -5.5420919004511848E-003
   4.8200000000099417       -5.8779402830470562E-003
   4.8300000000099415       -6.1829525582964284E-003
   4.8400000000099412       -6.4573174876316197E-003
   4.8500000000099410       -6.7012439184596095E-003
   4.8600000000099408       -6.9149604276098620E-003
   4.8700000000099406       -7.0987149521935522E-003
   4.8800000000099404       -7.2527744082562795E-003
   4.8900000000099402       -7.3774242976145654E-003
   4.9000000000099400       -7.4729683032767613E-003
   4.9100000000099397       -7.5397278738532081E-003
   4.9200000000099395       -7.5780417973730363E-003
   4.9300000000099393       -7.5882657649275487E-003
   4.9400000000099391       -7.5707719245702298E-003
   4.9500000000099389       -7.5259484259079801E-003
   4.9600000000099387       -7.4541989558249977E-003
   4.9700000000099385       -7.3559422657861195E-003
   4.9800000000099383       -7.2316116911717576E-003
   4.9900000000099380       -7.0816546631005672E-003
