   9.9999999999999994E-012 -0.11386553374700212     
   1.0000000010000001E-002 -0.11380295203226523     
   2.0000000010000001E-002 -0.11361526951793102     
   3.0000000010000000E-002 -0.11330267357665089     
   4.0000000010000002E-002 -0.11286547481396814     
   5.0000000010000004E-002 -0.11230410465411592     
   6.0000000010000006E-002 -0.11161911216414971     
   7.0000000010000007E-002 -0.11081116029020610     
   8.0000000010000002E-002 -0.10988102169279831     
   9.0000000009999997E-002 -0.10882957436337590     
  0.10000000000999999      -0.10765779718539448     
  0.11000000000999999      -0.10636676557465669     
  0.12000000000999998      -0.10495764730070972     
  0.13000000000999998      -0.10343169855795281     
  0.14000000000999999      -0.10179026032501701     
  0.15000000001000000      -0.10003475502584322     
  0.16000000001000000       -9.8166683486490325E-002
  0.17000000001000001       -9.6187622167967085E-002
  0.18000000001000002       -9.4099220646675474E-002
  0.19000000001000003       -9.1903199309465944E-002
  0.20000000001000004       -8.9601347228867506E-002
  0.21000000001000005       -8.7195520184853548E-002
  0.22000000001000006       -8.4687638801759696E-002
  0.23000000001000007       -8.2079686772080634E-002
  0.24000000001000008       -7.9373709142360027E-002
  0.25000000001000006       -7.6571810639956162E-002
  0.26000000001000007       -7.3676154022884355E-002
  0.27000000001000007       -7.0688958438096972E-002
  0.28000000001000008       -6.7612497776386143E-002
  0.29000000001000009       -6.4449099014575822E-002
  0.30000000001000010       -6.1201140537800680E-002
  0.31000000001000011       -5.7871050436483495E-002
  0.32000000001000012       -5.4461304774143793E-002
  0.33000000001000013       -5.0974425823434533E-002
  0.34000000001000014       -4.7412980268849825E-002
  0.35000000001000015       -4.3779577375397116E-002
  0.36000000001000015       -4.0076867123224558E-002
  0.37000000001000016       -3.6307538308753051E-002
  0.38000000001000017       -3.2474316613311460E-002
  0.39000000001000018       -2.8579962640632173E-002
  0.40000000001000019       -2.4627269924845818E-002
  0.41000000001000020       -2.0619062910831709E-002
  0.42000000001000021       -1.6558194908953938E-002
  0.43000000001000022       -1.2447546026337630E-002
  0.44000000001000023       -8.2900210769339955E-003
  0.45000000001000023       -4.0885474726933824E-003
  0.46000000001000024        1.5392690179483193E-004
  0.47000000001000025        4.4344358288080921E-003
  0.48000000001000026        8.7499969087428964E-003
  0.49000000001000027        1.3097613720718215E-002
  0.50000000001000022        1.7474277990141451E-002
  0.51000000001000023        2.1876971760872943E-002
  0.52000000001000024        2.6302669569644749E-002
  0.53000000001000025        3.0748340620427250E-002
  0.54000000001000026        3.5210950956469422E-002
  0.55000000001000027        3.9687465627779694E-002
  0.56000000001000028        4.4174850851858904E-002
  0.57000000001000029        4.8670076165541670E-002
  0.58000000001000029        5.3170116565852826E-002
  0.59000000001000030        5.7671954637833811E-002
  0.60000000001000031        6.2172582667348680E-002
  0.61000000001000032        6.6669004736931159E-002
  0.62000000001000033        7.1158238802790263E-002
  0.63000000001000034        7.5637318751147709E-002
  0.64000000001000035        8.0103296432136484E-002
  0.65000000001000036        8.4553243669549305E-002
  0.66000000001000036        8.8984254244781902E-002
  0.67000000001000037        9.3393445853376084E-002
  0.68000000001000038        9.7777962032625759E-002
  0.69000000001000039       0.10213497405876981     
  0.70000000001000040       0.10646168281235369     
  0.71000000001000041       0.11075532061040222     
  0.72000000001000042       0.11501315300410511     
  0.73000000001000043       0.11923248054077751     
  0.74000000001000044       0.12341064048891542     
  0.75000000001000044       0.12754500852522715     
  0.76000000001000045       0.13163300038257864     
  0.77000000001000046       0.13567207345785118     
  0.78000000001000047       0.13965972837876670     
  0.79000000001000048       0.14359351052879343     
  0.80000000001000049       0.14747101152930264     
  0.81000000001000050       0.15128987067820229     
  0.82000000001000051       0.15504777634433042     
  0.83000000001000052       0.15874246731694447     
  0.84000000001000052       0.16237173410969799     
  0.85000000001000053       0.16593342021854923     
  0.86000000001000054       0.16942542333309746     
  0.87000000001000055       0.17284569650089585     
  0.88000000001000056       0.17619224924433852     
  0.89000000001000057       0.17946314862976970     
  0.90000000001000058       0.18265652028851059     
  0.91000000001000059       0.18577054938954768     
  0.92000000001000060       0.18880348156367011     
  0.93000000001000060       0.19175362377889144     
  0.94000000001000061       0.19461934516703228     
  0.95000000001000062       0.19739907780138460     
  0.96000000001000063       0.20009131742541744     
  0.97000000001000064       0.20269462413252659     
  0.98000000001000065       0.20520762299686776     
  0.99000000001000066       0.20762900465534917     
   1.0000000000100007       0.20995752584089911     
   1.0100000000100007       0.21219200986715475     
   1.0200000000100007       0.21433134706475565     
   1.0300000000100007       0.21637449516945542     
   1.0400000000100007       0.21832047966229670     
   1.0500000000100007       0.22016839406212607     
   1.0600000000100007       0.22191740017075046     
   1.0700000000100007       0.22356672827106841     
   1.0800000000100007       0.22511567727853191     
   1.0900000000100007       0.22656361484632126     
   1.1000000000100008       0.22790997742464025     
   1.1100000000100008       0.22915427027455743     
   1.1200000000100008       0.23029606743684661     
   1.1300000000100008       0.23133501165629461     
   1.1400000000100008       0.23227081426196702     
   1.1500000000100008       0.23310325500393986     
   1.1600000000100008       0.23383218184702118     
   1.1700000000100008       0.23445751072200605     
   1.1800000000100008       0.23497922523501874     
   1.1900000000100008       0.23539737633551594     
   1.2000000000100008       0.23571208194353349     
   1.2100000000100009       0.23592352653677465     
   1.2200000000100009       0.23603196069814913     
   1.2300000000100009       0.23603770062438253     
   1.2400000000100009       0.23594112759632671     
   1.2500000000100009       0.23574268741161186     
   1.2600000000100009       0.23544288978028863     
   1.2700000000100009       0.23504230768411896     
   1.2800000000100009       0.23454157670017994     
   1.2900000000100009       0.23394139428945510     
   1.3000000000100009       0.23324251905109117     
   1.3100000000100009       0.23244576994300739     
   1.3200000000100010       0.23155202546954973     
   1.3300000000100010       0.23056222283688632     
   1.3400000000100010       0.22947735707684883     
   1.3500000000100010       0.22829848013992599     
   1.3600000000100010       0.22702669995812283     
   1.3700000000100010       0.22566317947840264     
   1.3800000000100010       0.22420913566743228     
   1.3900000000100010       0.22266583848835619     
   1.4000000000100010       0.22103460985032958     
   1.4100000000100010       0.21931682253154169     
   1.4200000000100010       0.21751389907646757     
   1.4300000000100010       0.21562731066808818     
   1.4400000000100011       0.21365857597582208     
   1.4500000000100011       0.21160925997991697     
   1.4600000000100011       0.20948097277305250     
   1.4700000000100011       0.20727536833990695     
   1.4800000000100011       0.20499414331544880     
   1.4900000000100011       0.20263903572271275     
   1.5000000000100011       0.20021182369082677     
   1.5100000000100011       0.19771432415405923     
   1.5200000000100011       0.19514839153265953     
   1.5300000000100011       0.19251591639626903     
   1.5400000000100011       0.18981882411068277     
   1.5500000000100012       0.18705907346874870     
   1.5600000000100012       0.18423865530619205     
   1.5700000000100012       0.18135959110315913     
   1.5800000000100012       0.17842393157227895     
   1.5900000000100012       0.17543375523404389     
   1.6000000000100012       0.17239116698031723     
   1.6100000000100012       0.16929829662677864     
   1.6200000000100012       0.16615729745512337     
   1.6300000000100012       0.16297034474583591     
   1.6400000000100012       0.15973963430236360     
   1.6500000000100012       0.15646738096752033     
   1.6600000000100013       0.15315581713295456     
   1.6700000000100013       0.14980719124252112     
   1.6800000000100013       0.14642376629040135     
   1.6900000000100013       0.14300781831481935     
   1.7000000000100013       0.13956163488820805     
   1.7100000000100013       0.13608751360468188     
   1.7200000000100013       0.13258776056567853     
   1.7300000000100013       0.12906468886463410     
   1.7400000000100013       0.12552061707156364     
   1.7500000000100013       0.12195786771841763     
   1.7600000000100013       0.11837876578609369     
   1.7700000000100014       0.11478563719398244     
   1.7800000000100014       0.11118080729293034     
   1.7900000000100014       0.10756659936250618     
   1.8000000000100014       0.10394533311345774     
   1.8100000000100014       0.10031932319625003     
   1.8200000000100014        9.6690877716575613E-002
   1.8300000000100014        9.3062296758728957E-002
   1.8400000000100014        8.9435870917739330E-002
   1.8500000000100014        8.5813879841154378E-002
   1.8600000000100014        8.2198590781367709E-002
   1.8700000000100014        7.8592257159382478E-002
   1.8800000000100014        7.4997117140901765E-002
   1.8900000000100015        7.1415392225633811E-002
   1.9000000000100015        6.7849285850698576E-002
   1.9100000000100015        6.4300982009018043E-002
   1.9200000000100015        6.0772643883568511E-002
   1.9300000000100015        5.7266412498370306E-002
   1.9400000000100015        5.3784405387082068E-002
   1.9500000000100015        5.0328715280063274E-002
   1.9600000000100015        4.6901408810760992E-002
   1.9700000000100015        4.3504525242268777E-002
   1.9800000000100015        4.0140075214898707E-002
   1.9900000000100015        3.6810039515596193E-002
   2.0000000000100013        3.3516367870020658E-002
   2.0100000000100011        3.0260977758100327E-002
   2.0200000000100009        2.7045753253861993E-002
   2.0300000000100007        2.3872543890321174E-002
   2.0400000000100005        2.0743163550206445E-002
   2.0500000000100003        1.7659389383277324E-002
   2.0600000000100001        1.4622960750979963E-002
   2.0700000000099998        1.1635578199169605E-002
   2.0800000000099996        8.6989024596127451E-003
   2.0900000000099994        5.8145534809620480E-003
   2.1000000000099992        2.9841094898823695E-003
   2.1100000000099990        2.0910608298480016E-004
   2.1200000000099988       -2.5089646497937212E-003
   2.1300000000099986       -5.1686549697484985E-003
   2.1400000000099983       -7.7685623013062921E-003
   2.1500000000099981       -1.0307330010694282E-002
   2.1600000000099979       -1.2783648150826554E-002
   2.1700000000099977       -1.5196254171883805E-002
   2.1800000000099975       -1.7543933597083061E-002
   2.1900000000099973       -1.9825520663161678E-002
   2.2000000000099971       -2.2039898925124646E-002
   2.2100000000099969       -2.4186001824831882E-002
   2.2200000000099966       -2.6262813223028592E-002
   2.2300000000099964       -2.8269367894449282E-002
   2.2400000000099962       -3.0204751985657141E-002
   2.2500000000099960       -3.2068103435305195E-002
   2.2600000000099958       -3.3858612356539697E-002
   2.2700000000099956       -3.5575521381292829E-002
   2.2800000000099954       -3.7218125966245019E-002
   2.2900000000099952       -3.8785774660265782E-002
   2.3000000000099949       -4.0277869333174676E-002
   2.3100000000099947       -4.1693865365696636E-002
   2.3200000000099945       -4.3033271800515027E-002
   2.3300000000099943       -4.4295651454361040E-002
   2.3400000000099941       -4.5480620991109388E-002
   2.3500000000099939       -4.6587850955882970E-002
   2.3600000000099937       -4.7617065770201361E-002
   2.3700000000099934       -4.8568043688243578E-002
   2.3800000000099932       -4.9440616714325480E-002
   2.3900000000099930       -5.0234670481726973E-002
   2.4000000000099928       -5.0950144093038052E-002
   2.4100000000099926       -5.1587029922223748E-002
   2.4200000000099924       -5.2145373378642501E-002
   2.4300000000099922       -5.2625272633285147E-002
   2.4400000000099920       -5.3026878307533776E-002
   2.4500000000099917       -5.3350393124773021E-002
   2.4600000000099915       -5.3596071525216671E-002
   2.4700000000099913       -5.3764219244347544E-002
   2.4800000000099911       -5.3855192855396694E-002
   2.4900000000099909       -5.3869399276320451E-002
   2.5000000000099907       -5.3807295241765973E-002
   2.5100000000099905       -5.3669386740542779E-002
   2.5200000000099902       -5.3456228419150487E-002
   2.5300000000099900       -5.3168422951941408E-002
   2.5400000000099898       -5.2806620378522739E-002
   2.5500000000099896       -5.2371517409034785E-002
   2.5600000000099894       -5.1863856697965838E-002
   2.5700000000099892       -5.1284426087192303E-002
   2.5800000000099890       -5.0634057818957912E-002
   2.5900000000099888       -4.9913627719530840E-002
   2.6000000000099885       -4.9124054354302255E-002
   2.6100000000099883       -4.8266298155112214E-002
   2.6200000000099881       -4.7341360520612247E-002
   2.6300000000099879       -4.6350282890495115E-002
   2.6400000000099877       -4.5294145794442908E-002
   2.6500000000099875       -4.4174067876664586E-002
   2.6600000000099873       -4.2991204896912522E-002
   2.6700000000099871       -4.1746748708885728E-002
   2.6800000000099868       -4.0441926216944646E-002
   2.6900000000099866       -3.9077998312076256E-002
   2.7000000000099864       -3.7656258788065999E-002
   2.7100000000099862       -3.6178033238844415E-002
   2.7200000000099860       -3.4644677937988505E-002
   2.7300000000099858       -3.3057578701373241E-002
   2.7400000000099856       -3.1418149733973333E-002
   2.7500000000099853       -2.9727832461829889E-002
   2.7600000000099851       -2.7988094350201859E-002
   2.7700000000099849       -2.6200427708930163E-002
   2.7800000000099847       -2.4366348486049100E-002
   2.7900000000099845       -2.2487395050682674E-002
   2.8000000000099843       -2.0565126966270109E-002
   2.8100000000099841       -1.8601123755164456E-002
   2.8200000000099839       -1.6596983655652459E-002
   2.8300000000099836       -1.4554322372442502E-002
   2.8400000000099834       -1.2474771821667729E-002
   2.8500000000099832       -1.0359978871449904E-002
   2.8600000000099830       -8.2116040790660150E-003
   2.8700000000099828       -6.0313204257573250E-003
   2.8800000000099826       -3.8208120502131737E-003
   2.8900000000099824       -1.5817729817597104E-003
   2.9000000000099821        6.8409412572734141E-004
   2.9100000000099819        2.9750792581713925E-003
   2.9200000000099817        5.2894663029008082E-003
   2.9300000000099815        7.6255343065178838E-003
   2.9400000000099813        9.9815587280465412E-003
   2.9500000000099811        1.2355812686386636E-002
   2.9600000000099809        1.4746568201115556E-002
   2.9700000000099807        1.7152097425690654E-002
   2.9800000000099804        1.9570673872120664E-002
   2.9900000000099802        2.2000573626189623E-002
   3.0000000000099800        2.4440076552330908E-002
   3.0100000000099798        2.6887467487269640E-002
   3.0200000000099796        2.9341037421563215E-002
   3.0300000000099794        3.1799084668194005E-002
   3.0400000000099792        3.4259916017381931E-002
   3.0500000000099790        3.6721847876806935E-002
   3.0600000000099787        3.9183207396450148E-002
   3.0700000000099785        4.1642333577283946E-002
   3.0800000000099783        4.4097578363060441E-002
   3.0900000000099781        4.6547307714472019E-002
   3.1000000000099779        4.8989902664977381E-002
   3.1100000000099777        5.1423760357610149E-002
   3.1200000000099775        5.3847295062110251E-002
   3.1300000000099772        5.6258939171741185E-002
   3.1400000000099770        5.8657144179178472E-002
   3.1500000000099768        6.1040381630882851E-002
   3.1600000000099766        6.3407144059390158E-002
   3.1700000000099764        6.5755945892979478E-002
   3.1800000000099762        6.8085324342202491E-002
   3.1900000000099760        7.0393840262784224E-002
   3.2000000000099758        7.2680078994427549E-002
   3.2100000000099755        7.4942651175082697E-002
   3.2200000000099753        7.7180193530264785E-002
   3.2300000000099751        7.9391369637029474E-002
   3.2400000000099749        8.1574870662242227E-002
   3.2500000000099747        8.3729416074801638E-002
   3.2600000000099745        8.5853754331501608E-002
   3.2700000000099743        8.7946663536244807E-002
   3.2800000000099740        9.0006952072341884E-002
   3.2900000000099738        9.2033459207659596E-002
   3.3000000000099736        9.4025055672401575E-002
   3.3100000000099734        9.5980644209334831E-002
   3.3200000000099732        9.7899160096295484E-002
   3.3300000000099730        9.9779571640834952E-002
   3.3400000000099728       0.10162088064688876     
   3.3500000000099726       0.10342212285337765     
   3.3600000000099723       0.10518236834467021     
   3.3700000000099721       0.10690072193286268     
   3.3800000000099719       0.10857632351185373     
   3.3900000000099717       0.11020834838321295     
   3.4000000000099715       0.11179600755386682     
   3.4100000000099713       0.11333854800564575     
   3.4200000000099711       0.11483525293675817     
   3.4300000000099709       0.11628544197527893     
   3.4400000000099706       0.11768847136475893     
   3.4500000000099704       0.11904373412208499     
   3.4600000000099702       0.12035066016773779     
   3.4700000000099700       0.12160871642861340     
   3.4800000000099698       0.12281740691359794     
   3.4900000000099696       0.12397627276209702     
   3.5000000000099694       0.12508489226574496     
   3.5100000000099691       0.12614288086353309     
   3.5200000000099689       0.12714989111061539     
   3.5300000000099687       0.12810561262106498     
   3.5400000000099685       0.12900977198487257     
   3.5500000000099683       0.12986213265949195     
   3.5600000000099681       0.13066249483625378     
   3.5700000000099679       0.13141069528198379     
   3.5800000000099677       0.13210660715617462     
   3.5900000000099674       0.13275013980407507     
   3.6000000000099672       0.13334123852607277     
   3.6100000000099670       0.13387988432376080     
   3.6200000000099668       0.13436609362308738     
   3.6300000000099666       0.13479991797500399     
   3.6400000000099664       0.13518144373403418     
   3.6500000000099662       0.13551079171519925     
   3.6600000000099659       0.13578811682974404     
   3.6700000000099657       0.13601360770011983     
   3.6800000000099655       0.13618748625468574     
   3.6900000000099653       0.13631000730260334     
   3.7000000000099651       0.13638145808940394     
   3.7100000000099649       0.13640215783371826     
   3.7200000000099647       0.13637245724566377     
   3.7300000000099645       0.13629273802739356     
   3.7400000000099642       0.13616341235631593     
   3.7500000000099640       0.13598492235149998     
   3.7600000000099638       0.13575773952378911     
   3.7700000000099636       0.13548236421014867     
   3.7800000000099634       0.13515932499277827     
   3.7900000000099632       0.13478917810352617     
   3.8000000000099630       0.13437250681414326     
   3.8100000000099628       0.13390992081292188     
   3.8200000000099625       0.13340205556826507     
   3.8300000000099623       0.13284957167973563     
   3.8400000000099621       0.13225315421713735     
   3.8500000000099619       0.13161351204818256     
   3.8600000000099617       0.13093137715530148     
   3.8700000000099615       0.13020750394215133     
   3.8800000000099613       0.12944266853038291     
   3.8900000000099610       0.12863766804722540     
   3.9000000000099608       0.12779331990444748     
   3.9100000000099606       0.12691046106925616     
   3.9200000000099604       0.12598994732769273     
   3.9300000000099602       0.12503265254108475     
   3.9400000000099600       0.12403946789611436     
   3.9500000000099598       0.12301130114905859     
   3.9600000000099596       0.12194907586476011     
   3.9700000000099593       0.12085373065088212     
   3.9800000000099591       0.11972621838800099     
   3.9900000000099589       0.11856750545608769     
   4.0000000000099591       0.11737857095792623     
   4.0100000000099589       0.11616040594001609     
   4.0200000000099587       0.11491401261150125     
   4.0300000000099585       0.11364040356166591     
   4.0400000000099583       0.11234060097653467     
   4.0500000000099581       0.11101563585510912     
   4.0600000000099579       0.10966654722577168     
   4.0700000000099577       0.10829438136338151     
   4.0800000000099574       0.10690019100758352     
   4.0900000000099572       0.10548503458284822     
   4.1000000000099570       0.10404997542075353     
   4.1100000000099568       0.10259608098501635     
   4.1200000000099566       0.10112442209977565     
   4.1300000000099564        9.9636072181624458E-002
   4.1400000000099562        9.8132106475880859E-002
   4.1500000000099559        9.6613601297584950E-002
   4.1600000000099557        9.5081633277699890E-002
   4.1700000000099555        9.3537278614991337E-002
   4.1800000000099553        9.1981612334051666E-002
   4.1900000000099551        9.0415707549930308E-002
   4.2000000000099549        8.8840634739822288E-002
   4.2100000000099547        8.7257461022263505E-002
   4.2200000000099545        8.5667249444270704E-002
   4.2300000000099542        8.4071058276859539E-002
   4.2400000000099540        8.2469940319363805E-002
   4.2500000000099538        8.0864942212974716E-002
   4.2600000000099536        7.9257103763906850E-002
   4.2700000000099534        7.7647457276593057E-002
   4.2800000000099532        7.6037026897300047E-002
   4.2900000000099530        7.4426827968548631E-002
   4.3000000000099527        7.2817866394713188E-002
   4.3100000000099525        7.1211138019167619E-002
   4.3200000000099523        6.9607628013333506E-002
   4.3300000000099521        6.8008310277979434E-002
   4.3400000000099519        6.6414146857108725E-002
   4.3500000000099517        6.4826087364764723E-002
   4.3600000000099515        6.3245068425072964E-002
   4.3700000000099513        6.1672013125827319E-002
   4.3800000000099510        6.0107830485920666E-002
   4.3900000000099508        5.8553414936906356E-002
   4.4000000000099506        5.7009645818970167E-002
   4.4100000000099504        5.5477386891577385E-002
   4.4200000000099502        5.3957485859052523E-002
   4.4300000000099500        5.2450773911337456E-002
   4.4400000000099498        5.0958065280158504E-002
   4.4500000000099496        4.9480156810829568E-002
   4.4600000000099493        4.8017827549897807E-002
   4.4700000000099491        4.6571838348834715E-002
   4.4800000000099489        4.5142931483957927E-002
   4.4900000000099487        4.3731830292760399E-002
   4.5000000000099485        4.2339238826810621E-002
   4.5100000000099483        4.0965841521374668E-002
   4.5200000000099481        3.9612302881900208E-002
   4.5300000000099478        3.8279267187488641E-002
   4.5400000000099476        3.6967358211469459E-002
   4.5500000000099474        3.5677178959180378E-002
   4.5600000000099472        3.4409311423039324E-002
   4.5700000000099470        3.3164316354987511E-002
   4.5800000000099468        3.1942733056366024E-002
   4.5900000000099466        3.0745079185275692E-002
   4.6000000000099464        2.9571850581459835E-002
   4.6100000000099461        2.8423521108733585E-002
   4.6200000000099459        2.7300542514971216E-002
   4.6300000000099457        2.6203344309651599E-002
   4.6400000000099455        2.5132333658945960E-002
   4.6500000000099453        2.4087895298321560E-002
   4.6600000000099451        2.3070391462620743E-002
   4.6700000000099449        2.2080161833561818E-002
   4.6800000000099446        2.1117523504594948E-002
   4.6900000000099444        2.0182770963034558E-002
   4.7000000000099442        1.9276176089374819E-002
   4.7100000000099440        1.8397988173683932E-002
   4.7200000000099438        1.7548433948958497E-002
   4.7300000000099436        1.6727717641307815E-002
   4.7400000000099434        1.5936021036824011E-002
   4.7500000000099432        1.5173503564983259E-002
   4.7600000000099429        1.4440302398408100E-002
   4.7700000000099427        1.3736532568812687E-002
   4.7800000000099425        1.3062287098935088E-002
   4.7900000000099423        1.2417637150255401E-002
   4.8000000000099421        1.1802632186280415E-002
   4.8100000000099419        1.1217300151168286E-002
   4.8200000000099417        1.0661647663452456E-002
   4.8300000000099415        1.0135660224615095E-002
   4.8400000000099412        9.6393024422472551E-003
   4.8500000000099410        9.1725182675231887E-003
   4.8600000000099408        8.7352312467057214E-003
   4.8700000000099406        8.3273447863883021E-003
   4.8800000000099404        7.9487424321707523E-003
   4.8900000000099402        7.5992881604547424E-003
   4.9000000000099400        7.2788266830348114E-003
   4.9100000000099397        6.9871837641548029E-003
   4.9200000000099395        6.7241665496848291E-003
   4.9300000000099393        6.4895639080727596E-003
   4.9400000000099391        6.2831467827077492E-003
   4.9500000000099389        6.1046685553318714E-003
   4.9600000000099387        5.9538654201256591E-003
   4.9700000000099385        5.8304567680841357E-003
   4.9800000000099383        5.7341455812966458E-003
   4.9900000000099380        5.6646188367353578E-003
