0.04061853846499992
0.08855597330191257
0.11823880753394221
0.10525530591094234
0.05738227229601628
0.08855594223730037
0.19546063462666716
0.2641550463760745
0.2379649391315888
0.1312600763348596
0.11823881778466358
0.26415516596551836
0.361339845268404
0.32947415815257214
0.1839424404420676
0.10525537852250419
0.2379651940674558
0.3294743618961503
0.30413081224065386
0.17192349585925332
0.057382179142471845
0.13125991232911743
0.18394212327042397
0.171923089666126
0.09845016939927505