(-4.000000000000002e-13,1.e-18)
(-0.099982711043466,1.e-18)
(-0.1998617533378941,1.e-18)
(-0.29953378264351305,1.e-18)
(-0.3988961016127078,1.e-18)
(-0.4978469779495645,1.e-18)
(-0.5962859562907059,1.e-18)
(-0.694114161824254,1.e-18)
(-0.7912345937545723,1.e-18)
(-0.887552406831538,1.e-18)
(-0.982975179292227,1.e-18)
(-1.0774131657079653,1.e-18)
(-1.1707795333883364,1.e-18)
(-1.2629905811564848,1.e-18)
(-1.3539659395379053,1.e-18)
(-1.4436287514381616,1.e-18)
(-1.5319058328255981,1.e-18)
(-1.618727812867616,1.e-18)
(-1.7040292533081347,1.e-18)
(-1.7877487470037676,1.e-18)
(-1.86982899571799,1.e-18)
(-1.9502168674384712,1.e-18)
(-2.0288634336381413,1.e-18)
(-2.105723987044274,1.e-18)
(-2.18075804061045,1.e-18)
(-2.253929308502822,1.e-18)
(-2.325205670014133,1.e-18)
(-2.3945591174058793,1.e-18)
(-2.4619656887508015,1.e-18)
(-2.527405386904699,1.e-18)
(-2.590862085778571,1.e-18)
(-2.6523234251100605,1.e-18)
(-2.7117806949475156,1.e-18)
(-2.769228711061736,1.e-18)
(-2.8246656824905787,1.e-18)
(-2.8780930724008966,1.e-18)
(-2.92951545342217,1.e-18)
(-2.978940358567589,1.e-18)
(-3.0263781288123917,1.e-18)
(-3.071841758347353,1.e-18)
(-3.1153467384682654,1.e-18)
(-3.1569109010012855,1.e-18)
(-3.1965542621002445,1.e-18)
(-3.2342988671862236,1.e-18)
(-3.270168637732856,1.e-18)
(-3.304189220533801,1.e-18)
(-3.3363878400223665,1.e-18)
(-3.3667931541476483,1.e-18)
(-3.3954351142481323,1.e-18)
(-3.422344829302039,1.e-18)
(-3.447554434874771,1.e-18)
(-3.471096967027987,1.e-18)
(-3.4930062414018033,1.e-18)
(-3.5133167376323304,1.e-18)
(-3.5320634892206098,1.e-18)
(-3.5492819789266736,1.e-18)
(-3.5650080397235064,1.e-18)
(-3.579277761310447,1.e-18)
(-3.592127402153577,1.e-18)
(-3.603593306992383,1.e-18)
(-3.6137118297266873,1.e-18)
(-3.6225192615758437,1.e-18)
(-3.6300517643831913,1.e-18)
(-3.6363453089225044,1.e-18)
(-3.6414356180496465,1.e-18)
(-3.6453581145314073,1.e-18)
(-3.6481478733747363,1.e-18)
(-3.6498395784727564,1.e-18)
(-3.6504674833791184,1.e-18)
(-3.650065376019091,1.e-18)
(-3.648666547144077,1.e-18)
(-3.646303762336264,1.e-18)
(-3.643009237370782,1.e-18)
(-3.6388146167452886,1.e-18)
(-3.63375095518931,1.e-18)
(-3.6278487019701497,1.e-18)
(-3.6211376878161197,1.e-18)
(-3.6136471142832485,1.e-18)
(-3.6054055453970064,1.e-18)
(-3.596440901406637,1.e-18)
(-3.58678045449562,1.e-18)
(-3.5764508262985704,1.e-18)
(-3.5654779870810005,1.e-18)
(-3.553887256445422,1.e-18)
(-3.5417033054335216,1.e-18)
(-3.528950159901253,1.e-18)
(-3.515651205049609,1.e-18)
(-3.5018291910010273,1.e-18)
(-3.4875062393172263,1.e-18)
(-3.4727038503607304,1.e-18)
(-3.457442911408168,1.e-18)
(-3.4417437054295315,1.e-18)
(-3.425625920452781,1.e-18)
(-3.4091086594397098,1.e-18)
(-3.392210450601373,1.e-18)
(-3.374949258091457,1.e-18)
(-3.357342493014556,1.e-18)
(-3.339407024695703,1.e-18)
(-3.3211591921594574,1.e-18)
(-3.3026148157714363,1.e-18)
(-3.2837892089991687,1.e-18)
(-3.264697190262723,1.e-18)
(-3.2453530947844396,1.e-18)
(-3.2257707865288436,1.e-18)
(-3.2059636700494942,1.e-18)
(-3.1859447023251377,1.e-18)
(-3.165726404517892,1.e-18)
(-3.1453208736387492,1.e-18)
(-3.124739794100701,1.e-18)
(-3.1039944490414486,1.e-18)
(-3.0830957319966172,1.e-18)
(-3.062054157440664,1.e-18)
(-3.040879872217837,1.e-18)
(-3.019582665775118,1.e-18)
(-2.998171981409305,1.e-18)
(-2.9766569261998232,1.e-18)
(-2.955046281294887,1.e-18)
(-2.9333485118776848,1.e-18)
(-2.911571776919481,1.e-18)
(-2.8897239387162537,1.e-18)
(-2.867812572206763,1.e-18)
(-2.84584497407038,1.e-18)
(-2.823828171603949,1.e-18)
(-2.8017689313775254,1.e-18)
(-2.7796737676693866,1.e-18)
(-2.75754895068127,1.e-18)
(-2.7354005145354203,1.e-18)
(-2.7132342650547403,1.e-18)
(-2.691055787329192,1.e-18)
(-2.6688704530700296,1.e-18)
(-2.646683427755287,1.e-18)
(-2.6244996775694047,1.e-18)
(-2.602323976140309,1.e-18)
(-2.580160911077445,1.e-18)
(-2.5580148903144235,1.e-18)
(-2.535890148260045,1.e-18)
(-2.513790751761633,1.e-18)
(-2.491720605884565,1.e-18)
(-2.469683459512197,1.e-18)
(-2.447682910770147,1.e-18)
(-2.4257224122791796,1.e-18)
(-2.4038052762407665,1.e-18)
(-2.381934679359554,1.e-18)
(-2.3601136676068615,1.e-18)
(-2.3383451608293457,1.e-18)
(-2.316631957207033,1.e-18)
(-2.294976737564671,1.e-18)
(-2.2733820695405855,1.e-18)
(-2.2518504116169478,1.e-18)
(-2.230384117015427,1.e-18)
(-2.2089854374621622,1.e-18)
(-2.187656526825796,1.e-18)
(-2.166399444632399,1.e-18)
(-2.1452161594609502,1.e-18)
(-2.124108552222991,1.e-18)
(-2.103078419330011,1.e-18)
(-2.082127475752036,1.e-18)
(-2.06125735797076,1.e-18)
(-2.040469626830635,1.e-18)
(-2.019765770291069,1.e-18)
(-1.9991472060829087,1.e-18)
(-1.9786152842723228,1.e-18)
(-1.958171289735031,1.e-18)
(-1.937816444543823,1.e-18)
(-1.9175519102722247,1.e-18)
(-1.8973787902170327,1.e-18)
(-1.877298131542443,1.e-18)
(-1.857310927348381,1.e-18)
(-1.8374181186654956,1.e-18)
(-1.8176205963794216,1.e-18)
(-1.7979192030865552,1.e-18)
(-1.7783147348837456,1.e-18)
(-1.7588079430941088,1.e-18)
(-1.7393995359311707,1.e-18)
(-1.7200901801034232,1.e-18)
(-1.7008805023613633,1.e-18)
(-1.6817710909890071,1.e-18)
(-1.6627624972417128,1.e-18)
(-1.6438552367322918,1.e-18)
(-1.625049790767133,1.e-18)
(-1.6063466076340824,1.e-18)
(-1.5877461038437772,1.e-18)
(-1.5692486653260596,1.e-18)
(-1.5508546485830468,1.e-18)
(-1.532564381800352,1.e-18)
(-1.5143781659179658,1.e-18)
(-1.4962962756622278,1.e-18)
(-1.4783189605401779,1.e-18)
(-1.4604464457977255,1.e-18)
(-1.4426789333428571,1.e-18)
(-1.425016602635121,1.e-18)
(-1.4074596115426135,1.e-18)
(-1.390008097167596,1.e-18)
(-1.3726621766418898,1.e-18)
(-1.3554219478930654,1.e-18)
(-1.3382874903825661,1.e-18)
(-1.3212588658166842,1.e-18)
(-1.3043361188313598,1.e-18)
(-1.2875192776518147,1.e-18)
(-1.2708083547278493,1.e-18)
(-1.2542033473457084,1.e-18)
(-1.2377042382173449,1.e-18)
(-1.2213109960478994,1.e-18)
(-1.2050235760821804,1.e-18)
(-1.1888419206308907,1.e-18)
(-1.1727659595773334,1.e-18)
(-1.1567956108653146,1.e-18)
(-1.1409307809688929,1.e-18)
(-1.1251713653446467,1.e-18)
(-1.109517248867129,1.e-18)
(-1.093968306247986,1.e-18)
(-1.078524402439523,1.e-18)
(-1.063185393023119,1.e-18)
(-1.0479511245831141,1.e-18)
(-1.03282143506667,1.e-18)
(-1.0177961541301346,1.e-18)
(-1.0028751034723689,1.e-18)
(-0.9880580971555474,1.e-18)
(-0.9733449419138416,1.e-18)
(-0.9587354374504677,1.e-18)
(-0.9442293767234968,1.e-18)
(-0.9298265462208434,1.e-18)
(-0.9155267262248269,1.e-18)
(-0.9013296910666854,1.e-18)
(-0.8872352093714038,1.e-18)
(-0.8732430442932141,1.e-18)
(-0.8593529537421051,1.e-18)
(-0.8455646906017011,1.e-18)
(-0.8318780029386869,1.e-18)
(-0.8182926342043945,1.e-18)
(-0.804808323428389,1.e-18)
(-0.7914248054048655,1.e-18)
(-0.7781418108715835,1.e-18)
(-0.7649590666821131,1.e-18)
(-0.7518762959712628,1.e-18)
(-0.7388932183141361,1.e-18)
(-0.7260095498789944,1.e-18)
(-0.7132250035741501,1.e-18)
(-0.7005392891891231,1.e-18)
(-0.6879521135302701,1.e-18)
(-0.6754631805510816,1.e-18)
(-0.6630721914773524,1.e-18)
(-0.6507788449274188,1.e-18)
(-0.6385828370276263,1.e-18)
(-0.6264838615232365,1.e-18)
(-0.6144816098848982,1.e-18)
(-0.6025757714109313,1.e-18)
(-0.5907660333254023,1.e-18)
(-0.5790520808724481,1.e-18)
(-0.5674335974066032,1.e-18)
(-0.555910264479691,1.e-18)
(-0.5444817619240016,1.e-18)
(-0.5331477679322946,1.e-18)
(-0.5219079591343467,1.e-18)
(-0.5107620106705849,1.e-18)
(-0.4997095962624929,1.e-18)
(-0.4887503882803392,1.e-18)
(-0.47788405780791676,1.e-18)
(-0.4671102747047631,1.e-18)
(-0.4564287076657146,1.e-18)
(-0.4458390242780063,1.e-18)
(-0.4353408910759953,1.e-18)
(-0.4249339735935788,1.e-18)
(-0.4146179364144193,1.e-18)
(-0.4043924432200433,1.e-18)
(-0.3942571568359075,1.e-18)
(-0.38421173927550273,1.e-18)
(-0.3742558517826019,1.e-18)
(-0.3643891548716287,1.e-18)
(-0.3546113083664116,1.e-18)
(-0.3449219714371193,1.e-18)
(-0.33532080263575004,1.e-18)
(-0.32580745992992954,1.e-18)
(-0.3163816007353785,1.e-18)
(-0.30704288194682117,1.e-18)
(-0.29779095996766475,1.e-18)
(-0.2886254907382489,1.e-18)
(-0.2795461297629591,1.e-18)
(-0.2705525321360239,1.e-18)
(-0.2616443525662687,1.e-18)
(-0.2528212454006557,1.e-18)
(-0.24408286464687273,1.e-18)
(-0.23542886399480006,1.e-18)
(-0.22685889683709054,1.e-18)
(-0.21837261628876614,1.e-18)
(-0.20996967520593515,1.e-18)
(-0.20164972620367047,1.e-18)
(-0.1934124216730231,1.e-18)
(-0.185257413797326,1.e-18)
(-0.17718435456765746,1.e-18)
(-0.16919289579770017,1.e-18)
(-0.16128268913777485,1.e-18)
(-0.15345338608837047,1.e-18)
(-0.14570463801292388,1.e-18)
(-0.13803609615009385,1.e-18)
(-0.1304474116253926,1.e-18)
(-0.12293823546234295,1.e-18)
(-0.11550821859304984,1.e-18)
(-0.10815701186834445,1.e-18)
(-0.10088426606739581,1.e-18)
(-0.09368963190693173,1.e-18)
(-0.08657276004998282,1.e-18)
(-0.07953330111426847,1.e-18)
(-0.07257090568015422,1.e-18)
(-0.06568522429828515,1.e-18)
(-0.0588759074968343,1.e-18)
(-0.052142605788457023,1.e-18)
(-0.04548496967690642,1.e-18)
(-0.03890264966336942,1.e-18)
(-0.03239529625252337,1.e-18)
(-0.025962559958319368,1.e-18)
(-0.01960409130953246,1.e-18)
(-0.013319540855060864,1.e-18)
(-0.00710855916902052,1.e-18)
(-0.000970796855619151,1.e-18)
(0.005094095446154066,1.e-18)
(0.011086467058028607,1.e-18)
(0.017006667258118773,1.e-18)
(0.022855045276751296,1.e-18)
(0.028631950292442306,1.e-18)
(0.034337731428009104,1.e-18)
(0.039972737746816665,1.e-18)
(0.04553731824913338,1.e-18)
(0.0510318218686088,1.e-18)
(0.056456597468836724,1.e-18)
(0.06181199384002804,1.e-18)
(0.06709835969575198,1.e-18)
(0.07231604366976274,1.e-18)
(0.0774653943128931,1.e-18)
(0.08254676009000853,1.e-18)
(0.08756048937701846,1.e-18)
(0.09250693045793244,1.e-18)
(0.09738643152196451,1.e-18)
(0.1021993406606605,1.e-18)
(0.10694600586508066,1.e-18)
(0.11162677502297157,1.e-18)
(0.11624199591599851,1.e-18)
(0.12079201621694734,1.e-18)
(0.12527718348698716,1.e-18)
(0.12969784517288188,1.e-18)
(0.13405434860426096,1.e-18)
(0.13834704099082884,1.e-18)
(0.14257626941962426,1.e-18)
(0.14674238085221034,1.e-18)
(0.15084572212191158,1.e-18)
(0.15488663993096682,1.e-18)
(0.15886548084772756,1.e-18)
(0.16278259130377531,1.e-18)
(0.16663831759104492,1.e-18)
(0.17043300585890903,1.e-18)
(0.17416700211122518,1.e-18)
(0.1778406522033558,1.e-18)
(0.18145430183914102,1.e-18)
(0.18500829656784284,1.e-18)
(0.18850298178103794,1.e-18)
(0.19193870270947094,1.e-18)
(0.19531580441986132,1.e-18)
(0.19863463181166793,1.e-18)
(0.20189552961378088,1.e-18)
(0.20509884238121903,1.e-18)
(0.2082449144916884,1.e-18)
(0.21133409014219018,1.e-18)
(0.21436671334546809,1.e-18)
(0.2173431279265063,1.e-18)
(0.22026367751886433,1.e-18)
(0.2231287055610585,1.e-18)
(0.22593855529279847,1.e-18)
(0.22869356975121316,1.e-18)
(0.23139409176700668,1.e-18)
(0.23404046396054712,1.e-18)
(0.23663302873789957,1.e-18)
(0.23917212828679657,1.e-18)
(0.2416581045725473,1.e-18)
(0.24409129933388168,1.e-18)
(0.24647205407873454,1.e-18)
(0.2488007100799682,1.e-18)
(0.25107760837102694,1.e-18)
(0.25330308974153404,1.e-18)
(0.25547749473282005,1.e-18)
(0.25760116363339475,1.e-18)
(0.2596744364743471,1.e-18)
(0.2616976530246911,1.e-18)
(0.26367115278664655,1.e-18)
(0.26559527499083124,1.e-18)
(0.267470358591466,1.e-18)
(0.26929674226139727,1.e-18)
(0.27107476438718997,1.e-18)
(0.2728047630640492,1.e-18)
(0.2744870760907447,1.e-18)
(0.27612204096445214,1.e-18)
(0.27770999487553427,1.e-18)
(0.27925127470226807,1.e-18)
(0.2807462170055057,1.e-18)
(0.2821951580232788,1.e-18)
(0.2835984336653441,1.e-18)
(0.28495637950767566,1.e-18)
(0.2862693307868859,1.e-18)
(0.28753762239461,1.e-18)
(0.2887615888718142,1.e-18)
(0.2899415644030625,1.e-18)
(0.2910778828107207,1.e-18)
(0.2921708775491112,1.e-18)
(0.2932208816986114,1.e-18)
(0.2942282279597,1.e-18)
(0.2951932486469517,1.e-18)
(0.2961162756829788,1.e-18)
(0.2969976405923311,1.e-18)
(0.2978376744953299,1.e-18)
(0.2986367081018711,1.e-18)
(0.29939507170516755,1.e-18)
(0.3001130951754515,1.e-18)
(0.3007911079536274,1.e-18)
(0.3014294390448799,1.e-18)
(0.3020284170122423,1.e-18)
(0.30258836997011024,1.e-18)
(0.3031096255777286,1.e-18)
(0.3035925110326199,1.e-18)
(0.30403735306398655,1.e-18)
(0.3044444779260636,1.e-18)
(0.30481421139143816,1.e-18)
(0.3051468787443251,1.e-18)
(0.30544280477381575,1.e-18)
(0.3057023137670792,1.e-18)
(0.3059257295025374,1.e-18)
(0.30611337524299864,1.e-18)
(0.306265573728767,1.e-18)
(0.3063826471707126,1.e-18)
(0.3064649172433007,1.e-18)
(0.3065127050776631,1.e-18)
(0.3065263312544621,1.e-18)
(0.30650611579696424,1.e-18)
(0.30645237816389337,1.e-18)
(0.3063654372424068,1.e-18)
(0.3062456113408518,1.e-18)
(0.3060932181817356,1.e-18)
(0.30590857489449447,1.e-18)
(0.30569199800831415,1.e-18)
(0.3054438034449165,1.e-18)
(0.3051643065113244,1.e-18)
(0.3048538218926095,1.e-18)
(0.3045126636446205,1.e-18)
(0.3041411451866975,1.e-18)
(0.303739579294366,1.e-18)
(0.3033082780920202,1.e-18)
(0.3028475530455903,1.e-18)
(0.30235771495519526,1.e-18)
(0.30183907394778836,1.e-18)
(0.30129193946978644,1.e-18)
(0.3007166202796823,1.e-18)
(0.3001134244407148,1.e-18)
(0.2994826593133583,1.e-18)
(0.2988246315480372,1.e-18)
(0.298139647077647,1.e-18)
(0.2974280111102164,1.e-18)
(0.29669002812136874,1.e-18)
(0.2959260018470225,1.e-18)
(0.29513623527589933,1.e-18)
(0.29432103064217546,1.e-18)
(0.2934806894179342,1.e-18)
(0.29261551230587135,1.e-18)
(0.2917257992318105,1.e-18)
(0.2908118493373052,1.e-18)
(0.2898739609722193,1.e-18)
(0.2889124316873252,1.e-18)
(0.28792755822690014,1.e-18)
(0.2869196365213305,1.e-18)
(0.28588896167972594,1.e-18)
(0.2848358279825414,1.e-18)
(0.283760528874207,1.e-18)
(0.28266335695575645,1.e-18)
(0.2815446039775431,1.e-18)
(0.280404560831784,1.e-18)
(0.2792435175453563,1.e-18)
(0.27806176327242166,1.e-18)
(0.2768595862872025,1.e-18)
(0.2756372739765887,1.e-18)
(0.27439511283299806,1.e-18)
(0.2731333884470594,1.e-18)
(0.2718523855004653,1.e-18)
(0.2705523877586496,1.e-18)
(0.26923367806371784,1.e-18)
(0.26789653832722143,1.e-18)
(0.2665412495230818,1.e-18)
(0.2651680916803642,1.e-18)
(0.2637773438762945,1.e-18)
(0.2623692842291351,1.e-18)
(0.2609441898911451,1.e-18)
(0.2595023370416153,1.e-18)
(0.25804400087976914,1.e-18)
(0.25656945561791517,1.e-18)
(0.2550789744744422,1.e-18)
(0.2535728296669883,1.e-18)
(0.2520512924054526,1.e-18)
(0.2505146328852675,1.e-18)
(0.2489631202805202,1.e-18)
(0.24739702273724545,1.e-18)
(0.24581660736656627,1.e-18)
(0.24422214023809868,1.e-18)
(0.2426138863732114,1.e-18)
(0.24099210973845017,1.e-18)
(0.2393570732388298,1.e-18)
(0.23770903871137478,1.e-18)
(0.23604826691852981,1.e-18)
(0.2343750175417336,1.e-18)
(0.2326895491748656,1.e-18)
(0.23099211931794136,1.e-18)
(0.2292829843706819,1.e-18)
(0.22756239962623873,1.e-18)
(0.22583061926485862,1.e-18)
(0.2240878963476412,1.e-18)
(0.22233448281039145,1.e-18)
(0.22057062945741732,1.e-18)
(0.2187965859554768,1.e-18)
(0.2170126008276192,1.e-18)
(0.21521892144726432,1.e-18)
(0.213415794032173,1.e-18)
(0.2116034636385821,1.e-18)
(0.20978217415523345,1.e-18)
(0.207952168297643,1.e-18)
(0.2061136876022656,1.e-18)
(0.20426697242082617,1.e-18)
(0.2024122619145447,1.e-18)
(0.20054979404861004,1.e-18)
(0.19867980558654244,1.e-18)
(0.1968025320847332,1.e-18)
(0.1949182078868797,1.e-18)
(0.19302706611866144,1.e-18)
(0.19112933868232448,1.e-18)
(0.18922525625141623,1.e-18)
(0.18731504826548986,1.e-18)
(0.18539894292490638,1.e-18)
(0.1834771671857282,1.e-18)
(0.18154994675463465,1.e-18)
(0.1796175060838579,1.e-18)
(0.177680068366214,1.e-18)
(0.17573785553023205,1.e-18)
(0.1737910882352603,1.e-18)
(0.17183998586671695,1.e-18)
(0.1698847665312743,1.e-18)
(0.16792564705226687,1.e-18)
(0.16596284296502423,1.e-18)
(0.16399656851236474,1.e-18)
(0.1620270366400245,1.e-18)
(0.1600544589923024,1.e-18)
(0.15807904590764596,1.e-18)
(0.15610100641437993,1.e-18)
(0.15412054822642585,1.e-18)
(0.1521378777391197,1.e-18)
(0.15015320002512642,1.e-18)
(0.14816671883038524,1.e-18)
(0.14617863657009106,1.e-18)
(0.14418915432477214,1.e-18)
(0.14219847183645962,1.e-18)
(0.14020678750489346,1.e-18)
(0.13821429838376945,1.e-18)
(0.13622120017707387,1.e-18)
(0.13422768723552306,1.e-18)
(0.1322339525530297,1.e-18)
(0.13024018776321883,1.e-18)
(0.12824658313603512,1.e-18)
(0.12625332757445046,1.e-18)
(0.12426060861117624,1.e-18)
(0.12226861240551018,1.e-18)
(0.12027752380560457,1.e-18)
(0.11828752601823922,1.e-18)
(0.11629880126027936,1.e-18)
(0.1143115301013183,1.e-18)
(0.11232589178804332,1.e-18)
(0.11034206417601727,1.e-18)
(0.10836022372700009,1.e-18)
(0.10638054550631783,1.e-18)
(0.10440320318027871,1.e-18)
(0.10242836901368604,1.e-18)
(0.10045621386744155,1.e-18)
(0.098486907196198,1.e-18)
(0.0965206170460619,1.e-18)
(0.09455751005239373,1.e-18)
(0.09259775143769461,1.e-18)
(0.09064150500954732,1.e-18)
(0.08868893315860976,1.e-18)
(0.08674019685670138,1.e-18)
(0.08479545565498073,1.e-18)
(0.08285486768217488,1.e-18)
(0.08091858964286561,1.e-18)
(0.07898677681586815,1.e-18)
(0.07705958305270098,1.e-18)
(0.0751371607760905,1.e-18)
(0.07321966097858588,1.e-18)
(0.07130723322121048,1.e-18)
(0.06940002563220704,1.e-18)
(0.06749818490586969,1.e-18)
(0.06560185630143557,1.e-18)
(0.06371118364203614,1.e-18)
(0.06182630888066792,1.e-18)
(0.05994737426466156,1.e-18)
(0.05807451800418699,1.e-18)
(0.056207878602183035,1.e-18)
(0.05434759268835378,1.e-18)
(0.05249379545165892,1.e-18)
(0.05064662063979773,1.e-18)
(0.048806200558755286,1.e-18)
(0.04697266607243635,1.e-18)
(0.04514614660238423,1.e-18)
(0.0433267701275607,1.e-18)
(0.04151466318419155,1.e-18)
(0.0397099508656985,1.e-18)
(0.037912756822712154,1.e-18)
(0.036123203263150244,1.e-18)
(0.034341410952359964,1.e-18)
(0.03256749921335528,1.e-18)
(0.030801585927109357,1.e-18)
(0.029043787532939416,1.e-18)
(0.027294219028954878,1.e-18)
(0.025552993972574524,1.e-18)
(0.023820224481125203,1.e-18)
(0.02209602123251902,1.e-18)
(0.020380493465997285,1.e-18)
(0.018673748982944553,1.e-18)
(0.016975894147782337,1.e-18)
(0.015287033888938966,1.e-18)
(0.013607271699889225,1.e-18)
(0.011936709640262397,1.e-18)
(0.010275448337030046,1.e-18)
(0.008623586985767673,1.e-18)
(0.0069812233519865804,1.e-18)
(0.005348453772535468,1.e-18)
(0.003725373157081235,1.e-18)
(0.002112074989657151,1.e-18)
(0.0005086513302882762,1.e-18)
(-0.0010848071833166606,1.e-18)
(-0.0026682113339968035,1.e-18)
(-0.00424147332330002,1.e-18)
(-0.005804506769573209,1.e-18)
(-0.007357226705979408,1.e-18)
(-0.008899549578444894,1.e-18)
(-0.010431393243532584,1.e-18)
(-0.011952676966247711,1.e-18)
(-0.0134633214177731,1.e-18)
(-0.014963248673128673,1.e-18)
(-0.016452382208763435,1.e-18)
(-0.01793064690008026,1.e-18)
(-0.01939796901889008,1.e-18)
(-0.020854276230789903,1.e-18)
(-0.02229949759247531,1.e-18)
(-0.023733563548988843,1.e-18)
(-0.02515640593089558,1.e-18)
(-0.02656795795138294,1.e-18)
(-0.027968154203304733,1.e-18)
(-0.02935693065614165,1.e-18)
(-0.030734224652917995,1.e-18)
(-0.03209997490702024,1.e-18)
(-0.03345412149897296,1.e-18)
(-0.03479660587312702,1.e-18)
(-0.036127370834310224,1.e-18)
(-0.03744636054437513,1.e-18)
(-0.03875352051870979,1.e-18)
(-0.04004879762265809,1.e-18)
(-0.04133214006790981,1.e-18)
(-0.04260349740878155,1.e-18)
(-0.04386282053846705,1.e-18)
(-0.04511006168519802,1.e-18)
(-0.04634517440836473,1.e-18)
(-0.04756811359456112,1.e-18)
(-0.04877883545355439,1.e-18)
(-0.04997729751420187,1.e-18)
(-0.051163458620316044,1.e-18)
(-0.05233727892645655,1.e-18)
(-0.053498719893644346,1.e-18)
(-0.05464774428504408,1.e-18)
(-0.05578431616154953,1.e-18)
(-0.056908400877360675,1.e-18)
(-0.058019965075434055,1.e-18)
(-0.05911897668292632,1.e-18)
(-0.06020540490653381,1.e-18)
(-0.06127922022783191,1.e-18)
(-0.062340394398483275,1.e-18)
(-0.06338890043544232,1.e-18)
(-0.06442471261605985,1.e-18)
(-0.06544780647318704,1.e-18)
(-0.06645815879014841,1.e-18)
(-0.06745574759571646,1.e-18)
(-0.06844055215898277,1.e-18)
(-0.06941255298423765,1.e-18)
(-0.07037173180571145,1.e-18)
(-0.07131807158232673,1.e-18)
(-0.07225155649234788,1.e-18)
(-0.07317217192801861,1.e-18)
(-0.07407990449012607,1.e-18)
(-0.07497474198248456,1.e-18)
(-0.07585667340641404,1.e-18)
(-0.07672568895511278,1.e-18)
(-0.07758178000805298,1.e-18)
(-0.07842493912523035,1.e-18)
(-0.07925516004143687,1.e-18)
(-0.08007243766042489,1.e-18)
(-0.08087676804909834,1.e-18)
(-0.08166814843155563,1.e-18)
(-0.08244657718316056,1.e-18)
(-0.083212053824507,1.e-18)
(-0.08396457901540912,1.e-18)
(-0.08470415454874831,1.e-18)
(-0.08543078334435023,1.e-18)
(-0.0861444694427516,1.e-18)
(-0.0868452179990061,1.e-18)
(-0.08753303527633624,1.e-18)
(-0.08820792863981979,1.e-18)
(-0.08886990654999787,1.e-18)
(-0.08951897855644367,1.e-18)
(-0.09015515529128615,1.e-18)
(-0.09077844846268981,1.e-18)
(-0.09138887084829726,1.e-18)
(-0.091986436288592,1.e-18)
(-0.09257115968030842,1.e-18)
(-0.09314305696967955,1.e-18)
(-0.09370214514574195,1.e-18)
(-0.09424844223352269,1.e-18)
(-0.09478196728728518,1.e-18)
(-0.09530274038361512,1.e-18)
(-0.09581078261455951,1.e-18)
(-0.09630611608065931,1.e-18)
(-0.09678876388403596,1.e-18)
(-0.09725875012132144,1.e-18)
(-0.09771609987664723,1.e-18)
(-0.09816083921452251,1.e-18)
(-0.09859299517277519,1.e-18)
(-0.09901259575533351,1.e-18)
(-0.09941966992506551,1.e-18)
(-0.09981424759654453,1.e-18)
(-0.10019635962878996,1.e-18)
(-0.10056603781797165,1.e-18)
(-0.10092331489008288,1.e-18)
(-0.10126822449357868,1.e-18)
(-0.10160080119198499,1.e-18)
(-0.10192108045647294,1.e-18)
(-0.10222909865840654,1.e-18)
(-0.10252489306186237,1.e-18)
(-0.1028085018160804,1.e-18)
(-0.10307996394798868,1.e-18)
(-0.10333931935456175,1.e-18)
(-0.1035866087952602,1.e-18)
(-0.10382187388436134,1.e-18)
(-0.10404515708337064,1.e-18)
(-0.10425650169327273,1.e-18)
(-0.10445595184686138,1.e-18)
(-0.10464355250096803,1.e-18)
(-0.1048193494287689,1.e-18)
(-0.10498338921193531,1.e-18)
(-0.10513571923286126,1.e-18)
(-0.10527638766682698,1.e-18)
(-0.10540544347414695,1.e-18)
(-0.10552293639229494,1.e-18)
(-0.10562891692800969,1.e-18)
(-0.10572343634937903,1.e-18)
(-0.10580654667790158,1.e-18)
(-0.10587830068053188,1.e-18)
(-0.10593875186170391,1.e-18)
(-0.1059879544553384,1.e-18)
(-0.10602596341683,1.e-18)
(-0.10605283441501762,1.e-18)
(-0.10606862382413933,1.e-18)
(-0.10607338871577561,1.e-18)
(-0.10606718685073688,1.e-18)
(-0.1060500766710404,1.e-18)
(-0.10602211729173147,1.e-18)
(-0.10598336849280425,1.e-18)
(-0.10593389071102374,1.e-18)
(-0.10587374503184901,1.e-18)
(-0.10580299318120144,1.e-18)
(-0.10572169751732832,1.e-18)
(-0.10562992102261208,1.e-18)
(-0.10552772729537589,1.e-18)
(-0.10541518054168374,1.e-18)
(-0.10529234556712119,1.e-18)
(-0.10515928776857852,1.e-18)
(-0.1050160731260172,1.e-18)
(-0.10486276819423361,1.e-18)
(-0.10469944009461436,1.e-18)
(-0.10452615650688218,1.e-18)
(-0.10434298566084102,1.e-18)
(-0.10414999632811188,1.e-18)
(-0.10394725781386392,1.e-18)
(-0.10373483994854392,1.e-18)
(-0.10351281307959963,1.e-18)
(-0.1032812480632008,1.e-18)
(-0.10304021625595648,1.e-18)
(-0.10278978950664124,1.e-18)
(-0.10253004014787044,1.e-18)
(-0.10226104098788921,1.e-18)
(-0.1019828653022126,1.e-18)
(-0.10169558682537623,1.e-18)
(-0.10139927974264204,1.e-18)
(-0.10109401868171648,1.e-18)
(-0.10077987870446753,1.e-18)
(-0.10045693529864373,1.e-18)
(-0.10012526436959995,1.e-18)
(-0.09978494223202267,1.e-18)
(-0.09943604560166094,1.e-18)
(-0.09907865158706237,1.e-18)
(-0.09871283768131477,1.e-18)
(-0.09833868175379193,1.e-18)
(-0.09795626204190659,1.e-18)
(-0.09756565714287027,1.e-18)
(-0.09716694600546087,1.e-18)
(-0.09676020792179847,1.e-18)
(-0.09634552251912709,1.e-18)
(-0.09592296975160913,1.e-18)
(-0.09549262989212595,1.e-18)
(-0.09505458352409231,1.e-18)
(-0.09460891153327694,1.e-18)
(-0.09415569509963814,1.e-18)
(-0.09369501568917045,1.e-18)
(-0.09322695504575865,1.e-18)
(-0.09275159518305351,1.e-18)
(-0.09226901837635292,1.e-18)
(-0.09177930715449989,1.e-18)
(-0.09128254429179478,1.e-18)
(-0.09077881279992243,1.e-18)
(-0.09026819591989532,1.e-18)
(-0.08975077711400947,1.e-18)
(-0.08922664005781997,1.e-18)
(-0.0886958686321345,1.e-18)
(-0.08815854691501784,1.e-18)
(-0.08761475917382172,1.e-18)
(-0.08706458985722873,1.e-18)
(-0.08650812358731655,1.e-18)
(-0.08594544515164004,1.e-18)
(-0.08537663949533628,1.e-18)
(-0.08480179171324718,1.e-18)
(-0.08422098704206332,1.e-18)
(-0.0836343108524903,1.e-18)
(-0.08304184864143781,1.e-18)
(-0.08244368602422601,1.e-18)
(-0.08183990872682213,1.e-18)
(-0.08123060257808128,1.e-18)
(-0.08061585350208897,1.e-18)
(-0.07999574751034386,1.e-18)
(-0.0793703706942055,1.e-18)
(-0.07873980921718975,1.e-18)
(-0.07810414930736043,1.e-18)
(-0.07746347724973342,1.e-18)
(-0.07681787937870967,1.e-18)
(-0.0761674420705346,1.e-18)
(-0.075512251735785,1.e-18)
(-0.07485239481188206,1.e-18)
(-0.07418795775563591,1.e-18)
(-0.07351902703581675,1.e-18)
(-0.07284568912575505,1.e-18)
(-0.07216803049597334,1.e-18)
(-0.07148613760684629,1.e-18)
(-0.07080009690129217,1.e-18)
(-0.07010999479748402,1.e-18)
(-0.06941591768165652,1.e-18)
(-0.06871795190078626,1.e-18)
(-0.06801618375551381,1.e-18)
(-0.0673106994929433,1.e-18)
(-0.06660158529953357,1.e-18)
(-0.06588892729401713,1.e-18)
(-0.0651728115203508,1.e-18)
(-0.06445332394068992,1.e-18)
(-0.06373055042845799,1.e-18)
(-0.06300457676130279,1.e-18)
(-0.062275488614285154,1.e-18)
(-0.06154337155295616,1.e-18)
(-0.0608083110265284,1.e-18)
(-0.060070392361076294,1.e-18)
(-0.05932970075277045,1.e-18)
(-0.05858632126115312,1.e-18)
(-0.057840338802438086,1.e-18)
(-0.05709183814290647,1.e-18)
(-0.056340903892203295,1.e-18)
(-0.055587620496855145,1.e-18)
(-0.0548320722336902,1.e-18)
(-0.054074343203352596,1.e-18)
(-0.053314517323847614,1.e-18)
(-0.05255267832412692,1.e-18)
(-0.051788909737706945,1.e-18)
(-0.05102329489637626,1.e-18)
(-0.05025591692382151,1.e-18)
(-0.04948685872946015,1.e-18)
(-0.048716203002190206,1.e-18)
(-0.04794403220423299,1.e-18)
(-0.04717042856500874,1.e-18)
(-0.04639547407505702,1.e-18)
(-0.0456192504799913,1.e-18)
(-0.04484183927454104,1.e-18)
(-0.04406332169652988,1.e-18)
(-0.04328377872104114,1.e-18)
(-0.042503291054519686,1.e-18)
(-0.04172193912896397,1.e-18)
(-0.04093980309615109,1.e-18)
(-0.04015696282191253,1.e-18)
(-0.039373497880451185,1.e-18)
(-0.03858948754870071,1.e-18)
(-0.03780501080076618,1.e-18)
(-0.03702014630231999,1.e-18)
(-0.036234972405167,1.e-18)
(-0.035449567141763734,1.e-18)
(-0.034664008219822226,1.e-18)
(-0.03387837301695495,1.e-18)
(-0.03309273857536791,1.e-18)
(-0.03230718159659497,1.e-18)
(-0.031521778436312646,1.e-18)
(-0.030736605099125403,1.e-18)
(-0.029951737233502744,1.e-18)
(-0.029167250126687246,1.e-18)
(-0.02838321869968397,1.e-18)
(-0.02759971750229133,1.e-18)
(-0.026816820708184672,1.e-18)
(-0.026034602110042635,1.e-18)
(-0.02525313511474611,1.e-18)
(-0.024472492738588016,1.e-18)
(-0.023692747602556536,1.e-18)
(-0.0229139719276866,1.e-18)
(-0.02213623753042773,1.e-18)
(-0.02135961581808106,1.e-18)
(-0.020584177784284143,1.e-18)
(-0.019809994004547676,1.e-18)
(-0.019037134631839016,1.e-18)
(-0.018265669392237102,1.e-18)
(-0.017495667580591966,1.e-18)
(-0.016727198056297906,1.e-18)
(-0.0159603292390734,1.e-18)
(-0.015195129104809657,1.e-18)
(-0.014431665181470309,1.e-18)
(-0.013670004545043007,1.e-18)
(-0.012910213815540935,1.e-18)
(-0.012152359153068178,1.e-18)
(-0.011396506253918502,1.e-18)
(-0.010642720346739016,1.e-18)
(-0.009891066188754941,1.e-18)
(-0.00914160806203151,1.e-18)
(-0.008394409769797202,1.e-18)
(-0.007649534632820221,1.e-18)
(-0.006907045485836346,1.e-18)
(-0.00616700467403656,1.e-18)
(-0.005429474049597367,1.e-18)
(-0.004694514968272696,1.e-18)
(-0.003962188286042367,1.e-18)
(-0.0032325543558073843,1.e-18)
(-0.0025056730241424527,1.e-18)
(-0.0017816036281032852,1.e-18)
(-0.0010604049920874053,1.e-18)
(-0.00034213542474913834,1.e-18)
(0.0003731472840304374,1.e-18)
(0.0010853858661201519,1.e-18)
(0.0017945235780598707,1.e-18)
(0.0025005042039273574,1.e-18)
(0.0032032720581514026,1.e-18)
(0.0039027719882693615,1.e-18)
(0.004598949377630378,1.e-18)
(0.0052917501480432136,1.e-18)
(0.005981120762373614,1.e-18)
(0.00666700822707949,1.e-18)
(0.007349360094694346,1.e-18)
(0.008028124466262583,1.e-18)
(0.008703249993709979,1.e-18)
(0.00937468588216539,1.e-18)
(0.010042381892225756,1.e-18)
(0.010706288342165015,1.e-18)
(0.01136635611009698,1.e-18)
(0.012022536636068212,1.e-18)
(0.012674781924102877,1.e-18)
(0.013323044544204842,1.e-18)
(0.013967277634286429,1.e-18)
(0.014607434902053198,1.e-18)
(0.015243470626830966,1.e-18)
(0.015875339661339055,1.e-18)
(0.016502997433405726,1.e-18)
(0.01712639994764354,1.e-18)
(0.01774550378704488,1.e-18)
(0.018360266114536,1.e-18)
(0.018970644674492804,1.e-18)
(0.01957659779417509,1.e-18)
(0.020178084385121878,1.e-18)
(0.02077506394448883,1.e-18)
(0.021367496556328677,1.e-18)
(0.021955342892835253,1.e-18)
(0.022538564215500975,1.e-18)
(0.02311712237623861,1.e-18)
(0.023690979818467742,1.e-18)
(0.02426009957811392,1.e-18)
(0.024824445284573938,1.e-18)
(0.025383981161622344,1.e-18)
(0.025938672028260678,1.e-18)
(0.02648848329953624,1.e-18)
(0.02703338098726721,1.e-18)
(0.027573331700735344,1.e-18)
(0.028108302647351542,1.e-18)
(0.02863826163322491,1.e-18)
(0.02916317706370376,1.e-18)
(0.02968301794385788,1.e-18)
(0.0301977538789097,1.e-18)
(0.03070735507460708,1.e-18)
(0.031211792337570692,1.e-18)
(0.03171103707554171,1.e-18)
(0.03220506129760267,1.e-18)
(0.03269383761437662,1.e-18)
(0.03317733923812271,1.e-18)
(0.03365553998281012,1.e-18)
(0.034128414264133676,1.e-18)
(0.03459593709947234,1.e-18)
(0.03505808410782887,1.e-18)
(0.03551483150966139,1.e-18)
(0.035966156126696416,1.e-18)
(0.036412035381722316,1.e-18)
(0.03685244729827586,1.e-18)
(0.03728737050031119,1.e-18)
(0.037716784211811766,1.e-18)
(0.03814066825634581,1.e-18)
(0.038559003056606644,1.e-18)
(0.03897176963383584,1.e-18)
(0.03937894960727171,1.e-18)
(0.03978052519348098,1.e-18)
(0.0401764792057168,1.e-18)
(0.04056679505316069,1.e-18)
(0.04095145674014967,1.e-18)
(0.04133044886534796,1.e-18)
(0.041703756620865624,1.e-18)
(0.04207136579136433,1.e-18)
(0.04243326275305046,1.e-18)
(0.04278943447265819,1.e-18)
(0.043139868506420875,1.e-18)
(0.043484552998932724,1.e-18)
(0.04382347668199822,1.e-18)
(0.044156628873427625,1.e-18)
(0.044483999475781875,1.e-18)
(0.04480557897510745,1.e-18)
(0.045121358439549855,1.e-18)
(0.04543132951800822,1.e-18)
(0.04573548443866263,1.e-18)
(0.046033816007550146,1.e-18)
(0.04632631760701182,1.e-18)
(0.04661298319413792,1.e-18)
(0.046893807299151116,1.e-18)
(0.04716878502379209,1.e-18)
(0.04743791203957206,1.e-18)
(0.04770118458607935,1.e-18)
(0.047958599469155754,1.e-18)
(0.04821015405912758,1.e-18)
(0.04845584628890587,1.e-18)
(0.048695674652088634,1.e-18)
(0.04892963820101263,1.e-18)
(0.049157736544756525,1.e-18)
(0.04937996984714549,1.e-18)
(0.04959633882463643,1.e-18)
(0.04980684474420521,1.e-18)
(0.0500114894212418,1.e-18)
(0.05021027521732291,1.e-18)
(0.050403205037989736,1.e-18)
(0.05059028233047849,1.e-18)
(0.050771511081402876,1.e-18)
(0.0509468958144438,1.e-18)
(0.05111644158790779,1.e-18)
(0.05128015399235131,1.e-18)
(0.051438039148070866,1.e-18)
(0.05159010370266397,1.e-18)
(0.0517363548284542,1.e-18)
(0.051876800219930436,1.e-18)
(0.05201144809112697,1.e-18)
(0.052140307173021115,1.e-18)
(0.05226338671079285,1.e-18)
(0.05238069646116013,1.e-18)
(0.05249224668957919,1.e-18)
(0.052598048167518834,1.e-18)
(0.05269811216960308,1.e-18)
(0.052792450470767735,1.e-18)
(0.05288107534337396,1.e-18)
(0.05296399955427948,1.e-18)
(0.053041236361924815,1.e-18)
(0.05311279951328951,1.e-18)
(0.0531787032409244,1.e-18)
(0.05323896225985212,1.e-18)
(0.05329359176454665,1.e-18)
(0.05334260742578286,1.e-18)
(0.053386025387502575,1.e-18)
(0.05342386226363165,1.e-18)
(0.0534561351349178,1.e-18)
(0.0534828615456378,1.e-18)
(0.05350405950038507,1.e-18)
(0.05351974746072816,1.e-18)
(0.05352994434195252,1.e-18)
(0.05353466950967217,1.e-18)
(0.05353394277646269,1.e-18)
(0.053527784398449706,1.e-18)
(0.05351621507191809,1.e-18)
(0.05349925592979405,1.e-18)
(0.053476928538202066,1.e-18)
(0.05344925489295577,1.e-18)
(0.05341625741598168,1.e-18)
(0.05337795895182025,1.e-18)
(0.05333438276399907,1.e-18)
(0.05328555253143405,1.e-18)
(0.05323149234478445,1.e-18)
(0.05317222670283741,1.e-18)
(0.0531077805087627,1.e-18)
(0.05303817906646358,1.e-18)
(0.05296344807679517,1.e-18)
(0.05288361363387978,1.e-18)
(0.05279870222129388,1.e-18)
(0.052708740708285684,1.e-18)
(0.05261375634595334,1.e-18)
(0.052513776763450336,1.e-18)
(0.05240882996407044,1.e-18)
(0.052298944321424366,1.e-18)
(0.052184148575495345,1.e-18)
(0.052064471828787866,1.e-18)
(0.051939943542354476,1.e-18)
(0.0518105935318565,1.e-18)
(0.05167645196358623,1.e-18)
(0.05153754935052184,1.e-18)
(0.05139391654826371,1.e-18)
(0.05124558475105618,1.e-18)
(0.051092585487750634,1.e-18)
(0.05093495061771459,1.e-18)
(0.050772712326824065,1.e-18)
(0.05060590312334046,1.e-18)
(0.05043455583382358,1.e-18)
(0.05025870359900942,1.e-18)
(0.05007837986972484,1.e-18)
(0.049893618402686454,1.e-18)
(0.04970445325639982,1.e-18)
(0.049510918786941804,1.e-18)
(0.049313049643843386,1.e-18)
(0.04911088076585942,1.e-18)
(0.04890444737677581,1.e-18)
(0.04869378498118753,1.e-18)
(0.04847892936031273,1.e-18)
(0.048259916567699554,1.e-18)
(0.04803678292502093,1.e-18)
(0.04780956501781882,1.e-18)
(0.04757829969120343,1.e-18)
(0.047343024045636485,1.e-18)
(0.04710377543261236,1.e-18)
(0.046860591450368076,1.e-18)
(0.04661350993962476,1.e-18)
(0.046362568979224916,1.e-18)
(0.046107806881859635,1.e-18)
(0.04584926218974956,1.e-18)
(0.045586973670283124,1.e-18)
(0.04532098031174326,1.e-18)
(0.04505132131893157,1.e-18)
(0.04477803610884042,1.e-18)
(0.044501164306295325,1.e-18)
(0.04422074573964303,1.e-18)
(0.04393682043634301,1.e-18)
(0.0436494286186555,1.e-18)
(0.043358610699236,1.e-18)
(0.04306440727682647,1.e-18)
(0.042766859131853505,1.e-18)
(0.04246600722206998,1.e-18)
(0.042161892678177916,1.e-18)
(0.041854556799491544,1.e-18)
(0.04154404104951585,1.e-18)
(0.04123038705160787,1.e-18)
(0.04091363658460636,1.e-18)
(0.04059383157842531,1.e-18)
(0.040271014109735194,1.e-18)
(0.03994522639755783,1.e-18)
(0.03961651079889968,1.e-18)
(0.039284909804416825,1.e-18)
(0.038950466034002804,1.e-18)
(0.03861322223245785,1.e-18)
(0.03827322126513096,1.e-18)
(0.03793050611353111,1.e-18)
(0.03758511987102375,1.e-18)
(0.03723710573844997,1.e-18)
(0.03688650701979115,1.e-18)
(0.03653336711782144,1.e-18)
(0.036177729529804394,1.e-18)
(0.03581963784311881,1.e-18)
(0.03545913573096544,1.e-18)
(0.0350962669480504,1.e-18)
(0.03473107532624549,1.e-18)
(0.03436360477032798,1.e-18)
(0.03399389925365564,1.e-18)
(0.03362200281387726,1.e-18)
(0.03324795954868067,1.e-18)
(0.032871813611477216,1.e-18)
(0.03249360920716587,1.e-18)
(0.03211339058787735,1.e-18)
(0.03173120204870159,1.e-18)
(0.03134708792349109,1.e-18)
(0.03096109258060794,1.e-18)
(0.030573260418707726,1.e-18)
(0.030183635862559205,1.e-18)
(0.029792263358811084,1.e-18)
(0.02939918737183472,1.e-18)
(0.02900445237955126,1.e-18)
(0.028608102869247438,1.e-18)
(0.028210183333464724,1.e-18)
(0.027810738265839453,1.e-18)
(0.027409812156986263,1.e-18)
(0.027007449490384004,1.e-18)
(0.026603694738302625,1.e-18)
(0.026198592357687286,1.e-18)
(0.025792186786113017,1.e-18)
(0.025384522437732263,1.e-18)
(0.024975643699214064,1.e-18)
(0.024565594925754042,1.e-18)
(0.02415442043704405,1.e-18)
(0.023742164513280775,1.e-18)
(0.02332887139120955,1.e-18)
(0.022914585260134273,1.e-18)
(0.022499350257994023,1.e-18)
(0.022083210467436828,1.e-18)
(0.021666209911890416,1.e-18)
(0.021248392551699812,1.e-18)
(0.020829802280233803,1.e-18)
(0.020410482920029373,1.e-18)
(0.019990478218971333,1.e-18)
(0.019569831846446936,1.e-18)
(0.01914858738956318,1.e-18)
(0.018726788349361343,1.e-18)
(0.018304478137059228,1.e-18)
(0.01788170007029341,1.e-18)
(0.01745849736942066,1.e-18)
(0.01703491315380069,1.e-18)
(0.016610990438114866,1.e-18)
(0.016186772128720602,1.e-18)
(0.015762301019989537,1.e-18)
(0.015337619790703933,1.e-18)
(0.014912771000460246,1.e-18)
(0.014487797086080167,1.e-18)
(0.014062740358077985,1.e-18)
(0.013637642997116704,1.e-18)
(0.01321254705050013,1.e-18)
(0.01278749442869958,1.e-18)
(0.012362526901873552,1.e-18)
(0.011937686096440598,1.e-18)
(0.01151301349166099,1.e-18)
(0.011088550416246783,1.e-18)
(0.01066433804498431,1.e-18)
(0.010240417395405148,1.e-18)
(0.009816829324454565,1.e-18)
(0.009393614525207825,1.e-18)
(0.008970813523587116,1.e-18)
(0.008548466675125361,1.e-18)
(0.008126614161744292,1.e-18)
(0.007705295988562016,1.e-18)
(0.007284551980717227,1.e-18)
(0.006864421780237235,1.e-18)
(0.006444944842914129,1.e-18)
(0.0060261604352149405,1.e-18)
(0.005608107631223032,1.e-18)
(0.005190825309592761,1.e-18)
(0.0047743521505444865,1.e-18)
(0.0043587266328811184,1.e-18)
(0.003943987031027594,1.e-18)
(0.0035301714121085312,1.e-18)
(0.003117317633042939,1.e-18)
(0.0027054633376712377,1.e-18)
(0.0022946459539123945,1.e-18)
(0.0018849026909427433,1.e-18)
(0.0014762705364095143,1.e-18)
(0.0010687862536699097,1.e-18)
(0.0006624863790587731,1.e-18)
(0.00025740721918501554,1.e-18)
(-0.00014641515174158794,1.e-18)
(-0.000548944894556375,1.e-18)
(-0.0009501464077559448,1.e-18)
(-0.001349984330084306,1.e-18)
(-0.0017484235430902141,1.e-18)
(-0.002145429173654635,1.e-18)
(-0.0025409665964886605,1.e-18)
(-0.00293500143659947,1.e-18)
(-0.003327499571730855,1.e-18)
(-0.0037184271347686466,1.e-18)
(-0.004107750516117432,1.e-18)
(-0.004495436366050802,1.e-18)
(-0.004881451597022112,1.e-18)
(-0.005265763385953518,1.e-18)
(-0.005648339176489219,1.e-18)
(-0.006029146681221091,1.e-18)
(-0.006408153883875626,1.e-18)
(-0.006785329041483328,1.e-18)
(-0.00716064068650227,1.e-18)
(-0.007534057628924653,1.e-18)
(-0.007905548958334742,1.e-18)
(-0.008275084045951194,1.e-18)
(-0.008642632546629479,1.e-18)
(-0.009008164400837043,1.e-18)
(-0.009371649836585587,1.e-18)
(-0.009733059371352163,1.e-18)
(-0.010092363813946,1.e-18)
(-0.010449534266364179,1.e-18)
(-0.010804542125591185,1.e-18)
(-0.011157359085388282,1.e-18)
(-0.011507957138039796,1.e-18)
(-0.011856308576068874,1.e-18)
(-0.012202385993924175,1.e-18)
(-0.012546162289620019,1.e-18)
(-0.012887610666371282,1.e-18)
(-0.013226704634166017,1.e-18)
(-0.013563418011333397,1.e-18)
(-0.013897724926046842,1.e-18)
(-0.014229599817824038,1.e-18)
(-0.014559017438979619,1.e-18)
(-0.01488595285605107,1.e-18)
(-0.015210381451175078,1.e-18)
(-0.015532278923464999,1.e-18)
(-0.015851621290317724,1.e-18)
(-0.016168384888723002,1.e-18)
(-0.016482546376499926,1.e-18)
(-0.016794082733536872,1.e-18)
(-0.017102971262980174,1.e-18)
(-0.01740918959239772,1.e-18)
(-0.01771271567488961,1.e-18)
(-0.01801352779020509,1.e-18)
(-0.018311604545783264,1.e-18)
(-0.018606924877801183,1.e-18)
(-0.018899468052143195,1.e-18)
(-0.01918921366537899,1.e-18)
(-0.01947614164568811,1.e-18)
(-0.019760232253754742,1.e-18)
(-0.02004146608363556,1.e-18)
(-0.020319824063570413,1.e-18)
(-0.020595287456806267,1.e-18)
(-0.02086783786233785,1.e-18)
(-0.021137457215662014,1.e-18)
(-0.021404127789446833,1.e-18)
(-0.021667832194215544,1.e-18)
(-0.021928553378973644,1.e-18)
(-0.022186274631813673,1.e-18)
(-0.022440979580461224,1.e-18)
(-0.02269265219283899,1.e-18)
(-0.022941276777542385,1.e-18)
(-0.02318683798433467,1.e-18)
(-0.02342932080455046,1.e-18)
(-0.02366871057152052,1.e-18)
(-0.023904992960937097,1.e-18)
(-0.02413815399119279,1.e-18)
(-0.024368180023691722,1.e-18)
(-0.024595057763100798,1.e-18)
(-0.02481877425761932,1.e-18)
(-0.02503931689918873,1.e-18)
(-0.025256673423640998,1.e-18)
(-0.025470831910866628,1.e-18)
(-0.02568178078492153,1.e-18)
(-0.02588950881410916,1.e-18)
(-0.026094005111035223,1.e-18)
(-0.02629525913260128,1.e-18)
(-0.026493260680027737,1.e-18)
(-0.026687999898776606,1.e-18)
(-0.026879467278506795,1.e-18)
(-0.027067653652927244,1.e-18)
(-0.027252550199682684,1.e-18)
(-0.02743414844017621,1.e-18)
(-0.02761244023937417,1.e-18)
(-0.02778741780554653,1.e-18)
(-0.027959073690042635,1.e-18)
(-0.028127400786963287,1.e-18)
(-0.028292392332869176,1.e-18)
(-0.028454041906384425,1.e-18)
(-0.02861234342783692,1.e-18)
(-0.028767291158835584,1.e-18)
(-0.028918879701822178,1.e-18)
(-0.029067103999603012,1.e-18)
(-0.02921195933481242,1.e-18)
(-0.0293534413294115,1.e-18)
(-0.029491545944122073,1.e-18)
(-0.02962626947779448,1.e-18)
(-0.029757608566810968,1.e-18)
(-0.02988556018442322,1.e-18)
(-0.030010121640068537,1.e-18)
(-0.030131290578663615,1.e-18)
(-0.03024906497983409,1.e-18)
(-0.030363443157186306,1.e-18)
(-0.030474423757472783,1.e-18)
(-0.030582005759799687,1.e-18)
(-0.030686188474727493,1.e-18)
(-0.030786971543415694,1.e-18)
(-0.030884354936702947,1.e-18)
(-0.030978338954167083,1.e-18)
(-0.03106892422316443,1.e-18)
(-0.03115611169780456,1.e-18)
(-0.031239902657964905,1.e-18)
(-0.03132029870824091,1.e-18)
(-0.03139730177683123,1.e-18)
(-0.0314709141144637,1.e-18)
(-0.03154113829325741,1.e-18)
(-0.03160797720556562,1.e-18)
(-0.03167143406279972,1.e-18)
(-0.03173151239418868,1.e-18)
(-0.03178821604558179,1.e-18)
(-0.0318415491781877,1.e-18)
(-0.0318915162672482,1.e-18)
(-0.03193812210075642,1.e-18)
(-0.031981371778111556,1.e-18)
(-0.03202127070875553,1.e-18)
(-0.032057824610785414,1.e-18)
(-0.03209103950954852,1.e-18)
(-0.03212092173617403,1.e-18)
(-0.03214747792615069,1.e-18)
(-0.03217071501784149,1.e-18)
(-0.03219064025093521,1.e-18)
(-0.032207261164943504,1.e-18)
(-0.032220585597637796,1.e-18)
(-0.03223062168346874,1.e-18)
(-0.032237377851970485,1.e-18)
(-0.03224086282610327,1.e-18)
(-0.032241085620644774,1.e-18)
(-0.03223805554051817,1.e-18)
(-0.032231782179059226,1.e-18)
(-0.0322222754163327,1.e-18)
(-0.03220954541738623,1.e-18)
(-0.03219360263049155,1.e-18)
(-0.03217445778537216,1.e-18)
(-0.032152121891369234,1.e-18)
(-0.03212660623565897,1.e-18)
(-0.03209792238140882,1.e-18)
(-0.03206608216587367,1.e-18)
(-0.032031097698542954,1.e-18)
(-0.031992981359228505,1.e-18)
(-0.0319517457961399,1.e-18)
(-0.0319074039239401,1.e-18)
(-0.031859968921790424,1.e-18)
(-0.03180945423133495,1.e-18)
(-0.0317558735547396,1.e-18)
(-0.03169924085267117,1.e-18)
(-0.03163957034221854,1.e-18)
(-0.03157687649486647,1.e-18)
(-0.03151117403441393,1.e-18)
(-0.03144247793487975,1.e-18)
(-0.031370803418399366,1.e-18)
(-0.03129616595306643,1.e-18)
(-0.031218581250825796,1.e-18)
(-0.031138065265312764,1.e-18)
(-0.03105463418963355,1.e-18)
(-0.030968304454202664,1.e-18)
(-0.030879092724523532,1.e-18)
(-0.0307870158989613,1.e-18)
(-0.03069209110649994,1.e-18)
(-0.030594335704492368,1.e-18)
(-0.03049376727634738,1.e-18)
(-0.03039040362931954,1.e-18)
(-0.03028426279212842,1.e-18)
(-0.030175363012680173,1.e-18)
(-0.0300637227557277,1.e-18)
(-0.0299493607005255,1.e-18)
(-0.029832295738470623,1.e-18)
(-0.029712546970736727,1.e-18)
(-0.02959013370585895,1.e-18)
(-0.029465075457372144,1.e-18)
(-0.029337391941399806,1.e-18)
(-0.02920710307419225,1.e-18)
(-0.02907422896972086,1.e-18)
(-0.02893878993722224,1.e-18)
(-0.028800806478738544,1.e-18)
(-0.028660299286646703,1.e-18)
(-0.028517289241182898,1.e-18)
(-0.028371797407913187,1.e-18)
(-0.028223845035302366,1.e-18)
(-0.028073453552127033,1.e-18)
(-0.02792064456498704,1.e-18)
(-0.027765439855765062,1.e-18)
(-0.027607861379081004,1.e-18)
(-0.02744793125973985,1.e-18)
(-0.027285671790176,1.e-18)
(-0.027121105427845967,1.e-18)
(-0.02695425479271997,1.e-18)
(-0.026785142664622456,1.e-18)
(-0.02661379198067127,1.e-18)
(-0.026440225832665972,1.e-18)
(-0.026264467464476388,1.e-18)
(-0.026086540269423083,1.e-18)
(-0.025906467787658326,1.e-18)
(-0.025724273703505652,1.e-18)
(-0.025539981842854307,1.e-18)
(-0.025353616170513068,1.e-18)
(-0.0251652007875248,1.e-18)
(-0.024974759928535727,1.e-18)
(-0.024782317959125284,1.e-18)
(-0.02458789937313781,1.e-18)
(-0.02439152879000898,1.e-18)
(-0.024193230952093716,1.e-18)
(-0.02399303072195198,1.e-18)
(-0.023790953079725084,1.e-18)
(-0.02358702312038155,1.e-18)
(-0.02338126605105291,1.e-18)
(-0.023173707188331505,1.e-18)
(-0.022964371955566394,1.e-18)
(-0.022753285880161112,1.e-18)
(-0.022540474590871423,1.e-18)
(-0.022325963815066362,1.e-18)
(-0.02210977937607612,1.e-18)
(-0.021891947190418794,1.e-18)
(-0.021672493265114605,1.e-18)
(-0.02145144369496348,1.e-18)
(-0.021228824659826784,1.e-18)
(-0.02100466242190873,1.e-18)
(-0.020778983323036192,1.e-18)
(-0.020551813781944685,1.e-18)
(-0.020323180291531,1.e-18)
(-0.020093109416186673,1.e-18)
(-0.019861627789024696,1.e-18)
(-0.01962876210918701,1.e-18)
(-0.019394539139120526,1.e-18)
(-0.01915898570185957,1.e-18)
(-0.018922128678310505,1.e-18)
(-0.018683995004541296,1.e-18)
(-0.018444611669044795,1.e-18)
(-0.018204005710076625,1.e-18)
(-0.017962204212897962,1.e-18)
(-0.017719234307094402,1.e-18)
(-0.017475123163867307,1.e-18)
(-0.017229897993334284,1.e-18)
(-0.016983586041831842,1.e-18)
(-0.016736214589222562,1.e-18)
(-0.016487810946204762,1.e-18)
(-0.016238402451627287,1.e-18)
(-0.015988016469808006,1.e-18)
(-0.015736680387856486,1.e-18)
(-0.0154844216130018,1.e-18)
(-0.015231267569925317,1.e-18)
(-0.014977245698097606,1.e-18)
(-0.014722383449122611,1.e-18)
(-0.014466708284088867,1.e-18)
(-0.014210247670905712,1.e-18)
(-0.013953029081702088,1.e-18)
(-0.013695079990154523,1.e-18)
(-0.013436427868880064,1.e-18)
(-0.013177100186812713,1.e-18)
(-0.012917124406589538,1.e-18)
(-0.012656527981946185,1.e-18)
(-0.012395338355120909,1.e-18)
(-0.012133582954247657,1.e-18)
(-0.011871289190806397,1.e-18)
(-0.011608484457014897,1.e-18)
(-0.01134519612327905,1.e-18)
(-0.011081451535631536,1.e-18)
(-0.010817278013182304,1.e-18)
(-0.01055270284557845,1.e-18)
(-0.010287753290472868,1.e-18)
(-0.010022456571002564,1.e-18)
(-0.009756839873276102,1.e-18)
(-0.009490930343871206,1.e-18)
(-0.009224755087342374,1.e-18)
(-0.00895834116373802,1.e-18)
(-0.008691715586129347,1.e-18)
(-0.008424905318147975,1.e-18)
(-0.008157937271535942,1.e-18)
(-0.00789083830370827,1.e-18)
(-0.007623635215313361,1.e-18)
(-0.007356354747838064,1.e-18)
(-0.007089023581180133,1.e-18)
(-0.006821668331265724,1.e-18)
(-0.006554315547665444,1.e-18)
(-0.006286991711224618,1.e-18)
(-0.006019723231706262,1.e-18)
(-0.005752536445446379,1.e-18)
(-0.005485457613022,1.e-18)
(-0.005218512916932124,1.e-18)
(-0.0049517284592918084,1.e-18)
(-0.004685130259539419,1.e-18)
(-0.004418744252157533,1.e-18)
(-0.004152596284407149,1.e-18)
(-0.003886712114075973,1.e-18)
(-0.0036211174072406428,1.e-18)
(-0.0033558377360429314,1.e-18)
(-0.003090898576480526,1.e-18)
(-0.0028263253062120685,1.e-18)
(-0.0025621432023769973,1.e-18)
(-0.0022983774394302933,1.e-18)
(-0.002035053086991868,1.e-18)
(-0.0017721951077114841,1.e-18)
(-0.0015098283551488484,1.e-18)
(-0.0012479775716695053,1.e-18)
(-0.0009866673863542905,1.e-18)
(-0.0007259223129298016,1.e-18)
(-0.00046576674770786107,1.e-18)
(-0.00020622496754621873,1.e-18)
(0.00005267887217632696,1.e-18)
(0.00031092073956855544,1.e-18)
(0.0005684767282184245,1.e-18)
(0.0008253230591682353,1.e-18)
(0.001081436082872908,1.e-18)
(0.0013367922811413024,1.e-18)
(0.0015913682690604147,1.e-18)
(0.001845140796902388,1.e-18)
(0.002098086752013898,1.e-18)
(0.002350183160688491,1.e-18)
(0.0026014071900208103,1.e-18)
(0.002851736149743314,1.e-18)
(0.0031011474940448886,1.e-18)
(0.0033496188233717197,1.e-18)
(0.0035971278862097014,1.e-18)
(0.003843652580848789,1.e-18)
(0.004089170957128706,1.e-18)
(0.004333661218166506,1.e-18)
(0.004577101722065198,1.e-18)
(0.004819470983603644,1.e-18)
(0.0050607476759077985,1.e-18)
(0.005300910632102748,1.e-18)
(0.00553993884694584,1.e-18)
(0.005777811478440445,1.e-18)
(0.006014507849430781,1.e-18)
(0.00625000744917669,1.e-18)
(0.006484289934909895,1.e-18)
(0.006717335133369624,1.e-18)
(0.006949123042319229,1.e-18)
(0.00717963383204284,1.e-18)
(0.007408847846822176,1.e-18)
(0.00763674560639299,1.e-18)
(0.007863307807382569,1.e-18)
(0.008088515324725352,1.e-18)
(0.008312349213060125,1.e-18)
(0.00853479070810555,1.e-18)
(0.008755821228016427,1.e-18)
(0.008975422374715592,1.e-18)
(0.009193575935221876,1.e-18)
(0.009410263882918813,1.e-18)
(0.009625468378852866,1.e-18)
(0.009839171772973922,1.e-18)
(0.010051356605369158,1.e-18)
(0.01026200560747443,1.e-18)
(0.010471101703263545,1.e-18)
(0.010678628010417949,1.e-18)
(0.010884567841473852,1.e-18)
(0.011088904704949259,1.e-18)
(0.01129162230644979,1.e-18)
(0.011492704549752078,1.e-18)
(0.011692135537867923,1.e-18)
(0.011889899574084758,1.e-18)
(0.012085981162986646,1.e-18)
(0.012280365011452632,1.e-18)
(0.012473036029630687,1.e-18)
(0.012663979331911676,1.e-18)
(0.012853180237826778,1.e-18)
(0.01304062427299721,1.e-18)
(0.013226297170006321,1.e-18)
(0.013410184869272913,1.e-18)
(0.01359227351989873,1.e-18)
(0.01377254948049448,1.e-18)
(0.013950999319979687,1.e-18)
(0.014127609818385548,1.e-18)
(0.014302367967574791,1.e-18)
(0.014475260972020858,1.e-18)
(0.014646276249504821,1.e-18)
(0.014815401431814047,1.e-18)
(0.014982624365415797,1.e-18)
(0.015147933112108068,1.e-18)
(0.015311315949649459,1.e-18)
(0.015472761372365732,1.e-18)
(0.01563225809173632,1.e-18)
(0.015789795036957745,1.e-18)
(0.0159453613554848,1.e-18)
(0.016098946413550898,1.e-18)
(0.01625053979666572,1.e-18)
(0.01640013131009126,1.e-18)
(0.016547710979295742,1.e-18)
(0.016693269050385897,1.e-18)
(0.016836795990517343,1.e-18)
(0.01697828248828263,1.e-18)
(0.01711771945407799,1.e-18)
(0.017255098020448084,1.e-18)
(0.017390409542408766,1.e-18)
(0.017523645597747585,1.e-18)
(0.01765479798730431,1.e-18)
(0.01778385873522669,1.e-18)
(0.017910820089207656,1.e-18)
(0.01803567452069869,1.e-18)
(0.0181584147251016,1.e-18)
(0.01827903362194057,1.e-18)
(0.01839752435499893,1.e-18)
(0.01851388029250182,1.e-18)
(0.018628095027112785,1.e-18)
(0.01874016237612781,1.e-18)
(0.018850076381482644,1.e-18)
(0.01895783130980604,1.e-18)
(0.019063421652439582,1.e-18)
(0.01916684212543647,1.e-18)
(0.0192680876695391,1.e-18)
(0.01936715345013494,1.e-18)
(0.0194640348571921,1.e-18)
(0.019558727505172947,1.e-18)
(0.01965122723292687,1.e-18)
(0.019741530103562444,1.e-18)
(0.019829632404297595,1.e-18)
(0.019915530646290834,1.e-18)
(0.019999221564448767,1.e-18)
(0.020080702117215334,1.e-18)
(0.02015996948634025,1.e-18)
(0.020237021076623722,1.e-18)
(0.02031185451564525,1.e-18)
(0.020384467653468206,1.e-18)
(0.020454858562325835,1.e-18)
(0.02052302553628604,1.e-18)
(0.02058896709089671,1.e-18)
(0.0206526819627978,1.e-18)
(0.020714169109387715,1.e-18)
(0.020773427708284168,1.e-18)
(0.020830457157012823,1.e-18)
(0.02088525707248965,1.e-18)
(0.020937827290558327,1.e-18)
(0.02098816786549594,1.e-18)
(0.021036279069498644,1.e-18)
(0.02108216139214686,1.e-18)
(0.021125815539853113,1.e-18)
(0.021167242435289377,1.e-18)
(0.02120644321679436,1.e-18)
(0.02124341923776335,1.e-18)
(0.021278172066018734,1.e-18)
(0.021310703483159762,1.e-18)
(0.021341015483895828,1.e-18)
(0.021369110275360443,1.e-18)
(0.021394990276404794,1.e-18)
(0.021418658116875624,1.e-18)
(0.02144011663687274,1.e-18)
(0.02145936888598866,1.e-18)
(0.021476418122530535,1.e-18)
(0.021491267812723737,1.e-18)
(0.02150392162989721,1.e-18)
(0.02151438345365162,1.e-18)
(0.021522657368995956,1.e-18)
(0.02152874766554563,1.e-18)
(0.021532658836507085,1.e-18)
(0.02153439557790528,1.e-18)
(0.02153396278759961,1.e-18)
(0.021531365564359944,1.e-18)
(0.021526609206912944,1.e-18)
(0.0215196992129717,1.e-18)
(0.02151064127824841,1.e-18)
(0.021499441295437415,1.e-18)
(0.021486105353260516,1.e-18)
(0.021470639735299023,1.e-18)
(0.02145305091907237,1.e-18)
(0.02143334557490311,1.e-18)
(0.02141153056484615,1.e-18)
(0.021387612941586982,1.e-18)
(0.021361599947326042,1.e-18)
(0.021333499012646844,1.e-18)
(0.021303317755368645,1.e-18)
(0.02127106397938399,1.e-18)
(0.021236745673481477,1.e-18)
(0.0212003710101528,1.e-18)
(0.021161948344385836,1.e-18)
(0.021121486212442777,1.e-18)
(0.02107899333062319,1.e-18)
(0.021034478594000438,1.e-18)
(0.020987951075221847,1.e-18)
(0.020939420023099547,1.e-18)
(0.020888894861446506,1.e-18)
(0.020836385187706464,1.e-18)
(0.020781900771644737,1.e-18)
(0.020725451554015367,1.e-18)
(0.020667047645213665,1.e-18)
(0.02060669932391601,1.e-18)
(0.020544417035693173,1.e-18)
(0.020480211391688617,1.e-18)
(0.02041409316709181,1.e-18)
(0.02034607329985424,1.e-18)
(0.02027616288920197,1.e-18)
(0.020204373194212612,1.e-18)
(0.020130715632367135,1.e-18)
(0.020055201778089976,1.e-18)
(0.01997784336127748,1.e-18)
(0.019898652265815168,1.e-18)
(0.0198176405280822,1.e-18)
(0.01973482033544685,1.e-18)
(0.019650204024748985,1.e-18)
(0.019563804080772143,1.e-18)
(0.0194756331347058,1.e-18)
(0.01938570396259592,1.e-18)
(0.019294029483773338,1.e-18)
(0.019200622759345358,1.e-18)
(0.019105496990494374,1.e-18)
(0.019008665517009825,1.e-18)
(0.01891014181562806,1.e-18)
(0.01880993949843596,1.e-18)
(0.018708072311252717,1.e-18)
(0.018604554132002758,1.e-18)
(0.01849939896907881,1.e-18)
(0.01839262095968555,1.e-18)
(0.018284234368243585,1.e-18)
(0.01817425358461121,1.e-18)
(0.018062693122529748,1.e-18)
(0.01794956761788604,1.e-18)
(0.017834891827038176,1.e-18)
(0.017718680625120147,1.e-18)
(0.01760094900434019,1.e-18)
(0.01748171207227025,1.e-18)
(0.01736098505011916,1.e-18)
(0.01723878327106222,1.e-18)
(0.01711512217840164,1.e-18)
(0.0169900173239377,1.e-18)
(0.01686348436616998,1.e-18)
(0.016735539068557584,1.e-18)
(0.016606197297762113,1.e-18)
(0.01647547502187495,1.e-18)
(0.016343388308699972,1.e-18)
(0.01620995332387503,1.e-18)
(0.01607518632919679,1.e-18)
(0.01593910368078254,1.e-18)
(0.01580172182729139,1.e-18)
(0.01566305730812771,1.e-18)
(0.015523126751642266,1.e-18)
(0.015381946873326776,1.e-18)
(0.015239534473995755,1.e-18)
(0.015095906438020888,1.e-18)
(0.01495107973141773,1.e-18)
(0.014805071400120492,1.e-18)
(0.01465789856810959,1.e-18)
(0.014509578435592224,1.e-18)
(0.014360128277170606,1.e-18)
(0.014209565440007857,1.e-18)
(0.0140579073419891,1.e-18)
(0.013905171469872631,1.e-18)
(0.013751375377490832,1.e-18)
(0.013596536683815524,1.e-18)
(0.013440673071198967,1.e-18)
(0.013283802283479251,1.e-18)
(0.013125942124137409,1.e-18)
(0.012967110454443499,1.e-18)
(0.0128073251915935,1.e-18)
(0.01264660430689362,1.e-18)
(0.012484965823820271,1.e-18)
(0.01232242781624373,1.e-18)
(0.012159008406527443,1.e-18)
(0.011994725763675513,1.e-18)
(0.011829598101472761,1.e-18)
(0.01166364367662317,1.e-18)
(0.011496880786888729,1.e-18)
(0.011329327769221393,1.e-18)
(0.011161002997938459,1.e-18)
(0.010991924882789118,1.e-18)
(0.010822111867167625,1.e-18)
(0.01065158242621762,1.e-18)
(0.010480355064981486,1.e-18)
(0.010308448316542883,1.e-18)
(0.010135880740171186,1.e-18)
(0.009962670919466902,1.e-18)
(0.009788837460502853,1.e-18)
(0.009614398990004557,1.e-18)
(0.00943937415343813,1.e-18)
(0.009263781613226652,1.e-18)
(0.009087640046873867,1.e-18)
(0.008910968145128628,1.e-18)
(0.008733784610144967,1.e-18)
(0.008556108153640603,1.e-18)
(0.008377957495090422,1.e-18)
(0.00819935135984048,1.e-18)
(0.008020308477336697,1.e-18)
(0.007840847579272947,1.e-18)
(0.0076609873977767275,1.e-18)
(0.00748074666359266,1.e-18)
(0.007300144104270336,1.e-18)
(0.007119198442355986,1.e-18)
(0.0069379283935841925,1.e-18)
(0.006756352665100908,1.e-18)
(0.006574489953623378,1.e-18)
(0.006392358943695531,1.e-18)
(0.006209978305879899,1.e-18)
(0.006027366694982552,1.e-18)
(0.00584454274827773,1.e-18)
(0.0056615250837392115,1.e-18)
(0.005478332298275771,1.e-18)
(0.005294982965970322,1.e-18)
(0.005111495636344444,1.e-18)
(0.004927888832578052,1.e-18)
(0.004744181049803749,1.e-18)
(0.004560390753355918,1.e-18)
(0.004376536377047217,1.e-18)
(0.004192636321447634,1.e-18)
(0.004008708952168598,1.e-18)
(0.0038247725981690266,1.e-18)
(0.0036408455500292866,1.e-18)
(0.00345694605828521,1.e-18)
(0.0032730923317295007,1.e-18)
(0.003089302535737105,1.e-18)
(0.0029055947905948804,1.e-18)
(0.0027219871698398973,1.e-18)
(0.0025384976986047034,1.e-18)
(0.00235514435197021,1.e-18)
(0.0021719450533350822,1.e-18)
(0.001988917672770977,1.e-18)
(0.00180608002541702,1.e-18)
(0.0016234498698593695,1.e-18)
(0.0014410449065295925,1.e-18)
(0.0012588827761094792,1.e-18)
(0.0010769810579458225,1.e-18)
(0.0008953572684734219,1.e-18)
(0.0007140288596479054,1.e-18)
(0.0005330132173898373,1.e-18)
(0.00035232766003214725,1.e-18)
(0.0001719894367862131,1.e-18)
(-7.984273789468319e-6,1.e-18)
(-0.0001875763653071257,1.e-18)
(-0.00036676980505894813,1.e-18)
(-0.0005455476355147437,1.e-18)
(-0.0007238929758125216,1.e-18)
(-0.0009017890232315724,1.e-18)
(-0.001079219054666621,1.e-18)
(-0.001256166428076738,1.e-18)
(-0.0014326145839371161,1.e-18)
(-0.0016085470466714914,1.e-18)
(-0.001783947426076161,1.e-18)
(-0.0019587994187332974,1.e-18)
(-0.002133086809410551,1.e-18)
(-0.0023067934724589245,1.e-18)
(-0.002479903373176867,1.e-18)
(-0.002652400569191848,1.e-18)
(-0.0028242692118091,1.e-18)
(-0.002995493547356273,1.e-18)
(-0.0031660579185157785,1.e-18)
(-0.0033359467656444088,1.e-18)
(-0.0035051446280815065,1.e-18)
(-0.0036736361454416536,1.e-18)
(-0.0038414060589110695,1.e-18)
(-0.0040084392124932885,1.e-18)
(-0.004174720554292715,1.e-18)
(-0.00434023513774838,1.e-18)
(-0.004504968122869343,1.e-18)
(-0.004668904777455704,1.e-18)
(-0.004832030478302582,1.e-18)
(-0.004994330712411816,1.e-18)
(-0.005155791078136996,1.e-18)
(-0.005316397286402678,1.e-18)
(-0.005476135161808583,1.e-18)
(-0.005634990643809761,1.e-18)
(-0.005792949787828331,1.e-18)
(-0.005949998766372207,1.e-18)
(-0.006106123870137056,1.e-18)
(-0.006261311509090282,1.e-18)
(-0.006415548213567376,1.e-18)
(-0.0065688206352896615,1.e-18)
(-0.006721115548454474,1.e-18)
(-0.006872419850746885,1.e-18)
(-0.007022720564363223,1.e-18)
(-0.007172004837016572,1.e-18)
(-0.007320259942927395,1.e-18)
(-0.007467473283801127,1.e-18)
(-0.007613632389785117,1.e-18)
(-0.007758724920443945,1.e-18)
(-0.00790273866564054,1.e-18)
(-0.008045661546508497,1.e-18)
(-0.008187481616331385,1.e-18)
(-0.008328187061438359,1.e-18)
(-0.00846776620208062,1.e-18)
(-0.008606207493286312,1.e-18)
(-0.008743499525738099,1.e-18)
(-0.008879631026538532,1.e-18)
(-0.009014590860118311,1.e-18)
(-0.00914836802894734,1.e-18)
(-0.009280951674389148,1.e-18)
(-0.009412331077443749,1.e-18)
(-0.00954249565951038,1.e-18)
(-0.009671434983131003,1.e-18)
(-0.009799138752710426,1.e-18)
(-0.009925596815263121,1.e-18)
(-0.010050799161035505,1.e-18)
(-0.010174735924290699,1.e-18)
(-0.010297397383872161,1.e-18)
(-0.010418773963931444,1.e-18)
(-0.01053885623453035,1.e-18)
(-0.010657634912268116,1.e-18)
(-0.01077510086088821,1.e-18)
(-0.01089124509186033,1.e-18)
(-0.011006058764993732,1.e-18)
(-0.011119533188921229,1.e-18)
(-0.011231659821718396,1.e-18)
(-0.011342430271395473,1.e-18)
(-0.01145183629641689,1.e-18)
(-0.0115598698062006,1.e-18)
(-0.011666522861590358,1.e-18)
(-0.011771787675364825,1.e-18)
(-0.011875656612597646,1.e-18)
(-0.011978122191216727,1.e-18)
(-0.01207917708230051,1.e-18)
(-0.012178814110573295,1.e-18)
(-0.012277026254752663,1.e-18)
(-0.01237380664793127,1.e-18)
(-0.01246914857793424,1.e-18)
(-0.012563045487652618,1.e-18)
(-0.012655490975413863,1.e-18)
(-0.012746478795195727,1.e-18)
(-0.012836002857053951,1.e-18)
(-0.012924057227269116,1.e-18)
(-0.013010636128708317,1.e-18)
(-0.01309573394102958,1.e-18)
(-0.013179345200922853,1.e-18)
(-0.013261464602328065,1.e-18)
(-0.013342086996627065,1.e-18)
(-0.013421207392877105,1.e-18)
(-0.013498820957887236,1.e-18)
(-0.013574923016467217,1.e-18)
(-0.013649509051520738,1.e-18)
(-0.013722574704178453,1.e-18)
(-0.013794115773906627,1.e-18)
(-0.013864128218590574,1.e-18)
(-0.013932608154661538,1.e-18)
(-0.013999551857050724,1.e-18)
(-0.014064955759383848,1.e-18)
(-0.014128816453864856,1.e-18)
(-0.014191130691400678,1.e-18)
(-0.014251895381552561,1.e-18)
(-0.014311107592531982,1.e-18)
(-0.01436876455117044,1.e-18)
(-0.014424863642864515,1.e-18)
(-0.014479402411567088,1.e-18)
(-0.014532378559599476,1.e-18)
(-0.014583789947714714,1.e-18)
