0.06467423767917896
0.1263922970468785
0.15128400686900426
0.12073629840997141
0.05901444301064995
0.12639229863497528
0.24995854840950757
0.30266947987459775
0.24429875374684343
0.12073629999220727
0.15128400880182433
0.30266947985998366
0.370734427822627
0.30266947985998366
0.15128400880182433
0.12073629999220727
0.24429875374684343
0.30266947987459775
0.24995854840950757
0.12639229863497528
0.05901444301064995
0.12073629840997141
0.15128400686900426
0.1263922970468785
0.06467423767917896