(-10.000000000000002,1.e-18)
(-9.997937826381268,1.e-18)
(-9.991755219653466,1.e-18)
(-9.981463903875005,1.e-18)
(-9.96708335821418,1.e-18)
(-9.948640726113206,1.e-18)
(-9.926170689225058,1.e-18)
(-9.899715307211844,1.e-18)
(-9.869323824778288,1.e-18)
(-9.835052447580116,1.e-18)
(-9.79696408889118,1.e-18)
(-9.755128089131654,1.e-18)
(-9.709619910551078,1.e-18)
(-9.660520809467782,1.e-18)
(-9.607917488980123,1.e-18)
(-9.551901733988577,1.e-18)
(-9.49257003243267,1.e-18)
(-9.430023184646732,1.e-18)
(-9.364365903982282,1.e-18)
(-9.295706411399674,1.e-18)
(-9.224156026738058,1.e-18)
(-9.14982875929183,1.e-18)
(-9.072840900217795,1.e-18)
(-8.993310619171256,1.e-18)
(-8.911357567425949,1.e-18)
(-8.827102489572543,1.e-18)
(-8.740666845718764,1.e-18)
(-8.652172445932218,1.e-18)
(-8.561741098478755,1.e-18)
(-8.469494273216332,1.e-18)
(-8.375552781311033,1.e-18)
(-8.280036472248867,1.e-18)
(-8.183063948928076,1.e-18)
(-8.08475230143259,1.e-18)
(-7.98521685991082,1.e-18)
(-7.884570966816077,1.e-18)
(-7.7829257686068045,1.e-18)
(-7.680390026858101,1.e-18)
(-7.577069948600641,1.e-18)
(-7.473069035580078,1.e-18)
(-7.368487952020041,1.e-18)
(-7.263424410373646,1.e-18)
(-7.157973074463868,1.e-18)
(-7.052225479340131,1.e-18)
(-6.946269967117993,1.e-18)
(-6.840191638019465,1.e-18)
(-6.734072315793716,1.e-18)
(-6.62799052666921,1.e-18)
(-6.522021490970732,1.e-18)
(-6.416237126524486,1.e-18)
(-6.310706062972979,1.e-18)
(-6.205493666127035,1.e-18)
(-6.100662071493896,1.e-18)
(-5.996270226138126,1.e-18)
(-5.892373938054175,1.e-18)
(-5.789025932255987,1.e-18)
(-5.686275912818938,1.e-18)
(-5.584170630142065,1.e-18)
(-5.482753952733238,1.e-18)
(-5.382066942856634,1.e-18)
(-5.282147935419238,1.e-18)
(-5.183032619511434,1.e-18)
(-5.084754122055174,1.e-18)
(-4.987343093051688,1.e-18)
(-4.89082779195856,1.e-18)
(-4.79523417476317,1.e-18)
(-4.700585981355987,1.e-18)
(-4.6069048228421785,1.e-18)
(-4.514210268464039,1.e-18)
(-4.422519931839193,1.e-18)
(-4.331849556250309,1.e-18)
(-4.242213098751814,1.e-18)
(-4.1536228128864146,1.e-18)
(-4.066089329830853,1.e-18)
(-3.9796217378141874,1.e-18)
(-3.894227659675364,1.e-18)
(-3.809913328447455,1.e-18)
(-3.726683660875923,1.e-18)
(-3.64454232879615,1.e-18)
(-3.5634918283121846,1.e-18)
(-3.4835335467336113,1.e-18)
(-3.404667827241457,1.e-18)
(-3.326894031266243,1.e-18)
(-3.250210598572856,1.e-18)
(-3.1746151050566063,1.e-18)
(-3.1001043182642705,1.e-18)
(-3.0266742506612703,1.e-18)
(-2.9543202106737794,1.e-18)
(-2.8830368515401608,1.e-18)
(-2.8128182180117127,1.e-18)
(-2.74365779094701,1.e-18)
(-2.675548529848162,1.e-18)
(-2.608482913390219,1.e-18)
(-2.5424529779983054,1.e-18)
(-2.477450354527083,1.e-18)
(-2.413466303102562,1.e-18)
(-2.3504917461827652,1.e-18)
(-2.288517299898204,1.e-18)
(-2.227533303731778,1.e-18)
(-2.1675298485982113,1.e-18)
(-2.1084968033830176,1.e-18)
(-2.0504238400005725,1.e-18)
(-1.9933004570301474,1.e-18)
(-1.9371160019881182,1.e-18)
(-1.8818596923149358,1.e-18)
(-1.8275206350110005,1.e-18)
(-1.774087845263663,1.e-18)
(-1.7215502637583284,1.e-18)
(-1.6698967729802703,1.e-18)
(-1.6191162124618748,1.e-18)
(-1.5691973929848086,1.e-18)
(-1.5201291101135397,1.e-18)
(-1.471900156340052,1.e-18)
(-1.4244993326478415,1.e-18)
(-1.3779154595448198,1.e-18)
(-1.3321373868322264,1.e-18)
(-1.287154002920926,1.e-18)
(-1.242954243403015,1.e-18)
(-1.1995270989705247,1.e-18)
(-1.1568616227163389,1.e-18)
(-1.1149469368511375,1.e-18)
(-1.0737722388685762,1.e-18)
(-1.0333268071896076,1.e-18)
(-0.9936000063154248,1.e-18)
(-0.9545812915171887,1.e-18)
(-0.9162602130893827,1.e-18)
(-0.8786264201924582,1.e-18)
(-0.841669664308983,1.e-18)
(-0.8053798023368088,1.e-18)
(-0.7697467993410193,1.e-18)
(-0.7347607309858515,1.e-18)
(-0.7004117856664662,1.e-18)
(-0.6666902663594967,1.e-18)
(-0.6335865922103487,1.e-18)
(-0.6010912998742907,1.e-18)
(-0.5691950446274704,1.e-18)
(-0.5378886012631608,1.e-18)
(-0.5071628647876955,1.e-18)
(-0.4770088509298169,1.e-18)
(-0.4474176964763755,1.e-18)
(-0.4183806594466284,1.e-18)
(-0.389889119116706,1.e-18)
(-0.3619345759051677,1.e-18)
(-0.3345086511299555,1.e-18)
(-0.307603086646461,1.e-18)
(-0.2812097443758815,1.e-18)
(-0.2553206057324853,1.e-18)
(-0.22992777095793385,1.e-18)
(-0.20502345837030042,1.e-18)
(-0.18060000353499647,1.e-18)
(-0.15664985836436707,1.e-18)
(-0.1331655901523219,1.e-18)
(-0.11013988054997127,1.e-18)
(-0.08756552448787755,1.e-18)
(-0.06543542905017857,1.e-18)
(-0.043742612305514864,1.e-18)
(-0.02248020209937921,1.e-18)
(-0.001641434812211932,1.e-18)
(0.018780345912710786,1.e-18)
(0.038791690467814326,1.e-18)
(0.058399044602654625,1.e-18)
(0.07760875076494061,1.e-18)
(0.09642704945807253,1.e-18)
(0.11486008061232882,1.e-18)
(0.13291388496703282,1.e-18)
(0.15059440546121344,1.e-18)
(0.1679074886304533,1.e-18)
(0.1848588860077832,1.e-18)
(0.2014542555266297,1.e-18)
(0.21769916292398514,1.e-18)
(0.2335990831420911,1.e-18)
(0.2491594035202714,1.e-18)
(0.26438541622302936,1.e-18)
(0.2792823375603752,1.e-18)
(0.2938552914369924,1.e-18)
(0.30810931969127997,1.e-18)
(0.3220493816659478,1.e-18)
(0.33568035556164,1.e-18)
(0.34900703977954783,1.e-18)
(0.3620341542522171,1.e-18)
(0.3747663417618482,1.e-18)
(0.38720816924545626,1.e-18)
(0.3993641290863148,1.e-18)
(0.41123864039117525,1.e-18)
(0.42283605025280535,1.e-18)
(0.4341606349974392,1.e-18)
(0.44521660141680763,1.e-18)
(0.4560080879844045,1.e-18)
(0.46653916605575513,1.e-18)
(0.4768138410524576,1.e-18)
(0.4868360536297952,1.e-18)
(0.4966096808277828,1.e-18)
(0.5061385372055174,1.e-18)
(0.5154263759587508,1.e-18)
(0.5244768900206002,1.e-18)
(0.5332937131453971,1.e-18)
(0.5418804209756275,1.e-18)
(0.5502405320919707,1.e-18)
(0.5583775090464942,1.e-18)
(0.566294759379027,1.e-18)
(0.5739956366167818,1.e-18)
(0.581483441257307,1.e-18)
(0.588761421734865,1.e-18)
(0.595832775370342,1.e-18)
(0.6027006493048038,1.e-18)
(0.6093681414168423,1.e-18)
(0.6158383012238393,1.e-18)
(0.6221141307673003,1.e-18)
(0.6281985854824298,1.e-18)
(0.6340945750521011,1.e-18)
(0.6398049642453689,1.e-18)
(0.6453325737407655,1.e-18)
(0.6506801809345044,1.e-18)
(0.6558505207338022,1.e-18)
(0.6608462863355103,1.e-18)
(0.6656701299902474,1.e-18)
(0.6703246637522331,1.e-18)
(0.6748124602150231,1.e-18)
(0.6791360532333456,1.e-18)
(0.6832979386312436,1.e-18)
(0.6873005748967302,1.e-18)
(0.6911463838631595,1.e-18)
(0.6948377513775225,1.e-18)
(0.6983770279558693,1.e-18)
(0.7017665294260774,1.e-18)
(0.7050085375581486,1.e-18)
(0.7081053006822653,1.e-18)
(0.7110590342948206,1.e-18)
(0.713871921652517,1.e-18)
(0.7165461143549905,1.e-18)
(0.7190837329157893,1.e-18)
(0.7214868673223317,1.e-18)
(0.7237575775846145,1.e-18)
(0.7258978942732524,1.e-18)
(0.7279098190467647,1.e-18)
(0.7297953251684498,1.e-18)
(0.7315563580129805,1.e-18)
(0.7331948355629341,1.e-18)
(0.7347126488954221,1.e-18)
(0.7361116626590317,1.e-18)
(0.7373937155412291,1.e-18)
(0.7385606207264315,1.e-18)
(0.7396141663449094,1.e-18)
(0.7405561159126992,1.e-18)
(0.7413882087626978,1.e-18)
(0.7421121604670986,1.e-18)
(0.7427296632514023,1.e-18)
(0.743242386399975,1.e-18)
(0.7436519766536657,1.e-18)
(0.7439600585991776,1.e-18)
(0.7441682350508665,1.e-18)
(0.7442780874245896,1.e-18)
(0.7442911761042909,1.e-18)
(0.7442090408009411,1.e-18)
(0.7440332009045082,1.e-18)
(0.743765155828571,1.e-18)
(0.7434063853482576,1.e-18)
(0.7429583499311145,1.e-18)
(0.7424224910615121,1.e-18)
(0.7418002315584015,1.e-18)
(0.7410929758866963,1.e-18)
(0.7403021104623811,1.e-18)
(0.7394290039514756,1.e-18)
(0.7384750075629676,1.e-18)
(0.7374414553358565,1.e-18)
(0.7363296644204078,1.e-18)
(0.7351409353537427,1.e-18)
(0.7338765523299365,1.e-18)
(0.732537783464542,1.e-18)
(0.7311258810540208,1.e-18)
(0.7296420818296935,1.e-18)
(0.7280876072068622,1.e-18)
(0.7264636635286612,1.e-18)
(0.7247714423052853,1.e-18)
(0.7230121204481467,1.e-18)
(0.7211868604996111,1.e-18)
(0.7192968108578692,1.e-18)
(0.717343105997561,1.e-18)
(0.7153268666857342,1.e-18)
(0.713249200193745,1.e-18)
(0.711111200504662,1.e-18)
(0.7089139485167958,1.e-18)
(0.7066585122429149,1.e-18)
(0.7043459470057069,1.e-18)
(0.7019772956292141,1.e-18)
(0.6995535886265042,1.e-18)
(0.6970758443836567,1.e-18)
(0.6945450693399556,1.e-18)
(0.6919622581647314,1.e-18)
(0.6893283939304222,1.e-18)
(0.6866444482825665,1.e-18)
(0.683911381605952,1.e-18)
(0.6811301431880266,1.e-18)
(0.67830167137861,1.e-18)
(0.6754268937468311,1.e-18)
(0.6725067272346466,1.e-18)
(0.669542078307657,1.e-18)
(0.6665338431026606,1.e-18)
(0.663482907572603,1.e-18)
(0.660390147628395,1.e-18)
(0.6572564292782531,1.e-18)
(0.654082608764021,1.e-18)
(0.6508695326951207,1.e-18)
(0.6476180381796074,1.e-18)
(0.6443289529529581,1.e-18)
(0.6410030955040785,1.e-18)
(0.637641275199128,1.e-18)
(0.6342442924027352,1.e-18)
(0.6308129385969562,1.e-18)
(0.6273479964980104,1.e-18)
(0.6238502401705635,1.e-18)
(0.6203204351400667,1.e-18)
(0.616759338502665,1.e-18)
(0.6131676990332687,1.e-18)
(0.6095462572912862,1.e-18)
(0.6058957457245945,1.e-18)
(0.6022168887712706,1.e-18)
(0.5985104029596349,1.e-18)
(0.5947769970061421,1.e-18)
(0.5910173719116646,1.e-18)
(0.5872322210556905,1.e-18)
(0.5834222302890121,1.e-18)
(0.5795880780243845,1.e-18)
(0.5757304353257601,1.e-18)
(0.5718499659955596,1.e-18)
(0.5679473266605817,1.e-18)
(0.5640231668560725,1.e-18)
(0.5600781291083762,1.e-18)
(0.5561128490159664,1.e-18)
(0.5521279553290154,1.e-18)
(0.5481240700274548,1.e-18)
(0.5441018083976121,1.e-18)
(0.5400617791074268,1.e-18)
(0.5360045842802452,1.e-18)
(0.5319308195673764,1.e-18)
(0.5278410742191181,1.e-18)
(0.5237359311547275,1.e-18)
(0.5196159670308641,1.e-18)
(0.5154817523090425,1.e-18)
(0.5113338513216065,1.e-18)
(0.5071728223367667,1.e-18)
(0.5029992176222099,1.e-18)
(0.49881358350782046,1.e-18)
(0.49461646044702756,1.e-18)
(0.49040838307729834,1.e-18)
(0.48618988027931814,1.e-18)
(0.4819614752353499,1.e-18)
(0.4777236854863659,1.e-18)
(0.47347702298829325,1.e-18)
(0.4692219941672262,1.e-18)
(0.4649590999736776,1.e-18)
(0.4606888359358894,1.e-18)
(0.45641169221220607,1.e-18)
(0.4521281536425519,1.e-18)
(0.4478386997990186,1.e-18)
(0.4435438050355732,1.e-18)
(0.43924393853692856,1.e-18)
(0.43493956436658243,1.e-18)
(0.43063114151399495,1.e-18)
(0.4263191239410887,1.e-18)
(0.42200396062777745,1.e-18)
(0.417686095616952,1.e-18)
(0.4133659680584949,1.e-18)
(0.4090440122527787,1.e-18)
(0.40472065769323334,1.e-18)
(0.40039632910842116,1.e-18)
(0.3960714465032472,1.e-18)
(0.39174642519960706,1.e-18)
(0.3874216758763364,1.e-18)
(0.3830976046085243,1.e-18)
(0.37877461290619174,1.e-18)
(0.37445309775235897,1.e-18)
(0.3701334516405099,1.e-18)
(0.3658160626114602,1.e-18)
(0.36150131428965065,1.e-18)
(0.3571895859188814,1.e-18)
(0.3528812523974815,1.e-18)
(0.3485766843129456,1.e-18)
(0.3442762479760386,1.e-18)
(0.3399803054543832,1.e-18)
(0.3356892146055389,1.e-18)
(0.33140332910958614,1.e-18)
(0.3271229985012311,1.e-18)
(0.32284856820140456,1.e-18)
(0.31858037954848034,1.e-18)
(0.31431876982890206,1.e-18)
(0.31006407230752786,1.e-18)
(0.3058166162573953,1.e-18)
(0.3015767269891577,1.e-18)
(0.2973447258800648,1.e-18)
(0.2931209304025426,1.e-18)
(0.28890565415238245,1.e-18)
(0.28469920687653594,1.e-18)
(0.2805018945005322,1.e-18)
(0.2763140191555227,1.e-18)
(0.27213587920496546,1.e-18)
(0.2679677692709502,1.e-18)
(0.26380998026018354,1.e-18)
(0.25966279938962766,1.e-18)
(0.2555265102118101,1.e-18)
(0.2514013926398119,1.e-18)
(0.24728772297193694,1.e-18)
(0.24318577391607035,1.e-18)
(0.23909581461373977,1.e-18)
(0.23501811066387493,1.e-18)
(0.2309529241462806,1.e-18)
(0.2269005136448294,1.e-18)
(0.22286113427038068,1.e-18)
(0.21883503768342066,1.e-18)
(0.21482247211645128,1.e-18)
(0.2108236823961138,1.e-18)
(0.2068389099650686,1.e-18)
(0.20286839290362232,1.e-18)
(0.19891236595112075,1.e-18)
(0.1949710605271063,1.e-18)
(0.19104470475224986,1.e-18)
(0.187133523469056,1.e-18)
(0.18323773826235434,1.e-18)
(0.17935756747957543,1.e-18)
(0.17549322625082292,1.e-18)
(0.17164492650874125,1.e-18)
(0.16781287700818645,1.e-18)
(0.16399728334570576,1.e-18)
(0.1601983479788281,1.e-18)
(0.15641627024517227,1.e-18)
(0.15265124638137445,1.e-18)
(0.14890346954184552,1.e-18)
(0.14517312981734778,1.e-18)
(0.14146041425344452,1.e-18)
(0.1377655068686994,1.e-18)
(0.13408858867283371,1.e-18)
(0.1304298376846375,1.e-18)
(0.12678942894980114,1.e-18)
(0.12316753455851194,1.e-18)
(0.11956432366301462,1.e-18)
(0.11597996249495525,1.e-18)
(0.11241461438262379,1.e-18)
(0.1088684397680544,1.e-18)
(0.10534159622400333,1.e-18)
(0.10183423847079925,1.e-18)
(0.09834651839307279,1.e-18)
(0.09487858505636815,1.e-18)
(0.09143058472363881,1.e-18)
(0.08800266087163215,1.e-18)
(0.08459495420716472,1.e-18)
(0.08120760268329241,1.e-18)
(0.07784074151537525,1.e-18)
(0.07449450319704405,1.e-18)
(0.07116901751606568,1.e-18)
(0.06786441157013148,1.e-18)
(0.06458080978250863,1.e-18)
(0.06131833391766137,1.e-18)
(0.058077103096737616,1.e-18)
(0.054857233813005175,1.e-18)
(0.05165883994716386,1.e-18)
(0.04848203278262767,1.e-18)
(0.04532692102069046,1.e-18)
(0.04219361079564393,1.e-18)
(0.03908220568978839,1.e-18)
(0.03599280674841335,1.e-18)
(0.03292551249467935,1.e-18)
(0.029880418944445743,1.e-18)
(0.026857619621029123,1.e-18)
(0.02385720556990175,1.e-18)
(0.02087926537332746,1.e-18)
(0.01792388516493862,1.e-18)
(0.014991148644257024,1.e-18)
(0.01208113709115704,1.e-18)
(0.009193929380277147,1.e-18)
(0.00632960199537802,1.e-18)
(0.0034882290436531135,1.e-18)
(0.0006698822699841154,1.e-18)
(-0.0021253689288430844,1.e-18)
(-0.004897457489973278,1.e-18)
(-0.007646318670359206,1.e-18)
(-0.010371890032681075,1.e-18)
(-0.013074111431309205,1.e-18)
(-0.01575292499830408,1.e-18)
(-0.018408275129458765,1.e-18)
(-0.02104010847037101,1.e-18)
(-0.023648373902561918,1.e-18)
(-0.026233022529619784,1.e-18)
(-0.028794007663386793,1.e-18)
(-0.03133128481016291,1.e-18)
(-0.033844811656960745,1.e-18)
(-0.036334548057775626,1.e-18)
(-0.038800456019887866,1.e-18)
(-0.04124249969020418,1.e-18)
(-0.04366064534159906,1.e-18)
(-0.046054861359316086,1.e-18)
(-0.048425118227367434,1.e-18)
(-0.05077138851497873,1.e-18)
(-0.053093646863026416,1.e-18)
(-0.055391869970536224,1.e-18)
(-0.057666036581171407,1.e-18)
(-0.059916127469767794,1.e-18)
(-0.06214212542885012,1.e-18)
(-0.06434401525521577,1.e-18)
(-0.06652178373649857,1.e-18)
(-0.06867541963778001,1.e-18)
(-0.07080491368817367,1.e-18)
(-0.07291025856748176,1.e-18)
(-0.07499144889282267,1.e-18)
(-0.07704848120530769,1.e-18)
(-0.07908135395668132,1.e-18)
(-0.08109006749604317,1.e-18)
(-0.08307462405652577,1.e-18)
(-0.08503502774202498,1.e-18)
(-0.0869712845139087,1.e-18)
(-0.0888834021777509,1.e-18)
(-0.09077139037009864,1.e-18)
(-0.09263526054521083,1.e-18)
(-0.09447502596185145,1.e-18)
(-0.09629070167002664,1.e-18)
(-0.09808230449781345,1.e-18)
(-0.09984985303813163,1.e-18)
(-0.10159336763557435,1.e-18)
(-0.10331287037318036,1.e-18)
(-0.10500838505929758,1.e-18)
(-0.10667993721438793,1.e-18)
(-0.10832755405789117,1.e-18)
(-0.1099512644950226,1.e-18)
(-0.11155109910367157,1.e-18)
(-0.1131270901212315,1.e-18)
(-0.11467927143149413,1.e-18)
(-0.11620767855146896,1.e-18)
(-0.11771234861831217,1.e-18)
(-0.11919332037617855,1.e-18)
(-0.12065063416313636,1.e-18)
(-0.12208433189803636,1.e-18)
(-0.12349445706740902,1.e-18)
(-0.12488105471239444,1.e-18)
(-0.1262441714156522,1.e-18)
(-0.12758385528825505,1.e-18)
(-0.12890015595660925,1.e-18)
(-0.13019312454941043,1.e-18)
(-0.1314628136845459,1.e-18)
(-0.13270927745606717,1.e-18)
(-0.13393257142106896,1.e-18)
(-0.13513275258669866,1.e-18)
(-0.13630987939707062,1.e-18)
(-0.13746401172025913,1.e-18)
(-0.138595210835198,1.e-18)
(-0.13970353941870997,1.e-18)
(-0.14078906153244136,1.e-18)
(-0.14185184260987024,1.e-18)
(-0.14289194944325706,1.e-18)
(-0.14390945017063192,1.e-18)
(-0.14490441426281575,1.e-18)
(-0.1458769125104175,1.e-18)
(-0.1468270170108133,1.e-18)
(-0.14775480115515569,1.e-18)
(-0.14866033961541855,1.e-18)
(-0.14954370833141872,1.e-18)
(-0.15040498449781997,1.e-18)
(-0.15124424655116273,1.e-18)
(-0.1520615741569405,1.e-18)
(-0.15285704819664472,1.e-18)
(-0.15363075075479324,1.e-18)
(-0.15438276510599275,1.e-18)
(-0.1551131757020459,1.e-18)
(-0.15582206815899216,1.e-18)
(-0.1565095292442399,1.e-18)
(-0.15717564694910768,1.e-18)
(-0.15782051004837694,1.e-18)
(-0.15844420894261138,1.e-18)
(-0.1590468347900593,1.e-18)
(-0.15962847992137308,1.e-18)
(-0.16018923774121732,1.e-18)
(-0.16072920271545355,1.e-18)
(-0.16124847035829246,1.e-18)
(-0.16174713721943207,1.e-18)
(-0.16222530087123582,1.e-18)
(-0.16268305989595275,1.e-18)
(-0.16312051387291907,1.e-18)
(-0.16353776336573367,1.e-18)
(-0.16393490990948434,1.e-18)
(-0.1643120559980132,1.e-18)
(-0.1646693050711656,1.e-18)
(-0.1650067615020161,1.e-18)
(-0.16532453058414162,1.e-18)
(-0.16562271851894084,1.e-18)
(-0.16590143240293492,1.e-18)
(-0.16616078021504757,1.e-18)
(-0.16640087080393254,1.e-18)
(-0.16662181387536124,1.e-18)
(-0.16682371997953738,1.e-18)
(-0.1670067004985131,1.e-18)
(-0.1671708676335369,1.e-18)
(-0.16731633439245971,1.e-18)
(-0.16744321457719152,1.e-18)
(-0.1675516227711406,1.e-18)
(-0.16764167432663796,1.e-18)
(-0.16771348417764487,1.e-18)
(-0.16776717270110708,1.e-18)
(-0.16780285395681735,1.e-18)
(-0.16782064742256014,1.e-18)
(-0.16782067210783658,1.e-18)
(-0.16780304771623555,1.e-18)
(-0.16776789463302377,1.e-18)
(-0.1677153339127214,1.e-18)
(-0.16764548726673295,1.e-18)
(-0.16755847705103877,1.e-18)
(-0.1674544262538668,1.e-18)
(-0.16733345848335915,1.e-18)
(-0.16719569795528913,1.e-18)
(-0.16704126948084125,1.e-18)
(-0.16687029845437995,1.e-18)
(-0.16668291084119635,1.e-18)
(-0.16647923316536584,1.e-18)
(-0.1662593924975487,1.e-18)
(-0.16602351644289684,1.e-18)
(-0.16577173312894974,1.e-18)
(-0.1655041701230397,1.e-18)
(-0.16522095977260395,1.e-18)
(-0.16492222848846405,1.e-18)
(-0.16460810743755505,1.e-18)
(-0.16427872717854805,1.e-18)
(-0.16393421872038447,1.e-18)
(-0.16357471351039535,1.e-18)
(-0.1632003434224158,1.e-18)
(-0.16281124074489217,1.e-18)
(-0.1624075381690587,1.e-18)
(-0.16198936877717718,1.e-18)
(-0.16155686603077374,1.e-18)
(-0.161110163758863,1.e-18)
(-0.16064939614629148,1.e-18)
(-0.1601746977220176,1.e-18)
(-0.15968620334756564,1.e-18)
(-0.15918404820533796,1.e-18)
(-0.15866836778709859,1.e-18)
(-0.1581392978823883,1.e-18)
(-0.15759697456711672,1.e-18)
(-0.15704153419200836,1.e-18)
(-0.15647311337123135,1.e-18)
(-0.1558918489709605,1.e-18)
(-0.15529787809806841,1.e-18)
(-0.15469133808880697,1.e-18)
(-0.15407236649749484,1.e-18)
(-0.1534411010852727,1.e-18)
(-0.15279767980893658,1.e-18)
(-0.15214224080977393,1.e-18)
(-0.151474922402401,1.e-18)
(-0.15079586306368042,1.e-18)
(-0.15010520142170744,1.e-18)
(-0.14940307624480814,1.e-18)
(-0.14868962643053044,1.e-18)
(-0.14796499099476498,1.e-18)
(-0.14722930906081552,1.e-18)
(-0.146482719848643,1.e-18)
(-0.14572536266398967,1.e-18)
(-0.14495737688767396,1.e-18)
(-0.1441789019648342,1.e-18)
(-0.14339007739434786,1.e-18)
(-0.14259104271812859,1.e-18)
(-0.14178193751060056,1.e-18)
(-0.14096290136812278,1.e-18)
(-0.1401340738985835,1.e-18)
(-0.13929559471088618,1.e-18)
(-0.13844760340460335,1.e-18)
(-0.13759023955959615,1.e-18)
(-0.13672364272575896,1.e-18)
(-0.1358479524127678,1.e-18)
(-0.13496330807985335,1.e-18)
(-0.1340698491256472,1.e-18)
(-0.13316771487811385,1.e-18)
(-0.13225704458449727,1.e-18)
(-0.13133797740128067,1.e-18)
(-0.1304106523842716,1.e-18)
(-0.12947520847865826,1.e-18)
(-0.1285317845092337,1.e-18)
(-0.1275805191705215,1.e-18)
(-0.12662155101707687,1.e-18)
(-0.12565501845374397,1.e-18)
(-0.12468105972609485,1.e-18)
(-0.12369981291076168,1.e-18)
(-0.12271141590594892,1.e-18)
(-0.12171600642190847,1.e-18)
(-0.12071372197158688,1.e-18)
(-0.11970469986117889,1.e-18)
(-0.11868907718085582,1.e-18)
(-0.11766699079545917,1.e-18)
(-0.11663857733536727,1.e-18)
(-0.1156039731872744,1.e-18)
(-0.11456331448513968,1.e-18)
(-0.11351673710111466,1.e-18)
(-0.11246437663660112,1.e-18)
(-0.11140636841332557,1.e-18)
(-0.1103428474644433,1.e-18)
(-0.10927394852576573,1.e-18)
(-0.10819980602697252,1.e-18)
(-0.10712055408299001,1.e-18)
(-0.10603632648529406,1.e-18)
(-0.10494725669338144,1.e-18)
(-0.10385347782621937,1.e-18)
(-0.10275512265386055,1.e-18)
(-0.10165232358898849,1.e-18)
(-0.10054521267862815,1.e-18)
(-0.09943392159583947,1.e-18)
(-0.09831858163157478,1.e-18)
(-0.09719932368646894,1.e-18)
(-0.09607627826279654,1.e-18)
(-0.09494957545641426,1.e-18)
(-0.09381934494886142,1.e-18)
(-0.09268571599940802,1.e-18)
(-0.09154881743724946,1.e-18)
(-0.09040877765373408,1.e-18)
(-0.08926572459465748,1.e-18)
(-0.08811978575262143,1.e-18)
(-0.08697108815945671,1.e-18)
(-0.08581975837871829,1.e-18)
(-0.08466592249820859,1.e-18)
(-0.08350970612264896,1.e-18)
(-0.08235123436630995,1.e-18)
(-0.08119063184579031,1.e-18)
(-0.08002802267280028,1.e-18)
(-0.07886353044709297,1.e-18)
(-0.0776972782493588,1.e-18)
(-0.07652938863426792,1.e-18)
(-0.07535998362352096,1.e-18)
(-0.07418918469904374,1.e-18)
(-0.07301711279615057,1.e-18)
(-0.0718438882968541,1.e-18)
(-0.0706696310231862,1.e-18)
(-0.06949446023065863,1.e-18)
(-0.06831849460170092,1.e-18)
(-0.06714185223923473,1.e-18)
(-0.06596465066028998,1.e-18)
(-0.0647870067896925,1.e-18)
(-0.0636090369538219,1.e-18)
(-0.06243085687443668,1.e-18)
(-0.06125258166257012,1.e-18)
(-0.06007432581249391,1.e-18)
(-0.05889620319575124,1.e-18)
(-0.057718327055262114,1.e-18)
(-0.05654080999949676,1.e-18)
(-0.055363763996701364,1.e-18)
(-0.054187300369248244,1.e-18)
(-0.0530115297879793,1.e-18)
(-0.051836562266682984,1.e-18)
(-0.050662507156596114,1.e-18)
(-0.049489473141030936,1.e-18)
(-0.04831756823000672,1.e-18)
(-0.04714689975500418,1.e-18)
(-0.0459775743637532,1.e-18)
(-0.044809698015140356,1.e-18)
(-0.043643375974126465,1.e-18)
(-0.042478712806781165,1.e-18)
(-0.04131581237536995,1.e-18)
(-0.040154777833517244,1.e-18)
(-0.03899571162143861,1.e-18)
(-0.037838715461246196,1.e-18)
(-0.03668389035232536,1.e-18)
(-0.035531336566783166,1.e-18)
(-0.034381153644967466,1.e-18)
(-0.033233440391059764,1.e-18)
(-0.03208829486873813,1.e-18)
(-0.030945814396913893,1.e-18)
(-0.02980609554553786,1.e-18)
(-0.028669234131481137,1.e-18)
(-0.02753532521448818,1.e-18)
(-0.02640446309319179,1.e-18)
(-0.02527674130122723,1.e-18)
(-0.02415225260338196,1.e-18)
(-0.023031088991846676,1.e-18)
(-0.021913341682518964,1.e-18)
(-0.020799101111402613,1.e-18)
(-0.019688456931049668,1.e-18)
(-0.018581498007097293,1.e-18)
(-0.017478312414867372,1.e-18)
(-0.016378987436040878,1.e-18)
(-0.015283609555403165,1.e-18)
(-0.014192264457662007,1.e-18)
(-0.013105037024338156,1.e-18)
(-0.012022011330727748,1.e-18)
(-0.010943270642936471,1.e-18)
(-0.00986889741498648,1.e-18)
(-0.008798973285994742,1.e-18)
(-0.0077335790774242285,1.e-18)
(-0.006672794790405863,1.e-18)
(-0.005616699603133398,1.e-18)
(-0.004565371868329603,1.e-18)
(-0.003518889110784766,1.e-18)
(-0.0024773280249659525,1.e-18)
(-0.00144076447269893,1.e-18)
(-0.00040927348092104077,1.e-18)
(0.0006170707604940069,1.e-18)
(0.0016381949008404343,1.e-18)
(0.002654026430613038,1.e-18)
(0.0036644936834687226,1.e-18)
(0.004669525838116539,1.e-18)
(0.005669052920137573,1.e-18)
(0.006663005803733036,1.e-18)
(0.007651316213401956,1.e-18)
(0.008633916725548018,1.e-18)
(0.009610740770016212,1.e-18)
(0.010581722631558587,1.e-18)
(0.011546797451229874,1.e-18)
(0.012505901227712949,1.e-18)
(0.013458970818574204,1.e-18)
(0.014405943941449152,1.e-18)
(0.015346759175157891,1.e-18)
(0.016281355960751986,1.e-18)
(0.017209674602490142,1.e-18)
(0.018131656268746802,1.e-18)
(0.019047242992849045,1.e-18)
(0.01995637767384741,1.e-18)
(0.020859004077215554,1.e-18)
(0.021755066835482693,1.e-18)
(0.022644511448796655,1.e-18)
(0.023527284285420027,1.e-18)
(0.024403332582156472,1.e-18)
(0.025272604444711272,1.e-18)
(0.026135048847981852,1.e-18)
(0.0269906156362833,1.e-18)
(0.027839255523504802,1.e-18)
(0.028680920093200186,1.e-18)
(0.029515561798610764,1.e-18)
(0.03034313396262182,1.e-18)
(0.031163590777653828,1.e-18)
(0.03197688730548566,1.e-18)
(0.03278297947701348,1.e-18)
(0.033581824091942485,1.e-18)
(0.034373378818414936,1.e-18)
(0.03515760219257148,1.e-18)
(0.03593445361804863,1.e-18)
(0.036703893365410495,1.e-18)
(0.0374658825715163,1.e-18)
(0.03822038323882557,1.e-18)
(0.03896735823463551,1.e-18)
(0.0397067712902594,1.e-18)
(0.040438587000137256,1.e-18)
(0.04116277082088706,1.e-18)
(0.04187928907028351,1.e-18)
(0.04258810892621485,1.e-18)
(0.04328919842548182,1.e-18)
(0.04398252646265902,1.e-18)
(0.04466806278880348,1.e-18)
(0.045345778010136575,1.e-18)
(0.04601564358665985,1.e-18)
(0.04667763183071015,1.e-18)
(0.04733171590545416,1.e-18)
(0.04797786982332223,1.e-18)
(0.048616068444382425,1.e-18)
(0.04924628747465664,1.e-18)
(0.04986850346437423,1.e-18)
(0.05048269380617082,1.e-18)
(0.05108883673322397,1.e-18)
(0.05168691131733534,1.e-18)
(0.05227689746695088,1.e-18)
(0.05285877592511848,1.e-18)
(0.0534325282674336,1.e-18)
(0.053998136899810055,1.e-18)
(0.05455558505635486,1.e-18)
(0.05510485679706356,1.e-18)
(0.055645937005510925,1.e-18)
(0.05617881138647712,1.e-18)
(0.056703466463518565,1.e-18)
(0.05721988957647498,1.e-18)
(0.057728068878974644,1.e-18)
(0.05822799333575577,1.e-18)
(0.05871965272010668,1.e-18)
(0.05920303761112385,1.e-18)
(0.05967813939096712,1.e-18)
(0.06014495024205746,1.e-18)
(0.06060346314421676,1.e-18)
(0.06105367187176155,1.e-18)
(0.06149557099053297,1.e-18)
(0.06192915585493232,1.e-18)
(0.062354422604765106,1.e-18)
(0.06277136816222477,1.e-18)
(0.0631799902286808,1.e-18)
(0.06358028728148128,1.e-18)
(0.06397225857068886,1.e-18)
(0.06435590411577409,1.e-18)
(0.06473122470224857,1.e-18)
(0.06509822187830855,1.e-18)
(0.06545689795128469,1.e-18)
(0.06580725598424172,1.e-18)
(0.066149299792384,1.e-18)
(0.06648303393947218,1.e-18)
(0.06680846373418693,1.e-18)
(0.06712559522644652,1.e-18)
(0.0674344352036678,1.e-18)
(0.06773499118704657,1.e-18)
(0.06802727142763797,1.e-18)
(0.06831128490260051,1.e-18)
(0.06858704131124226,1.e-18)
(0.06885455107108399,1.e-18)
(0.06911382531387429,1.e-18)
(0.06936487588155733,1.e-18)
(0.06960771532220443,1.e-18)
(0.06984235688589009,1.e-18)
(0.07006881452059507,1.e-18)
(0.0702871028679044,1.e-18)
(0.07049723725888561,1.e-18)
(0.07069923370976232,1.e-18)
(0.07089310891761698,1.e-18)
(0.07107888025604127,1.e-18)
(0.0712565657707524,1.e-18)
(0.07142618417515763,1.e-18)
(0.07158775484595162,1.e-18)
(0.07174129781850773,1.e-18)
(0.07188683378245865,1.e-18)
(0.0720243840770723,1.e-18)
(0.07215397068666132,1.e-18)
(0.07227561623594561,1.e-18)
(0.07238934398538174,1.e-18)
(0.07249517782644678,1.e-18)
(0.07259314227694645,1.e-18)
(0.07268326247618828,1.e-18)
(0.07276556418017704,1.e-18)
(0.07284007375684,1.e-18)
(0.0729068181811156,1.e-18)
(0.07296582503006775,1.e-18)
(0.07301712247795904,1.e-18)
(0.07306073929129775,1.e-18)
(0.07309670482383579,1.e-18)
(0.07312504901161779,1.e-18)
(0.07314580236781758,1.e-18)
(0.07315899597778722,1.e-18)
(0.07316466149390008,1.e-18)
(0.07316283113043616,1.e-18)
(0.07315353765843366,1.e-18)
(0.07313681440051013,1.e-18)
(0.07311269522564805,1.e-18)
(0.07308121454401546,1.e-18)
(0.0730424073016545,1.e-18)
(0.07299630897520527,1.e-18)
(0.07294295556666554,1.e-18)
(0.07288238359802193,1.e-18)
(0.0728146301059153,1.e-18)
(0.07273973263627546,1.e-18)
(0.07265772923891929,1.e-18)
(0.07256865846218957,1.e-18)
(0.07247255934746503,1.e-18)
(0.07236947142371092,1.e-18)
(0.0722594347020674,1.e-18)
(0.07214248967031514,1.e-18)
(0.07201867728737767,1.e-18)
(0.0718880389777967,1.e-18)
(0.07175061662619009,1.e-18)
(0.07160645257167741,1.e-18)
(0.07145558960236531,1.e-18)
(0.07129807094963272,1.e-18)
(0.07113394028264347,1.e-18)
(0.07096324170266147,1.e-18)
(0.07078601973742471,1.e-18)
(0.0706023193354929,1.e-18)
(0.07041218586058032,1.e-18)
(0.07021566508586484,1.e-18)
(0.07001280318834363,1.e-18)
(0.06980364674306805,1.e-18)
(0.06958824271742929,1.e-18)
(0.06936663846548738,1.e-18)
(0.06913888172218953,1.e-18)
(0.06890502059762967,1.e-18)
(0.06866510357129252,1.e-18)
(0.06841917948627367,1.e-18)
(0.06816729754354914,1.e-18)
(0.06790950729613422,1.e-18)
(0.06764585864328923,1.e-18)
(0.06737640182477891,1.e-18)
(0.06710118741501804,1.e-18)
(0.06682026631727143,1.e-18)
(0.06653368975783355,1.e-18)
(0.06624150928020467,1.e-18)
(0.06594377673925005,1.e-18)
(0.06564054429541097,1.e-18)
(0.06533186440881086,1.e-18)
(0.06501778983341361,1.e-18)
(0.06469837361123518,1.e-18)
(0.06437366906645219,1.e-18)
(0.06404372979956333,1.e-18)
(0.06370860968153921,1.e-18)
(0.0633683628479594,1.e-18)
(0.06302304369320356,1.e-18)
(0.06267270686454317,1.e-18)
(0.06231740725629089,1.e-18)
(0.06195720000400133,1.e-18)
(0.0615921404785786,1.e-18)
(0.06122228428043642,1.e-18)
(0.06084768723365306,1.e-18)
(0.06046840538011507,1.e-18)
(0.06008449497371896,1.e-18)
(0.05969601247448038,1.e-18)
(0.059303014542701,1.e-18)
(0.05890555803319102,1.e-18)
(0.05850369998940246,1.e-18)
(0.058097497637621606,1.e-18)
(0.057687008381153586,1.e-18)
(0.05727228979451674,1.e-18)
(0.056853399617631556,1.e-18)
(0.05643039575006667,1.e-18)
(0.05600333624520317,1.e-18)
(0.055572279304456115,1.e-18)
(0.055137283271557494,1.e-18)
(0.05469840662675032,1.e-18)
(0.05425570798105295,1.e-18)
(0.05380924607051297,1.e-18)
(0.05335907975046867,1.e-18)
(0.052905267989865,1.e-18)
(0.05244786986549612,1.e-18)
(0.05198694455630776,1.e-18)
(0.05152255133775655,1.e-18)
(0.05105474957609961,1.e-18)
(0.05058359872274027,1.e-18)
(0.0501091583085814,1.e-18)
(0.04963148793838015,1.e-18)
(0.049150647285163614,1.e-18)
(0.048666696084567695,1.e-18)
(0.04817969412929002,1.e-18)
(0.04768970126346998,1.e-18)
(0.0471967773771795,1.e-18)
(0.046700982400841945,1.e-18)
(0.046202376299714215,1.e-18)
(0.045701019068372574,1.e-18)
(0.045196970725211456,1.e-18)
(0.04469029130699791,1.e-18)
(0.04418104086337109,1.e-18)
(0.04366927945140292,1.e-18)
(0.04315506713021473,1.e-18)
(0.04263846395554344,1.e-18)
(0.04211952997436421,1.e-18)
(0.04159832521952834,1.e-18)
(0.04107490970441116,1.e-18)
(0.04054934341762008,1.e-18)
(0.040021686317646216,1.e-18)
(0.03949199832762307,1.e-18)
(0.0389603393300297,1.e-18)
(0.038426769161498085,1.e-18)
(0.0378913476075699,1.e-18)
(0.037354134397511535,1.e-18)
(0.03681518919913973,1.e-18)
(0.036274571613703566,1.e-18)
(0.03573234117072274,1.e-18)
(0.03518855732292369,1.e-18)
(0.03464327944113533,1.e-18)
(0.03409656680928039,1.e-18)
(0.03354847861932715,1.e-18)
(0.03299907396629878,1.e-18)
(0.03244841184330269,1.e-18)
(0.03189655113658002,1.e-18)
(0.031343550620611574,1.e-18)
(0.030789468953195478,1.e-18)
(0.03023436467058483,1.e-18)
(0.02967829618267939,1.e-18)
(0.02912132176819305,1.e-18)
(0.028563499569879303,1.e-18)
(0.028004887589778572,1.e-18)
(0.027445543684489253,1.e-18)
(0.026885525560493985,1.e-18)
(0.026324890769462282,1.e-18)
(0.02576369670364135,1.e-18)
(0.02520200059122463,1.e-18)
(0.024639859491805638,1.e-18)
(0.024077330291812634,1.e-18)
(0.023514469699999405,1.e-18)
(0.022951334242956575,1.e-18)
(0.022387980260677426,1.e-18)
(0.021824463902110045,1.e-18)
(0.02126084112079057,1.e-18)
(0.020697167670465196,1.e-18)
(0.020133499100790406,1.e-18)
(0.01956989075302412,1.e-18)
(0.019006397755771013,1.e-18)
(0.018443075020756466,1.e-18)
(0.017879977238630586,1.e-18)
(0.017317158874822155,1.e-18)
(0.0167546741653937,1.e-18)
(0.016192577112966594,1.e-18)
(0.015630921482648684,1.e-18)
(0.015069760798030131,1.e-18)
(0.014509148337183949,1.e-18)
(0.01394913712871639,1.e-18)
(0.013389779947846623,1.e-18)
(0.01283112931253576,1.e-18)
(0.012273237479624449,1.e-18)
(0.011716156441035606,1.e-18)
(0.011159937919987772,1.e-18)
(0.01060463336727156,1.e-18)
(0.010050293957537907,1.e-18)
(0.009496970585635821,1.e-18)
(0.008944713862982472,1.e-18)
(0.0083935741139791,1.e-18)
(0.007843601372446357,1.e-18)
(0.007294845378115111,1.e-18)
(0.006747355573147025,1.e-18)
(0.006201181098688251,1.e-18)
(0.005656370791473965,1.e-18)
(0.005112973180458055,1.e-18)
(0.0045710364834875335,1.e-18)
(0.004030608604013448,1.e-18)
(0.003491737127844183,1.e-18)
(0.002954469319929302,1.e-18)
(0.0024188521211913018,1.e-18)
(0.0018849321453897354,1.e-18)
(0.0013527556760298978,1.e-18)
(0.0008223686633062085,1.e-18)
(0.00029381672108750207,1.e-18)
(-0.00023285487605865225,1.e-18)
(-0.0007576011958019776,1.e-18)
(-0.0012803776509456735,1.e-18)
(-0.001801140002282806,1.e-18)
(-0.002319844361411268,1.e-18)
(-0.0028364471935111244,1.e-18)
(-0.00335090532007971,1.e-18)
(-0.0038631759216266807,1.e-18)
(-0.004373216540327983,1.e-18)
(-0.004880985082643296,1.e-18)
(-0.005386439821884544,1.e-18)
(-0.00588953940075166,1.e-18)
(-0.00639024283382482,1.e-18)
(-0.006888509510009984,1.e-18)
(-0.007384299194956264,1.e-18)
(-0.007877572033419437,1.e-18)
(-0.008368288551590572,1.e-18)
(-0.008856409659380265,1.e-18)
(-0.009341896652670411,1.e-18)
(-0.009824711215507,1.e-18)
(-0.010304815422271268,1.e-18)
(-0.010782171739789442,1.e-18)
(-0.011256743029424303,1.e-18)
(-0.011728492549103964,1.e-18)
(-0.012197383955319328,1.e-18)
(-0.012663381305075222,1.e-18)
(-0.013126449057812503,1.e-18)
(-0.013586552077263298,1.e-18)
(-0.014043655633289027,1.e-18)
(-0.01449772540366762,1.e-18)
(-0.014948727475826233,1.e-18)
(-0.015396628348561623,1.e-18)
(-0.015841394933689235,1.e-18)
(-0.01628299455766159,1.e-18)
(-0.016721394963158488,1.e-18)
(-0.017156564310602362,1.e-18)
(-0.0175884711796642,1.e-18)
(-0.018017084570715203,1.e-18)
(-0.01844237390622107,1.e-18)
(-0.01886430903213133,1.e-18)
(-0.01928286021918961,1.e-18)
(-0.01969799816422132,1.e-18)
(-0.02010969399136994,1.e-18)
(-0.02051791925331403,1.e-18)
(-0.020922645932399654,1.e-18)
(-0.021323846441777313,1.e-18)
(-0.021721493626454032,1.e-18)
(-0.022115560764352185,1.e-18)
(-0.022506021567282535,1.e-18)
(-0.02289285018189747,1.e-18)
(-0.023276021190593344,1.e-18)
(-0.023655509612395122,1.e-18)
(-0.024031290903752146,1.e-18)
(-0.024403340959339652,1.e-18)
(-0.024771636112800068,1.e-18)
(-0.025136153137422616,1.e-18)
(-0.02549686924683226,1.e-18)
(-0.025853762095586385,1.e-18)
(-0.026206809779751164,1.e-18)
(-0.02655599083745671,1.e-18)
(-0.02690128424936082,1.e-18)
(-0.02724266943912147,1.e-18)
(-0.027580126273810304,1.e-18)
(-0.027913635064260856,1.e-18)
(-0.028243176565433337,1.e-18)
(-0.028568731976682443,1.e-18)
(-0.028890282942012034,1.e-18)
(-0.02920781155027854,1.e-18)
(-0.029521300335383895,1.e-18)
(-0.029830732276368427,1.e-18)
(-0.030136090797523014,1.e-18)
(-0.030437359768438445,1.e-18)
(-0.030734523503988958,1.e-18)
(-0.031027566764338987,1.e-18)
(-0.03131647475484753,1.e-18)
(-0.03160123312595771,1.e-18)
(-0.031881827973073644,1.e-18)
(-0.03215824583633289,1.e-18)
(-0.03243047370040445,1.e-18)
(-0.032698498994222176,1.e-18)
(-0.03296230959065257,1.e-18)
(-0.03322189380619115,1.e-18)
(-0.03347724040055192,1.e-18)
(-0.03372833857624716,1.e-18)
(-0.03397517797815489,1.e-18)
(-0.03421774869297998,1.e-18)
(-0.034456041248746516,1.e-18)
(-0.03469004661422492,1.e-18)
(-0.03491975619829175,1.e-18)
(-0.035145161849325326,1.e-18)
(-0.035366255854491095,1.e-18)
(-0.035583030939025456,1.e-18)
(-0.035795480265469665,1.e-18)
(-0.0360035974329024,1.e-18)
(-0.03620737647606284,1.e-18)
(-0.03640681186450972,1.e-18)
(-0.03660189850171676,1.e-18)
(-0.036792631724099904,1.e-18)
(-0.03697900730008604,1.e-18)
(-0.03716102142906873,1.e-18)
(-0.037338670740358904,1.e-18)
(-0.03751195229213302,1.e-18)
(-0.03768086357026564,1.e-18)
(-0.037845402487208364,1.e-18)
(-0.0380055673807993,1.e-18)
(-0.0381613570130091,1.e-18)
(-0.038312770568731065,1.e-18)
(-0.03845980765445783,1.e-18)
(-0.0386024682969549,1.e-18)
(-0.038740752941935366,1.e-18)
(-0.038874662452617455,1.e-18)
(-0.03900419810833203,1.e-18)
(-0.03912936160305494,1.e-18)
(-0.03925015504392497,1.e-18)
(-0.03936658094968539,1.e-18)
(-0.03947864224917821,1.e-18)
(-0.03958634227972232,1.e-18)
(-0.03968968478549244,1.e-18)
(-0.0397886739159026,1.e-18)
(-0.03988331422387019,1.e-18)
(-0.03997361066413636,1.e-18)
(-0.04005956859152103,1.e-18)
(-0.0401411937591116,1.e-18)
(-0.040218492316509015,1.e-18)
(-0.04029147080795554,1.e-18)
(-0.0403601361704699,1.e-18)
(-0.04042449573198406,1.e-18)
(-0.04048455720936641,1.e-18)
(-0.0405403287065013,1.e-18)
(-0.04059181871229668,1.e-18)
(-0.04063903609868063,1.e-18)
(-0.04068199011852471,1.e-18)
(-0.04072069040362894,1.e-18)
(-0.040755146962579675,1.e-18)
(-0.04078537017866989,1.e-18)
(-0.0408113708076947,1.e-18)
(-0.04083315997580635,1.e-18)
(-0.04085074917730144,1.e-18)
(-0.04086415027239626,1.e-18)
(-0.04087337548493308,1.e-18)
(-0.0408784374001491,1.e-18)
(-0.040879348962329844,1.e-18)
(-0.04087612347247434,1.e-18)
(-0.04086877458596944,1.e-18)
(-0.04085731631015002,1.e-18)
(-0.040841763001924936,1.e-18)
(-0.04082212936534191,1.e-18)
(-0.040798430449092406,1.e-18)
(-0.040770681644083824,1.e-18)
(-0.04073889868089674,1.e-18)
(-0.040703097627255894,1.e-18)
(-0.040663294885513714,1.e-18)
(-0.04061950719002197,1.e-18)
(-0.04057175160457009,1.e-18)
(-0.04052004551975742,1.e-18)
(-0.04046440665036144,1.e-18)
(-0.04040485303263837,1.e-18)
(-0.040341403021694915,1.e-18)
(-0.04027407528873853,1.e-18)
(-0.0402028888183967,1.e-18)
(-0.040127862905919215,1.e-18)
(-0.04004901715444712,1.e-18)
(-0.03996637147222073,1.e-18)
(-0.0398799460697834,1.e-18)
(-0.03978976145712232,1.e-18)
(-0.039695838440880975,1.e-18)
(-0.039598198121462515,1.e-18)
(-0.03949686189015091,1.e-18)
(-0.03939185142625065,1.e-18)
(-0.03928318869411867,1.e-18)
(-0.039170895940269575,1.e-18)
(-0.03905499569041799,1.e-18)
(-0.03893551074652287,1.e-18)
(-0.03881246418377082,1.e-18)
(-0.03868587934763272,1.e-18)
(-0.038555779850805966,1.e-18)
(-0.03842218957023085,1.e-18)
(-0.038285132643994926,1.e-18)
(-0.038144633468309166,1.e-18)
(-0.03800071669442783,1.e-18)
(-0.03785340722556978,1.e-18)
(-0.03770273021378456,1.e-18)
(-0.037548711056889235,1.e-18)
(-0.037391375395298944,1.e-18)
(-0.03723074910892952,1.e-18)
(-0.037066858313993846,1.e-18)
(-0.03689972935987117,1.e-18)
(-0.03672938882592186,1.e-18)
(-0.03655586351829925,1.e-18)
(-0.03637918046675808,1.e-18)
(-0.03619936692141101,1.e-18)
(-0.03601645034955654,1.e-18)
(-0.03583045843240684,1.e-18)
(-0.03564141906188623,1.e-18)
(-0.03544936033733114,1.e-18)
(-0.035254310562261595,1.e-18)
(-0.03505629824110399,1.e-18)
(-0.03485535207591879,1.e-18)
(-0.03465150096308295,1.e-18)
(-0.034444773990041345,1.e-18)
(-0.03423520043196457,1.e-18)
(-0.03402280974847733,1.e-18)
(-0.033807631580292666,1.e-18)
(-0.03358969574591989,1.e-18)
(-0.03336903223832435,1.e-18)
(-0.03314567122159769,1.e-18)
(-0.032919643027583656,1.e-18)
(-0.0326909781525745,1.e-18)
(-0.03245970725391892,1.e-18)
(-0.03222586114669934,1.e-18)
(-0.03198947080032315,1.e-18)
(-0.03175056733518378,1.e-18)
(-0.03150918201928068,1.e-18)
(-0.03126534626484247,1.e-18)
(-0.03101909162495424,1.e-18)
(-0.030770449790146037,1.e-18)
(-0.030519452585050094,1.e-18)
(-0.03026613196497545,1.e-18)
(-0.030010520012554606,1.e-18)
(-0.029752648934306913,1.e-18)
(-0.029492551057273355,1.e-18)
(-0.02923025882561417,1.e-18)
(-0.028965804797218848,1.e-18)
(-0.028699221640282265,1.e-18)
(-0.028430542129947476,1.e-18)
(-0.02815979914487482,1.e-18)
(-0.027887025663877567,1.e-18)
(-0.02761225476248574,1.e-18)
(-0.02733551960957619,1.e-18)
(-0.02705685346397183,1.e-18)
(-0.02677628967104768,1.e-18)
(-0.02649386165934601,1.e-18)
(-0.026209602937161184,1.e-18)
(-0.025923547089184703,1.e-18)
(-0.0256357277731193,1.e-18)
(-0.02534617871626702,1.e-18)
(-0.025054933712175723,1.e-18)
(-0.024762026617257273,1.e-18)
(-0.02446749134741731,1.e-18)
(-0.02417136187469288,1.e-18)
(-0.02387367222386794,1.e-18)
(-0.02357445646914959,1.e-18)
(-0.023273748730786206,1.e-18)
(-0.02297158317174804,1.e-18)
(-0.02266799399435151,1.e-18)
(-0.022363015436945296,1.e-18)
(-0.022056681770574585,1.e-18)
(-0.021749027295662273,1.e-18)
(-0.021440086338671074,1.e-18)
(-0.021129893248824576,1.e-18)
(-0.020818482394778362,1.e-18)
(-0.02050588816134997,1.e-18)
(-0.020192144946200842,1.e-18)
(-0.01987728715657683,1.e-18)
(-0.01956134920603236,1.e-18)
(-0.01924436551116687,1.e-18)
(-0.01892637048837643,1.e-18)
(-0.018607398550589956,1.e-18)
(-0.01828748410405795,1.e-18)
(-0.01796666154512545,1.e-18)
(-0.017644965256994084,1.e-18)
(-0.017322429606535825,1.e-18)
(-0.016999088941091783,1.e-18)
(-0.016674977585289286,1.e-18)
(-0.016350129837871475,1.e-18)
(-0.01602457996852009,1.e-18)
(-0.01569836221472846,1.e-18)
(-0.015371510778642782,1.e-18)
(-0.015044059823954571,1.e-18)
(-0.014716043472763137,1.e-18)
(-0.014387495802488765,1.e-18)
(-0.014058450842779532,1.e-18)
(-0.013728942572434621,1.e-18)
(-0.013399004916344649,1.e-18)
(-0.0130686717424286,1.e-18)
(-0.012737976858614518,1.e-18)
(-0.012406954009816675,1.e-18)
(-0.012075636874912095,1.e-18)
(-0.011744059063759592,1.e-18)
(-0.011412254114217615,1.e-18)
(-0.0110802554891807,1.e-18)
(-0.010748096573632359,1.e-18)
(-0.010415810671701616,1.e-18)
(-0.010083431003757932,1.e-18)
(-0.00975099070350863,1.e-18)
(-0.009418522815099787,1.e-18)
(-0.009086060290256456,1.e-18)
(-0.008753635985426408,1.e-18)
(-0.008421282658943171,1.e-18)
(-0.008089032968205722,1.e-18)
(-0.007756919466877215,1.e-18)
(-0.007424974602091578,1.e-18)
(-0.007093230711694989,1.e-18)
(-0.006761720021494315,1.e-18)
(-0.006430474642515615,1.e-18)
(-0.006099526568296503,1.e-18)
(-0.005768907672188248,1.e-18)
(-0.005438649704677263,1.e-18)
(-0.005108784290727258,1.e-18)
(-0.004779342927133766,1.e-18)
(-0.004450356979909363,1.e-18)
(-0.0041218576816806005,1.e-18)
(-0.00379387612909993,1.e-18)
(-0.0034664432802870133,1.e-18)
(-0.0031395899522844643,1.e-18)
(-0.0028133468185341137,1.e-18)
(-0.002487744406374614,1.e-18)
(-0.0021628130945558835,1.e-18)
(-0.0018385831107801834,1.e-18)
(-0.001515084529259508,1.e-18)
(-0.0011923472682923515,1.e-18)
(-0.0008704010878657828,1.e-18)
(-0.0005492755872760814,1.e-18)
(-0.00022900020277143287,1.e-18)
(0.00009039579478443021,1.e-18)
(0.0004088833022264986,1.e-18)
(0.0007264333863808344,1.e-18)
(0.0010430172863353463,1.e-18)
(0.0013586064156892218,1.e-18)
(0.001673172364777963,1.e-18)
(0.001986686902878189,1.e-18)
(0.0022991219803888178,1.e-18)
(0.002610449730990155,1.e-18)
(0.002920642473780389,1.e-18)
(0.0032296727153859417,1.e-18)
(0.0035375131520547476,1.e-18)
(0.0038441366717239284,1.e-18)
(0.004149516356058773,1.e-18)
(0.004453625482476243,1.e-18)
(0.004756437526140441,1.e-18)
(0.005057926161935713,1.e-18)
(0.005358065266415447,1.e-18)
(0.005656828919728753,1.e-18)
(0.005954191407514025,1.e-18)
(0.006250127222790563,1.e-18)
(0.00654461106779655,1.e-18)
(0.006837617855824625,1.e-18)
(0.0071291227130242515,1.e-18)
(0.007419100980180734,1.e-18)
(0.0077075282144701985,1.e-18)
(0.007994380191191034,1.e-18)
(0.00827963290546087,1.e-18)
(0.008563262573906317,1.e-18)
(0.008845245636318765,1.e-18)
(0.00912555875727326,1.e-18)
(0.009404178827741399,1.e-18)
(0.00968108296666867,1.e-18)
(0.009956248522528402,1.e-18)
(0.010229653074850244,1.e-18)
(0.010501274435725723,1.e-18)
(0.010771090651272169,1.e-18)
(0.011039080003111282,1.e-18)
(0.011305221009768131,1.e-18)
(0.01156949242808503,1.e-18)
(0.011831873254592633,1.e-18)
(0.012092342726858841,1.e-18)
(0.012350880324810699,1.e-18)
(0.012607465772034457,1.e-18)
(0.01286207903702907,1.e-18)
(0.013114700334483293,1.e-18)
(0.013365310126460835,1.e-18)
(0.013613889123608485,1.e-18)
(0.01386041828631824,1.e-18)
(0.014104878825866285,1.e-18)
(0.014347252205526038,1.e-18)
(0.014587520141658292,1.e-18)
(0.014825664604755841,1.e-18)
(0.015061667820495868,1.e-18)
(0.015295512270747757,1.e-18)
(0.015527180694533644,1.e-18)
(0.015756656088998417,1.e-18)
(0.015983921710332888,1.e-18)
(0.016208961074675027,1.e-18)
(0.016431757958984133,1.e-18)
(0.016652296401893193,1.e-18)
(0.016870560704507882,1.e-18)
(0.017086535431244783,1.e-18)
(0.01730020541055625,1.e-18)
(0.017511555735692404,1.e-18)
(0.01772057176541259,1.e-18)
(0.017927239124672437,1.e-18)
(0.01813154370528636,1.e-18)
(0.018333471666566115,1.e-18)
(0.018533009435905627,1.e-18)
(0.01873014370941064,1.e-18)
(0.01892486145240518,1.e-18)
(0.019117149899985156,1.e-18)
(0.01930699655751407,1.e-18)
(0.01949438920109936,1.e-18)
(0.01967931587804119,1.e-18)
(0.01986176490725464,1.e-18)
(0.02004172487967094,1.e-18)
(0.02021918465858087,1.e-18)
(0.020394133380030446,1.e-18)
(0.02056656045308491,1.e-18)
(0.02073645556014599,1.e-18)
(0.0209038086572102,1.e-18)
(0.021068609974107047,1.e-18)
(0.02123085001471076,1.e-18)
(0.021390519557131827,1.e-18)
(0.02154760965384755,1.e-18)
(0.021702111631892788,1.e-18)
(0.021854017092909725,1.e-18)
(0.022003317913258946,1.e-18)
(0.022150006244068144,1.e-18)
(0.02229407451126264,1.e-18)
(0.022435515415568902,1.e-18)
(0.022574321932493098,1.e-18)
(0.022710487312273243,1.e-18)
(0.02284400507980677,1.e-18)
(0.022974869034551457,1.e-18)
(0.023103073250401878,1.e-18)
(0.023228612075540018,1.e-18)
(0.02335148013226047,1.e-18)
(0.023471672316770855,1.e-18)
(0.023589183798967007,1.e-18)
(0.023704010022188682,1.e-18)
(0.023816146702913748,1.e-18)
(0.023925589830521312,1.e-18)
(0.02403233566690333,1.e-18)
(0.024136380746147976,1.e-18)
(0.02423772187415835,1.e-18)
(0.02433635612825451,1.e-18)
(0.024432280856750498,1.e-18)
(0.02452549367851415,1.e-18)
(0.02461599248246203,1.e-18)
(0.024703775427130346,1.e-18)
(0.02478884094008932,1.e-18)
(0.024871187717432686,1.e-18)
(0.024950814723204057,1.e-18)
(0.025027721188805637,1.e-18)
(0.025101906612384185,1.e-18)
(0.025173370758192568,1.e-18)
(0.02524211365592908,1.e-18)
(0.025308135600052187,1.e-18)
(0.025371437149073507,1.e-18)
(0.02543201912482646,1.e-18)
(0.025489882611713702,1.e-18)
(0.025545028955930162,1.e-18)
(0.02559745976466438,1.e-18)
(0.025647176905277128,1.e-18)
(0.025694182504465233,1.e-18)
(0.025738478947359353,1.e-18)
(0.025780068876707623,1.e-18)
(0.025818955191894376,1.e-18)
(0.025855141048044084,1.e-18)
(0.02588862985506032,1.e-18)
(0.02591942527665128,1.e-18)
(0.025947531229333024,1.e-18)
(0.025972951881411944,1.e-18)
(0.02599569165194586,1.e-18)
(0.026015755209684462,1.e-18)
(0.026033147471988507,1.e-18)
(0.02604787360372862,1.e-18)
(0.026059939016163755,1.e-18)
(0.026069349365798987,1.e-18)
(0.026076110553222707,1.e-18)
(0.02608022872192522,1.e-18)
(0.026081710257095506,1.e-18)
(0.026080561784399887,1.e-18)
(0.026076790168739355,1.e-18)
(0.026070402512990604,1.e-18)
(0.026061406156723317,1.e-18)
(0.02604980867490283,1.e-18)
(0.02603561787657039,1.e-18)
(0.026018841803506918,1.e-18)
(0.025999488728884423,1.e-18)
(0.025977567155855853,1.e-18)
(0.025953085816234782,1.e-18)
(0.0259260536690131,1.e-18)
(0.02589647989896872,1.e-18)
(0.02586437391521222,1.e-18)
(0.025829745349723602,1.e-18)
(0.0257926040558708,1.e-18)
(0.025752960106912318,1.e-18)
(0.02571082379448089,1.e-18)
(0.02566620562705301,1.e-18)
(0.025619116328398854,1.e-18)
(0.025569566836017733,1.e-18)
(0.02551756829955703,1.e-18)
(0.025463132079214048,1.e-18)
(0.025406269744122554,1.e-18)
(0.025346993070724185,1.e-18)
(0.025285314041123084,1.e-18)
(0.025221244841425804,1.e-18)
(0.02515479786006686,1.e-18)
(0.025085985686117435,1.e-18)
(0.02501482110758083,1.e-18)
(0.024941317109673133,1.e-18)
(0.024865486873088417,1.e-18)
(0.024787343772251263,1.e-18)
(0.024706901373554108,1.e-18)
(0.024624173433581545,1.e-18)
(0.024539173897320146,1.e-18)
(0.024451916896355518,1.e-18)
(0.02436241674705686,1.e-18)
(0.02427068794874591,1.e-18)
(0.024176745181856814,1.e-18)
(0.02408060330607957,1.e-18)
(0.02398227735849386,1.e-18)
(0.02388178255168969,1.e-18)
(0.023779134271875172,1.e-18)
(0.023674348076974265,1.e-18)
(0.02356743969471117,1.e-18)
(0.023458425020684806,1.e-18)
(0.023347320116430526,1.e-18)
(0.02323414120747243,1.e-18)
(0.02311890468136393,1.e-18)
(0.023001627085711157,1.e-18)
(0.022882325126226007,1.e-18)
(0.02276101566466983,1.e-18)
(0.022637715716919287,1.e-18)
(0.022512442450922737,1.e-18)
(0.022385213184688068,1.e-18)
(0.022256045384253454,1.e-18)
(0.022124956661649015,1.e-18)
(0.02199196477285091,1.e-18)
(0.021857087615724392,1.e-18)
(0.021720343227960966,1.e-18)
(0.021581749785005138,1.e-18)
(0.02144132559797463,1.e-18)
(0.021299089111571728,1.e-18)
(0.021155058901987336,1.e-18)
(0.021009253674798202,1.e-18)
(0.020861692262855586,1.e-18)
(0.0207123936241623,1.e-18)
(0.020561376839778236,1.e-18)
(0.020408661111629176,1.e-18)
(0.02025426576043003,1.e-18)
(0.020098210223511097,1.e-18)
(0.019940514052674607,1.e-18)
(0.019781196912040114,1.e-18)
(0.019620278575883335,1.e-18)
(0.01945777892646514,1.e-18)
(0.019293717951888868,1.e-18)
(0.01912811574386718,1.e-18)
(0.018960992495599113,1.e-18)
(0.01879236849955658,1.e-18)
(0.018622264145300688,1.e-18)
(0.01845069991728863,1.e-18)
(0.018277696392677394,1.e-18)
(0.01810327423912189,1.e-18)
(0.01792745421257238,1.e-18)
(0.017750257155066784,1.e-18)
(0.017571703992520518,1.e-18)
(0.017391815732514363,1.e-18)
(0.017210613462078552,1.e-18)
(0.01702811834547568,1.e-18)
(0.016844351621980554,1.e-18)
(0.016659334603659,1.e-18)
(0.016473088673144724,1.e-18)
(0.016285635281414003,1.e-18)
(0.016096995945560324,1.e-18)
(0.01590719224656701,1.e-18)
(0.015716245827079686,1.e-18)
(0.015524178389177502,1.e-18)
(0.015331011692144517,1.e-18)
(0.015136767550240312,1.e-18)
(0.014941467830470906,1.e-18)
(0.014745134450360589,1.e-18)
(0.014547789375722346,1.e-18)
(0.014349454618430534,1.e-18)
(0.014150152234194375,1.e-18)
(0.01394990432032285,1.e-18)
(0.013748733013541398,1.e-18)
(0.013546660487686702,1.e-18)
(0.01334370895156693,1.e-18)
(0.01313990064670073,1.e-18)
(0.012935257845108274,1.e-18)
(0.012729802847094912,1.e-18)
(0.012523557979039012,1.e-18)
(0.012316545591180839,1.e-18)
(0.012108788055415699,1.e-18)
(0.01190030776308888,1.e-18)
(0.011691127122795008,1.e-18)
(0.011481268558180008,1.e-18)
(0.011270754505746893,1.e-18)
(0.01105960741266584,1.e-18)
(0.010847849734587904,1.e-18)
(0.010635503933462978,1.e-18)
(0.0104225924753623,1.e-18)
(0.010209137828305945,1.e-18)
(0.009995162460093817,1.e-18)
(0.009780688836143747,1.e-18)
(0.009565739417332995,1.e-18)
(0.009350336657845848,1.e-18)
(0.009134503003026965,1.e-18)
(0.008918260887239998,1.e-18)
(0.008701632731727615,1.e-18)
(0.008484640942508137,1.e-18)
(0.008267307908201219,1.e-18)
(0.008049655997963381,1.e-18)
(0.007831707559352733,1.e-18)
(0.007613484916231803,1.e-18)
(0.007395010366671474,1.e-18)
(0.00717630618086346,1.e-18)
(0.006957394599038557,1.e-18)
(0.0067382978293943395,1.e-18)
(0.006519038046028959,1.e-18)
(0.006299637386884075,1.e-18)
(0.006080117951695179,1.e-18)
(0.005860501799950578,1.e-18)
(0.005640810948858968,1.e-18)
(0.005421067371324933,1.e-18)
(0.0052012929939345975,1.e-18)
(0.004981509694948489,1.e-18)
(0.00476173930230542,1.e-18)
(0.004542003591633948,1.e-18)
(0.004322324284274825,1.e-18)
(0.004102723045312073,1.e-18)
(0.00388322148161404,1.e-18)
(0.0036638411398851427,1.e-18)
(0.003444603504726547,1.e-18)
(0.0032255299967064444,1.e-18)
(0.003006641970451345,1.e-18)
(0.002787960712719656,1.e-18)
(0.002569507440524473,1.e-18)
(0.0023513032992379954,1.e-18)
(0.002133369360719307,1.e-18)
(0.0019157266214504989,1.e-18)
(0.0016983960006853164,1.e-18)
(0.0014813983386079452,1.e-18)
(0.0012647543945041905,1.e-18)
(0.0010484848449476278,1.e-18)
(0.0008326102819874102,1.e-18)
(0.0006171512113628257,1.e-18)
(0.00040212805071848244,1.e-18)
(0.00018756112783730798,1.e-18)
(-0.00002652932111588428,1.e-18)
(-0.0002401231533369225,1.e-18)
(-0.0004532003211132514,1.e-18)
(-0.000665740873540758,1.e-18)
(-0.0008777249582287458,1.e-18)
(-0.0010891328229906106,1.e-18)
(-0.001299944817521899,1.e-18)
(-0.0015101413950649963,1.e-18)
(-0.0017197031140593936,1.e-18)
(-0.0019286106397794773,1.e-18)
(-0.00213684474595586,1.e-18)
(-0.00234438631639207,1.e-18)
(-0.0025512163465460243,1.e-18)
(-0.002757315945124567,1.e-18)
(-0.0029626663356440387,1.e-18)
(-0.0031672488579832857,1.e-18)
(-0.0033710449699223114,1.e-18)
(-0.003574036248664708,1.e-18)
(-0.0037762043923468777,1.e-18)
(-0.003977531221528406,1.e-18)
(-0.004177998680683766,1.e-18)
(-0.004377588839640526,1.e-18)
(-0.004576283895052662,1.e-18)
(-0.00477406617182143,1.e-18)
(-0.004970918124515105,1.e-18)
(-0.005166822338771588,1.e-18)
(-0.005361761532684501,1.e-18)
(-0.0055557185581746465,1.e-18)
(-0.005748676402344547,1.e-18)
(-0.005940618188818225,1.e-18)
(-0.006131527179063966,1.e-18)
(-0.0063213867737019,1.e-18)
(-0.006510180513795023,1.e-18)
(-0.006697892082123843,1.e-18)
(-0.006884505304445167,1.e-18)
(-0.007070004150729373,1.e-18)
(-0.007254372736409026,1.e-18)
(-0.007437595323542636,1.e-18)
(-0.00761965632205206,1.e-18)
(-0.007800540290876094,1.e-18)
(-0.007980231939133416,1.e-18)
(-0.00815871612726515,1.e-18)
(-0.008335977868159575,1.e-18)
(-0.008512002328260711,1.e-18)
(-0.008686774828653432,1.e-18)
(-0.00886028084616527,1.e-18)
(-0.009032506014367916,1.e-18)
(-0.009203436124671813,1.e-18)
(-0.009373057127320781,1.e-18)
(-0.009541355132402044,1.e-18)
(-0.009708316410834054,1.e-18)
(-0.00987392739533573,1.e-18)
(-0.010038174681379027,1.e-18)
(-0.010201045028117188,1.e-18)
(-0.010362525359333932,1.e-18)
(-0.010522602764278039,1.e-18)
(-0.010681264498609734,1.e-18)
(-0.010838497985232209,1.e-18)
(-0.010994290815143451,1.e-18)
(-0.011148630748264953,1.e-18)
(-0.011301505714244256,1.e-18)
(-0.011452903813283177,1.e-18)
(-0.011602813316839931,1.e-18)
(-0.011751222668457337,1.e-18)
(-0.011898120484464961,1.e-18)
(-0.012043495554706038,1.e-18)
(-0.012187336843239402,1.e-18)
(-0.012329633489023419,1.e-18)
(-0.012470374806581287,1.e-18)
(-0.01260955028664015,1.e-18)
(-0.012747149596800816,1.e-18)
(-0.012883162582067913,1.e-18)
(-0.01301757926552268,1.e-18)
(-0.013150389848857844,1.e-18)
(-0.013281584712940574,1.e-18)
(-0.013411154418351084,1.e-18)
(-0.013539089705901368,1.e-18)
(-0.013665381497136716,1.e-18)
(-0.013790020894809317,1.e-18)
(-0.013912999183386716,1.e-18)
(-0.014034307829409662,1.e-18)
(-0.014153938482007794,1.e-18)
(-0.014271882973265046,1.e-18)
(-0.014388133318619243,1.e-18)
(-0.014502681717234608,1.e-18)
(-0.014615520552346542,1.e-18)
(-0.014726642391644697,1.e-18)
(-0.014836039987496148,1.e-18)
(-0.014943706277338683,1.e-18)
(-0.015049634383914956,1.e-18)
(-0.015153817615543632,1.e-18)
(-0.015256249466364774,1.e-18)
(-0.015356923616564447,1.e-18)
(-0.015455833932583794,1.e-18)
(-0.015552974467296789,1.e-18)
(-0.015648339460233644,1.e-18)
(-0.015741923337631632,1.e-18)
(-0.015833720712670973,1.e-18)
(-0.015923726385541653,1.e-18)
(-0.016011935343551248,1.e-18)
(-0.016098342761206107,1.e-18)
(-0.016182944000273015,1.e-18)
(-0.016265734609823983,1.e-18)
(-0.01634671032625165,1.e-18)
(-0.016425867073330925,1.e-18)
(-0.01650320096210278,1.e-18)
(-0.016578708290953623,1.e-18)
(-0.016652385545516086,1.e-18)
(-0.016724229398617032,1.e-18)
(-0.01679423671019619,1.e-18)
(-0.01686240452719666,1.e-18)
(-0.016928730083503974,1.e-18)
(-0.016993210799700672,1.e-18)
(-0.017055844283026513,1.e-18)
(-0.017116628327153535,1.e-18)
(-0.017175560912009783,1.e-18)
(-0.017232640203576472,1.e-18)
(-0.017287864553665686,1.e-18)
(-0.017341232499682068,1.e-18)
(-0.017392742764355346,1.e-18)
(-0.017442394255524078,1.e-18)
(-0.017490186065731286,1.e-18)
(-0.017536117472031123,1.e-18)
(-0.017580187935607436,1.e-18)
(-0.01762239710144381,1.e-18)
(-0.017662744797965278,1.e-18)
(-0.017701231036663195,1.e-18)
(-0.017737856011703787,1.e-18)
(-0.017772620099507398,1.e-18)
(-0.017805523858382497,1.e-18)
(-0.017836568027966897,1.e-18)
(-0.017865753528886266,1.e-18)
(-0.017893081462221995,1.e-18)
(-0.017918553109032072,1.e-18)
(-0.01794216992984337,1.e-18)
(-0.01796393356411755,1.e-18)
(-0.017983845829771684,1.e-18)
(-0.018001908722502877,1.e-18)
(-0.018018124415338028,1.e-18)
(-0.018032495257986496,1.e-18)
(-0.018045023776249895,1.e-18)
(-0.018055712671404097,1.e-18)
(-0.01806456481956578,1.e-18)
(-0.018071583271043207,1.e-18)
(-0.018076771249659906,1.e-18)
(-0.018080132152135456,1.e-18)
(-0.018081669547270297,1.e-18)
(-0.01808138717535628,1.e-18)
(-0.018079288947391716,1.e-18)
(-0.018075378944353755,1.e-18)
(-0.01806966141644443,1.e-18)
(-0.018062140782321427,1.e-18)
(-0.018052821628314137,1.e-18)
(-0.018041708707614033,1.e-18)
(-0.01802880693952262,1.e-18)
(-0.018014121408504086,1.e-18)
(-0.017997657363465203,1.e-18)
(-0.017979420216840507,1.e-18)
(-0.017959415543735296,1.e-18)
(-0.01793764908104343,1.e-18)
(-0.017914126726539224,1.e-18)
(-0.017888854538027583,1.e-18)
(-0.01786183873228881,1.e-18)
(-0.0178330856843222,1.e-18)
(-0.017802601926216157,1.e-18)
(-0.01777039414631725,1.e-18)
(-0.01773646918819447,1.e-18)
(-0.017700834049662256,1.e-18)
(-0.017663495881779265,1.e-18)
(-0.017624461987821957,1.e-18)
(-0.017583739822317094,1.e-18)
(-0.017541336989885047,1.e-18)
(-0.017497261244305517,1.e-18)
(-0.017451520487396073,1.e-18)
(-0.017404122767947852,1.e-18)
(-0.01735507628063731,1.e-18)
(-0.017304389364928945,1.e-18)
(-0.017252070503962977,1.e-18)
(-0.017198128323421356,1.e-18)
(-0.01714257159045304,1.e-18)
(-0.017085409212411765,1.e-18)
(-0.017026650235817002,1.e-18)
(-0.01696630384512798,1.e-18)
(-0.016904379361577862,1.e-18)
(-0.016840886241984748,1.e-18)
(-0.016775834077541178,1.e-18)
(-0.01670923259266103,1.e-18)
(-0.016641091643634757,1.e-18)
(-0.016571421217569045,1.e-18)
(-0.016500231430976883,1.e-18)
(-0.01642753252865132,1.e-18)
(-0.01635333488234969,1.e-18)
(-0.016277648989534776,1.e-18)
(-0.016200485472095696,1.e-18)
(-0.01612185507504854,1.e-18)
(-0.016041768665294078,1.e-18)
(-0.01596023723020037,1.e-18)
(-0.015877271876397796,1.e-18)
(-0.015792883828398885,1.e-18)
(-0.015707084427276908,1.e-18)
(-0.015619885129323914,1.e-18)
(-0.01553129750470092,1.e-18)
(-0.015441333236079715,1.e-18)
(-0.015350004117266279,1.e-18)
(-0.015257322051879052,1.e-18)
(-0.015163299051862159,1.e-18)
(-0.015067947236200687,1.e-18)
(-0.014971278829471423,1.e-18)
(-0.014873306160448905,1.e-18)
(-0.014774041660694232,1.e-18)
(-0.014673497863125813,1.e-18)
(-0.014571687400645137,1.e-18)
(-0.014468623004593036,1.e-18)
(-0.014364317503462416,1.e-18)
(-0.014258783821302594,1.e-18)
(-0.01415203497637724,1.e-18)
(-0.014044084079657782,1.e-18)
(-0.013934944333369068,1.e-18)
(-0.013824629029520308,1.e-18)
(-0.013713151548420567,1.e-18)
(-0.013600525357245135,1.e-18)
(-0.013486764008445982,1.e-18)
(-0.013371881138401431,1.e-18)
(-0.013255890465779435,1.e-18)
(-0.013138805790139155,1.e-18)
(-0.013020640990378172,1.e-18)
(-0.012901410023231322,1.e-18)
(-0.0127811269217554,1.e-18)
(-0.012659805793801304,1.e-18)
(-0.012537460820534092,1.e-18)
(-0.012414106254817944,1.e-18)
(-0.012289756419772015,1.e-18)
(-0.012164425707191989,1.e-18)
(-0.012038128576019842,1.e-18)
(-0.011910879550801974,1.e-18)
(-0.011782693220135485,1.e-18)
(-0.011653584235161137,1.e-18)
(-0.011523567307921569,1.e-18)
(-0.011392657209929916,1.e-18)
(-0.011260868770491102,1.e-18)
(-0.011128216875231741,1.e-18)
(-0.010994716464498011,1.e-18)
(-0.010860382531800494,1.e-18)
(-0.010725230122247973,1.e-18)
(-0.010589274330972684,1.e-18)
(-0.01045253030159822,1.e-18)
(-0.010315013224587248,1.e-18)
(-0.010176738335779475,1.e-18)
(-0.01003772091470885,1.e-18)
(-0.009897976283108761,1.e-18)
(-0.009757519803300498,1.e-18)
(-0.009616366876623926,1.e-18)
(-0.009474532941860375,1.e-18)
(-0.009332033473649186,1.e-18)
(-0.009188883980942206,1.e-18)
(-0.009045100005360632,1.e-18)
(-0.008900697119682008,1.e-18)
(-0.008755690926230249,1.e-18)
(-0.008610097055304045,1.e-18)
(-0.008463931163599699,1.e-18)
(-0.00831720893262886,1.e-18)
(-0.008169946067171509,1.e-18)
(-0.00802215829363695,1.e-18)
(-0.007873861358576392,1.e-18)
(-0.007725071027024084,1.e-18)
(-0.007575803080988406,1.e-18)
(-0.007426073317853011,1.e-18)
(-0.007275897548814391,1.e-18)
(-0.007125291597314517,1.e-18)
(-0.006974271297471409,1.e-18)
(-0.006822852492540468,1.e-18)
(-0.0066710510333001264,1.e-18)
(-0.006518882776566147,1.e-18)
