0.0010927584978299937
0.0033699392225825324
0.006971248499686116
0.011100985154662605
0.014319618005163048
0.015295267662712154
0.013613992996240491
0.010033894087194543
0.005990624179238631
0.0027531923094459795
0.0008487716468403462
0.0033699385381846803
0.010445670771529796
0.021718821452911787
0.03476111435378588
0.0450676818410896
0.048382433773026284
0.04328209699422133
0.032061201422367125
0.019238237972204662
0.008886038368097897
0.0027531917029878557
0.006971247615444272
0.021718823203038983
0.04538828935650186
0.07301382079138662
0.09514296725795574
0.10265865527130123
0.09230152609764755
0.06871783725253632
0.041441979697225344
0.019238239840699833
0.005990623466023152
0.011100984813840356
0.03476112052848048
0.07301382763001944
0.11805042564829729
0.15461004878499093
0.16766889903542392
0.15151621815275776
0.11337320249507354
0.06871784343040152
0.03206120731045518
0.010033893768440555
0.014319617382039256
0.045067689340537787
0.09514297484735162
0.1546100467509666
0.20351895362305691
0.22182734578715144
0.20147239389864136
0.15151621605909765
0.09230153319506086
0.04328210426938477
0.013613992373968917
0.01529526689205
0.04838244158664315
0.1026586627231659
0.167668895812215
0.22182734451693217
0.24300780420556817
0.22182734451693223
0.167668895812215
0.10265866272316591
0.04838244158664315
0.01529526689205
0.013613992373968917
0.04328210426938477
0.09230153319506086
0.15151621605909768
0.20147239389864136
0.2218273457871515
0.20351895362305691
0.1546100467509666
0.09514297484735164
0.045067689340537787
0.014319617382039256
0.010033893768440555
0.03206120731045518
0.06871784343040153
0.11337320249507354
0.15151621815275776
0.16766889903542392
0.15461004878499093
0.11805042564829728
0.07301382763001944
0.03476112052848048
0.011100984813840356
0.005990623466023152
0.019238239840699833
0.041441979697225344
0.06871783725253632
0.09230152609764755
0.10265865527130126
0.09514296725795576
0.07301382079138662
0.04538828935650186
0.021718823203038983
0.006971247615444272
0.0027531917029878557
0.008886038368097897
0.01923823797220466
0.032061201422367125
0.04328209699422133
0.048382433773026284
0.0450676818410896
0.03476111435378588
0.02171882145291179
0.010445670771529796
0.0033699385381846803
0.0008487716468403462
0.0027531923094459795
0.005990624179238631
0.010033894087194541
0.013613992996240491
0.015295267662712154
0.014319618005163048
0.011100985154662605
0.006971248499686115
0.0033699392225825324
0.0010927584978299937