27.534754410827563
27.523018430834668
27.48784707354611
27.429349847380042
27.347708470216112
27.243175684532382
27.11607361715819
26.96679170182434
26.795784187354585
26.603567258623013
26.390715801235906
26.1578598442266
25.905680717835764
25.634906965653755
25.346310052008143
25.040699906480686
24.718920347839074
24.38184442948857
24.030369747811832
23.66541375351186
23.287909104346987
22.898799095499385
22.499033201309032
22.08956275929103
21.671336824300166
21.245298217474247
20.812379791238616
20.37350092825083
19.929564288750356
19.481452817433496
19.03002701770294
18.576122498026976
18.12054779219307
17.664082452494984
17.207475412371586
16.75144361273612
16.29667088420832
15.843807075693876
15.39346741824723
14.946232111901173
14.502646122142703
14.063219171948468
13.628425914751405
13.19870627337781
12.774465929853621
12.356076951011943
11.943878535022622
11.538177864290025
11.139251050605159
10.747344158983283
10.362674297237074
9.985430759025062
9.615776208850919
9.253847898260842
8.89975890327928
8.553599373926783
8.21543778746645
7.885322197818964
7.563281474362678
7.249326524087586
6.943451491795752
6.645634933730641
6.355840960671485
6.074020347142905
5.800111603963816
5.534042011891678
5.275728614608357
5.025079169742693
4.7819930570326985
4.546362143098627
4.318071602628183
4.097000696068491
3.8830235041782477
3.6760096200194305
3.475824799163273
3.282331569051988
3.095389798598242
2.9148572292204395
2.7405899686058968
2.5724429485678595
2.4102703484178774
2.253925985314373
2.1032636730730117
1.9581375509362233
1.8184023837997905
1.6839138353849334
1.554528715826477
1.4301052051222891
1.3105030538578843
1.1955837625833996
1.0852107411794374
0.9792494495040818
0.8775675205666386
0.7800348674249592
0.6865237749531741
0.5969089775757851
0.5110677240129033
0.42887983003019736
0.3502277201364134
0.2749964591211703
0.20307377427660403
0.13435006909843158
0.06871842921521068
0.006074621249392429
-0.05368291473009162
-0.11065307854594639
-0.16493212846411093
-0.21661370442020925
-0.2657888554192793
-0.3125460706423668
-0.35697131382703173
-0.39914806052063667
-0.4391573378352913
-0.47707776636178595
-0.5129856039266648
-0.5469547909017578
-0.5790569967993534
-0.6093616679083819
-0.6379360757478808
-0.6648453661336027
-0.6901526086718437
-0.7139188465116504
-0.7362031462024194
-0.7570626475187191
-0.7765526131278566
-0.794726477988512
-0.811635898380515
-0.8273308004768416
-0.8418594283789392
-0.8552683915458749
-0.867602711556349
-0.8789058681505456
-0.8892198445060697
-0.8985851717088226
-0.9070409723858511
-0.9146250034727339
-0.9213736980931496
-0.9273222065329604
-0.9325044362953244
-0.936953091227153
-0.940699709710765
-0.9437747019176154
-0.9462073861238948
-0.9480260240902169
-0.9492578555099528
-0.9499291315327602
-0.9500651473715886
-0.9496902740031464
-0.948827988973064
-0.9475009063183186
-0.9457308056204558
-0.9435386602041049
-0.9409446644960646
-0.9379682605607987
-0.9346281638288565
-0.9309423880350525
-0.9269282693836407
-0.9226024899579964
-0.9179811003924496
-0.9130795418240891
-0.9079126671423735
-0.9024947615544078
-0.896839562483712
-0.8909602788201638
-0.8848696095387398
-0.8785797617044571
-0.8721024678807464
-0.8654490029582739
-0.8586302004209708
-0.8516564680657612
-0.8445378031922219
-0.8372838072780845
-0.8299037001561976
-0.8224063337082378
-0.8148002050901365
-0.8070934695038834
-0.7992939525299546
-0.7914091620343793
-0.783446299664022
-0.7754122719433412
-0.7673137009856216
-0.7591569348311704
-0.7509480574248077
-0.7426928982445026
-0.7343970415927639
-0.7260658355620323
-0.7177044006849631
-0.7093176382802439
-0.7009102385042055
-0.6924866881181956
-0.6840512779814373
-0.6756081102786767
-0.6671611054917654
-0.6587140091239502
-0.6502703981853891
-0.6418336874481599
-0.6334071354787304
-0.6249938504556292
-0.6165967957797821
-0.6082187954847519
-0.5998625394538635
-0.5915305884509974
-0.583225378971543
-0.5749492279198637
-0.5667043371193697
-0.5584927976610925
-0.5503165940964132
-0.5421776084795504
-0.5340776242650087
-0.5260183300651702
-0.5180013232730034
-0.5100281135546222
-0.5021001262163565
-0.494218705450744
-0.4863851174658102
-0.4786005535017092
-0.47086613273880623
-0.4631829051009973
-0.45555185395805403
-0.44797389873055715
-0.4404498974009005
-0.4329806489337019
-0.42556689560887867
-0.4182093252704695
-0.410908573494237
-0.4036652256769276
-0.3964798190499764
-0.3893528446204018
-0.38228474904142395
-0.3752759364153711
-0.3683267700312405
-0.3614375740392787
-0.35460863506482737
-0.347840203763596
-0.3411324963204236
-0.33448569589359933
-0.3278999540066608
-0.32137539188950076
-0.3149121017706667
-0.3085101481225257
-0.30216956886104324
-0.29589037650168615
-0.2896725592731526
-0.2835160821903282
-0.2774208880879262
-0.2713868986162868
-0.265414015200596
-0.25950211996488537
-0.2536510766220264
-0.24786073133096034
-0.24213091352230912
-0.23646143669348868
-0.2308520991744398
-0.2253026848649887
-0.2198129639448344
-0.2143826935571886
-0.20901161846696822
-0.20369947169440908
-0.19844597512506248
-0.19325084009694105
-0.18811376796563295
-0.18303445064820123
-0.1780125711465829
-0.1730478040512592
-0.16813981602581057
-0.16328826627315843
-0.15849280698404908
-0.1537530837684192
-0.14906873607029353
-0.14443939756676996
-0.13986469655164588
-0.13534425630425523
-0.13087769544402136
-0.12646462827125277
-0.12210466509463096
-0.11779741254591287
-0.11354247388227454
-0.10933944927669925
-0.10518793609692895
-0.10108752917328356
-0.09703782105578963
-0.09303840226101899
-0.08908886150894992
-0.0851887859502428
-0.08133776138428586
-0.07753537246826248
-0.07378120291765818
-0.07007483569845357
-0.06641585321128542
-0.06280383746792381
-0.05923837026027256
-0.05571903332222874
-0.05224540848455139
-0.04881707782312642
-0.04543362380074401
-0.04209462940269302
-0.038799678266351535
-0.03554835480502263
-0.032340244326194284
-0.02917493314444359
-0.026052008689160085
-0.022971059607292912
-0.019931675861282874
-0.016933448822379037
-0.013975971359462724
-0.011058837923594685
-0.008181644628410846
-0.005343989326500986
-0.0025454716819682246
0.0002143067607647326
0.0029357425116723506
0.005619230073326011
0.008265161882417462
0.01087392825443067
0.013445917331450268
0.015981515032910596
0.018481105009181927
0.020945068597935993
0.02337378478314624
0.025767630156640176
0.028126978882111422
0.030452202661458885
0.032743670703460424
0.035001749694580656
0.03722680377189124
0.03941919449806274
0.041579280838230086
0.04370741913878527
0.04580396310795907
0.04786926379811786
0.04990366958974225
0.05190752617700227
0.053881176554862166
0.055824961007673056
0.05773921709917532
0.05962427966386997
0.061480480799692885
0.0633081498619443
0.0651076134584358
0.06687919544577103
0.06862321692676701
0.070339996248908
0.07202984900382794
0.0736930880277877
0.07533002340307592
0.0769409624602878
0.07852620978150139
0.08008606720425303
0.08162083382628338
0.08313080601108234
0.08461627739410067
0.08607753888968431
0.08751487869864784
0.08892858231648547
0.09031893254216938
0.09168620948752422
0.09303069058714417
0.09435265060881827
0.09565236166446595
0.09693009322153888
0.09818611211484111
0.0994206825588049
0.10063406616016274
0.10182652193097713
0.10299830630205549
0.10414967313669589
0.10528087374477522
0.10639215689709487
0.1074837688400596
0.10855595331062341
0.10960895155146444
0.11064300232640864
0.11165834193609747
0.11265520423384758
0.1136338206416999
0.11459442016666557
0.11553722941715167
0.11646247261951298
0.1173703716347646
0.11826114597544907
0.11913501282258818
0.11999218704278385
0.12083288120539082
0.12165730559979991
0.12246566825280096
0.12325817494601467
0.124035029233391
0.12479643245876293
0.12554258377346691
0.1262736801539607
0.1269899164195176
0.1276914852499219
0.12837857720320434
0.1290513807333645
0.12971008220810348
0.13035486592657802
0.13098591413713456
0.13160340705501888
0.13220752288008855
0.13279843781449296
0.13337632608033068
0.1339413599372723
0.1344937097001402
0.13503354375645432
0.13556102858395136
0.13607632876801087
0.13657960701906283
0.13707102418993808
0.13755073929313166
0.13801890951803564
0.13847569024809292
0.13892123507787152
0.13935569583006815
0.13977922257246275
0.14019196363476283
0.14059406562538349
0.1409856734481374
0.1413669303188636
0.14173797778191757
0.14209895572664083
0.14245000240368733
0.14279125444126783
0.14312284686132504
0.14344491309559224
0.1437575850015415
0.14406099287826535
0.14435526548223934
0.1446405300429813
0.1449169122786218
0.1451845364113638
0.14544352518282647
0.14569399986930098
0.1459360802969059
0.14616988485660162
0.14639553051912835
0.14661313284984254
0.1468228060234001
0.14702466283838167
0.1472188147317778
0.14740537179336502
0.14758444277998178
0.14775613512969119
0.14792055497583362
0.14807780716095142
0.14822799525062255
0.14837122154717727
0.14850758710329534
0.14863719173549736
0.148760134037519
0.1488765113935856
0.1489864199915583
0.14908995483597676
0.14918720976099215
0.1492782774431897
0.14936324941427964
0.14944221607370842
0.1495152667011308
0.1495824894688046
0.1496439714538268
0.14969979865030264
0.1497500559813917
0.14979482731122823
0.14983419545674811
0.14986824219941952
0.14989704829683495
0.1499206934942125
0.14993925653578255
0.14995281517609185
0.14996144619116886
0.1499652253895837
0.1499642276234376
0.1499585267992103
0.1499481958885188
0.14993330693877327
0.14991393108371953
0.14989013855390643
0.14986199868699826
0.14982957993803547
0.1497929498895935
0.14975217526177917
0.14970732192222191
0.14965845489588292
0.1496056383748065
0.14954893572777503
0.14948840950983744
0.14942412147179746
0.14935613256952165
0.1492845029732343
0.14920929207667927
0.14913055850616994
0.1490483601296045
0.14896275406530532
0.14887379669086964
0.14878154365180402
0.14868604987020018
0.1485873695532224
0.14848555620154402
0.14838066261770122
0.14827274091434078
0.14816184252238912
0.14804801819914168
0.14793131803625936
0.1478117914676839
0.14768948727743983
0.14756445360741938
0.14743673796501264
0.14730638723070674
0.14717344766556206
0.14703796491863314
0.14689998403434198
0.14675954945966974
0.1466167050513966
0.14647149408315266
0.14632395925247874
0.1461741426877473
0.14602208595503355
0.1458678300649446
0.14571141547926858
0.14555288211769188
0.14539226936433952
0.1452296160742615
0.1450649605798864
0.14489834069736912
0.14472979373286524
0.14455935648875867
0.14438706526980913
0.14421295588921584
0.14403706367463753
0.14385942347413344
0.14368006966204333
0.14349903614477402
0.1433163563665818
0.14313206331520842
0.1429461895275269
0.1427587670950781
0.14256982766956078
0.14237940246825945
0.1421875222794011
0.14199421746748617
0.14179951797848148
0.14160345334502958
0.141406052691595
0.14120734473948118
0.1410073578118756
0.1408061198387786
0.14060365836189706
0.1404000005394805
0.14019517315110433
0.13998920260239686
0.1397821149296991
0.13957393580467584
0.1393646905389119
0.13915440408836768
0.13894310105787933
0.13873080570554427
0.1385175419470762
0.1383033333601103
0.1380882031884593
0.137872174346303
0.1376552694223514
0.13743751068395732
0.13721892008113715
0.13699951925063672
0.13677932951983812
0.13655837191070797
0.13633666714364429
0.13611423564132152
0.135891097532448
0.13566727265552145
0.1354427805624847
0.13521764052240895
0.13499187152505898
0.13476549228448767
0.1345385212425178
0.134310976572251
0.1340828761814756
0.13385423771606175
0.1336250785633353
0.1333954158553532
0.1331652664722099
0.13293464704525113
0.13270357396028168
0.1324720633607072
0.13224013115065
0.13200779299804805
0.13177506433769318
0.13154196037421645
0.1313084960850865
0.13107468622354207
0.13084054532145897
0.13060608769225757
0.13037132743369784
0.13013627843069706
0.12990095435809315
0.12966536868333658
0.1294295346692425
0.12919346537660056
0.12895717366682852
0.12872067220458297
0.12848397346028767
0.12824708971271176
0.12801003305143527
0.12777281537934584
0.1275354484150867
0.1272979436954394
0.12706031257773454
0.12682256624221772
0.12658471569432367
0.12634677176702816
0.12610874512308548
0.12587064625728273
0.12563248549864467
0.12539427301262743
0.12515601880328084
0.12491773271535685
0.12467942443646163
0.12444110349906971
0.12420277928265575
0.12396446101565994
0.12372615777753498
0.12348787850069526
0.12324963197248996
0.12301142683712579
0.12277327159757534
0.12253517461745898
0.12229714412291944
0.12205918820442925
0.12182131481862528
0.12158353179009787
0.12134584681315255
0.12110826745355663
0.12087080115028215
0.12063345521718143
0.12039623684467639
0.12015915310145808
0.11992221093605984
0.11968541717852729
0.11944877854200354
0.11921230162430037
0.11897599290947616
0.11873985876935371
0.11850390546505582
0.11826813914850352
0.11803256586389839
0.11779719154918532
0.11756202203750554
0.11732706305860834
0.11709232024026991
0.11685779910969059
0.11662350509486605
0.11638944352593295
0.11615561963650972
0.11592203856504502
0.11568870535608922
0.11545562496160659
0.11522280224223504
0.11499024196855658
0.11475794882231373
0.11452592739767202
0.11429418220238942
0.11406271765903739
0.11383153810618056
0.11360064779951136
0.113370050913038
0.11313975154019143
0.1129097536949537
0.11268006131297408
0.11245067825264503
0.11222160829617364
0.1119928551506858
0.11176442244921932
0.11153631375180924
0.11130853254647957
0.11108108225027498
0.11085396621023987
0.11062718770442702
0.11040074994283532
0.11017465606842108
0.10994890915796474
0.10972351222309716
0.10949846821115802
0.10927378000614167
0.10904945042956687
0.10882548224139495
0.10860187814089033
0.10837864076746986
0.10815577270160776
0.10793327646560431
0.10771115452449814
0.10748940928681006
0.1072680431054273
0.1070470582783327
0.10682645704944405
0.1066062416093848
0.10638641409623072
0.10616697659629014
0.10594793114485768
0.10572927972692762
0.10551102427795739
0.10529316668455246
0.10507570878520557
0.1048586523709916
0.10464199918624345
0.10442575092927038
0.10420990925299409
0.1039944757656434
0.10377945203138497
0.10356483957100286
0.10335063986252326
0.10313685434183151
0.10292348440331515
0.10271053140048216
0.10249799664654664
0.1022858814150525
0.10207418694044036
0.10186291441865791
0.10165206500770896
0.10144163982823541
0.10123163996408663
0.10102206646285566
0.10081292033642189
0.10060420256152129
0.1003959140802464
0.10018805580057502
0.09998062859690843
0.09977363331055406
0.09956707075025002
0.09936094169266818
0.09915524688286283
0.09894998703482427
0.09874516283188381
0.09854077492723567
0.09833682394438568
0.09813331047759327
0.09793023509237243
0.09772759832587903
0.09752540068739769
0.09732364265874363
0.09712232469471037
0.096921447223518
0.09672101064715243
0.09652101534187785
0.09632146165856066
0.09612234992311637
0.09592368043688927
0.09572545347705817
0.09552766929699087
0.09533032812666331
0.09513343017299523
0.09493697562026114
0.09474096463041093
0.09454539734346094
0.09435027387785842
0.09415559433078759
0.09396135877855934
0.09376756727692272
0.09357421986141981
0.09338131654771187
0.09318885733191057
0.09299684219087984
0.09280527108258467
0.0926141439463872
0.09242346070335401
0.09223322125658004
0.0920434254914726
0.0918540732760513
0.09166516446124674
0.09147669888117933
0.09128867635346714
0.09110109667947525
0.09091395964463424
0.09072726501866807
0.09054101255589975
0.09035520199548712
0.09016983306172904
0.08998490546427501
0.0898004188984252
0.08961637304532943
0.08943276757230637
0.08924960213301518
0.0890668763677358
0.08888458990363275
0.08870274235492308
0.08852133332316806
0.08834036239746737
0.08815982915470698
0.08797973315974844
0.0878000739656891
0.08762085111406977
0.08744206413503954
0.08726371254763106
0.08708579585993796
0.08690831356930764
0.08673126516257788
0.08655465011622411
0.0863784678966135
0.08620271796014814
0.08602739975348628
0.08585251271371791
0.08567805626856549
0.08550402983652619
0.08533043282709217
0.08515726464092375
0.08498452466999704
0.08481221229780156
0.08464032689950612
0.08446886784211924
0.08429783448467099
0.08412722617833066
0.083957042266615
0.08378728208554632
0.08361794496377069
0.08344903022273814
0.08328053717686561
0.0831124651336462
0.08294481339382617
0.08277758125155313
0.08261076799450498
0.08244437290402712
0.08227839525530073
0.08211283431741863
0.08194768935361303
0.08178295962129117
0.08161864437223823
0.08145474285269426
0.0812912543035292
0.08112817796033761
0.0809655130535715
0.08080325880863377
0.08064141444607212
0.08047997918160879
0.08031895222632006
0.0801583327867248
0.0799981200648938
0.07983831325857856
0.07967891156130961
0.07951991416250469
0.07936132024757038
0.07920312899802145
0.07904533959159452
0.07888795120230192
0.07873096300056656
0.0785743741533472
0.07841818382415339
0.0782623911732575
0.07810699535766193
0.0779519955312993
0.07779739084506655
0.07764318044692
0.07748936348198932
0.07733593909264097
0.07718290641855931
0.07703026459688975
0.07687801276221086
0.07672615004673125
0.07657467558031934
0.07642358849057575
0.07627288790291982
0.07612257294067974
0.0759726427251617
0.07582309637571731
0.07567393300981401
0.0755251517431411
0.07537675168963749
0.07522873196158564
0.07508109166968617
0.07493382992311384
0.0747869458295864
0.07464043849542495
0.07449430702565062
0.07434855052401483
0.07420316809306123
0.07405815883421452
0.07391352184782839
0.07376925623323037
0.07362536108881311
0.0734818355120618
0.0733386785996463
0.07319588944742562
0.0730534671505546
0.07291141080350927
0.07276971950015966
0.07262839233380847
0.07248742839724846
0.07234682678280654
0.07220658658240928
0.07206670688761388
0.07192718678968128
0.0717880253795949
0.0716492217481295
0.07151077498589621
0.07137268418337776
0.07123494843097324
0.07109756681905459
0.07096053843800194
0.07082386237824198
0.07068753773030285
0.07055156358484788
0.07041593903270484
0.0702806631649314
0.0701457350728239
0.07001115384799399
0.06987691858236345
0.0697430283682293
0.06960948229829826
0.06947627946571612
0.06934341896410136
0.06921089988758276
0.0690787213308442
0.06894688238912558
0.06881538215831133
0.06868421973489762
0.06855339421608167
0.06842290469974345
0.06829275028452111
0.06816293006980849
0.06803344315580084
0.06790428864351564
0.06777546563482764
0.06764697323249344
0.06751881054018154
0.06739097666249683
0.06726347070499727
0.06713629177424343
0.06700943897780783
0.06688291142428682
0.06675670822337636
0.06663082848582388
0.06650527132352516
0.06638003584944013
0.06625512117777334
0.06613052642386684
0.06600625070425958
0.06588229313672887
0.0657586528402821
0.0656353289352139
0.06551232054307288
0.06538962678673148
0.06526724679038291
0.06514517967956442
0.06502342458117699
0.06490198062348992
0.0647808469361753
0.06466002265033381
0.06453950689846776
0.06441929881457181
0.06429939753405378
0.06417980219385375
0.06406051193236814
0.06394152588953289
0.06382284320679156
0.06370446302714622
0.06358638449514468
0.06346860675690284
0.06335112896012987
0.0632339502541263
0.06311706978981306
0.06300048671971954
0.06288420019801898
0.06276820938053132
0.06265251342474036
0.06253711148979998
0.06242200273654083
0.062307186327495975
0.06219266142690885
0.062078427200714915
0.06196448281660454
0.06185082744397978
0.061737460254005484
0.061624380419593526
0.06151158711543748
0.0613990795179644
0.06128685680542657
0.06117491815784456
0.06106326275705437
0.060951889786663056
0.0608407984321465
0.06072998788076614
0.06061945732162188
0.06050920594565416
0.06039923294564031
0.06028953751623253
0.06018011885390714
0.060070976157037395
0.05996210862584284
0.059853515462436176
0.05974519587079199
0.059637149056803763
0.059529374228225906
0.0594218705947349
0.05931463736789825
0.05920767376119857
0.05910097899002611
0.05899455227170261
0.058888392825447215
0.05878249987242728
0.05867687263573607
0.058571510340383624
0.058466412213344386
0.05836157748352374
0.05825700538176057
0.05815269514084845
0.058048645995545274
0.057944857182543136
0.05784132794050003
0.05773805751003977
0.0576350451337345
0.05753229005612807
0.05742979152372107
0.05732754878500602
0.057225561090414725
0.057123827692376394
0.0570223478452764
0.056921120805491096
0.056820145831365965
0.05671942218321258
0.05661894912334528
0.05651872591604251
0.05641875182756398
0.056319026126155684
0.05621954808205762
0.0561203169674714
0.056021332056593806
0.05592259262560621
0.05582409795267912
0.05572584731794423
0.05562784000355487
0.0555300752936274
0.05543255247425689
0.055335270833534456
0.055238229661533696
0.055141428250304346
0.05504486589389173
0.05494854188831698
0.05485245553159323
0.054756606123688
0.054660992966579086
0.054565615364200105
0.05447047262248498
0.05437556404932453
0.0542808889546001
0.054186446650166496
0.05409223644984521
0.05399825766942693
0.05390450962669084
0.053810991641367344
0.05371770303515349
0.05362464313173397
0.05353181125673567
0.05343920673774737
0.05334682890433359
0.0532546770880023
0.053162750622230165
0.05307104884244277
0.05297957108600821
0.05288831669226399
0.05279728500247678
0.05270647535986334
0.05261588710958394
0.05252551959874701
0.05243537217639332
0.05234544419349473
0.05225573500295338
0.05216624395960691
0.052076970420231294
0.05198791374350432
0.051899073290038095
0.05181044842236426
0.05172203850493078
0.05163384290408781
0.05154586098811168
0.05145809212716419
0.051370535693341254
0.05128319106060708
0.05119605760485318
0.05110913470383579
0.05102242173721925
0.050935918086549355
0.05084962313527431
0.05076353626869235
0.0506776568740067
0.05059198434027495
0.050506518058442855
0.05042125742130114
0.05033620182353532
0.05025135066165295
0.05016670333405112
0.050082259240967555
0.04999801778447887
0.0499139783685203
0.04983014039886697
0.049746503283121225
0.04966306643073746
0.04957982925298338
0.049496791162959394
0.049413951575600204
0.04933130990763258
0.04924886557762885
0.049166618005938405
0.04908456661476205
0.04900271082804959
0.048921050071597826
0.04883958377296712
0.04875831136152418
0.04867723226841739
0.04859634592656834
0.04851565177070842
0.04843514923730424
0.04835483776461034
0.04827471679266264
0.048194785763227804
0.048115044119852866
0.04803549130782173
0.047956126774198714
0.04787694996774697
0.04779796033900832
0.04771915734025301
0.04764054042546448
0.04756210905037282
0.04748386267242759
0.047405800750798074
0.04732792274636134
0.04725022812171774
0.04717271634116265
0.047095386870694804
0.04701823917801734
0.04694127273250937
0.04686448700527095
0.04678788146905618
0.0467114555983052
0.04663520886914489
0.046559140759359484
0.046483250748407944
0.04640753831741023
0.04633200294913673
0.04625664412802003
0.04618146134014556
0.046106454073229705
0.04603162181663997
0.04595696406135431
0.045882480300018465
0.04580817002687828
0.04573403273782394
0.04566006793032833
0.04558627510349999
0.04551265375807093
0.04543920339633744
0.045365923522227534
0.04529281364124035
0.04521987326049576
0.045147101888659294
0.04507449903601305
0.04500206421439899
0.04492979693722562
0.04485769671948202
0.04478576307771532
0.04471399553003067
0.04464239359608011
0.04457095679707471
0.044499684655775244
0.044428576696464515
0.04435763244497775
0.04428685142867099
0.0442162331764346
0.04414577721866718
0.0440754830873114
0.04400535031579068
0.04393537843906457
0.043865566993577076
0.04379591551728086
0.04372642354963343
0.04365709063154328
0.04358791630547359
0.04351890011529638
0.04345004160641293
0.043381340325661204
0.04331279582138499
0.043244407643348776
0.043176175342805434
0.043108098472452
0.04304017658644629
0.042972409240371406
0.04290479599127572
0.04283733639760826
0.04277003001930524
0.042702876417683375
0.04263587515549422
0.042569025796917535
0.04250232790754667
0.042435781054379486
0.04236938480581478
0.04230313873166651
0.04223704240313845
0.042171095392807986
0.04210529727467827
0.0420396476241077
0.041974146017841635
0.04190879203400826
0.04184358525208191
0.041778525252935586
0.041713611618787026
0.041648843933200425
0.041584221781116155
0.04151974474880568
0.041455412423892814
0.041391224395340924
0.0413271802534482
0.041263279589833196
0.041199521997469644
0.04113590707062424
0.0410724344048953
0.04100910359719715
0.040945914245746014
0.04088286595007806
0.04081995831101386
0.04075719093068312
0.040694563412508516
0.04063207536118601
0.040569726382715554
0.04050751608437552
0.04044544407470069
0.04038350996352108
0.040321713361913356
0.04026005388224402
0.04019853113811278
0.04013714474439872
0.04007589431719495
0.04001477947389265
0.03995379983308717
0.03989295501462843
0.03983224463958118
0.039771668330274346
0.039711225710247995
0.03965091640424784
0.0395907400382597
0.03953069623946687
0.039470784636289814
0.039411004858315016
0.0393513565363754
0.03929183930245271
0.039232452789782504
0.039173196632739195
0.03911407046689973
0.039055073929027226
0.03899620665706202
0.038937468290117766
0.03887885846847715
0.03882037683359394
0.038762023028072475
0.038703796695691774
0.03864569748137498
0.038587725031185474
0.03852987899236616
0.038472159013267414
0.03841456474340112
0.038357095833400676
0.03829975193503986
0.03824253270121522
0.03818543778594016
0.03812846684437567
0.038071619532765055
0.03801489550847606
0.0379582944299948
0.03790181595690278
0.03784545974987428
0.037789225470695256
0.03773311278223774
0.037677121348472266
0.037621250834437465
0.03756550090627752
0.03750987123118748
0.03745436147746599
0.03739897131444422
0.03734370041257343
0.03728854844332908
0.03723351507925915
0.037178599993971655
0.03712380286210103
0.03706912335938672
0.03701456116255337
0.03696011594941231
0.036905787398784244
0.03685157519053459
0.03679747900557407
0.03674349852581236
0.03668963343421187
0.03663588341473076
0.03658224815236923
0.03652872733312076
0.0364753206440041
0.03642202777303792
0.036368848409228355
0.036315782242613316
0.036262828964208856
0.03620998826602498
0.036157259841052836
0.03610464338328294
0.0360521385877004
0.035999745150213175
0.03594746276777601
0.03589529113829022
0.03584322996060278
0.035791278934545714
0.03573943776092096
0.03568770614147022
0.035636083778905765
0.0355845703769031
0.03553316564003981
0.0354818692738855
0.035430680984954895
0.03537960048065372
0.03532862746937541
0.03527776166041128
0.03522700276400142
0.03517635049130604
0.035125804554414206
0.035075364666321864
0.03502503054094142
0.034974801893124394
0.03492467843861136
0.03487465989403461
0.034824745976960905
0.034774936405844795
0.03472523090004118
0.03467562917978117
0.03462613096622402
0.03457673598138476
0.034527443948178055
0.034478254590386066
0.03442916763269436
0.03438018280065178
0.03433129982066851
0.03428251842004272
0.034233838326933656
0.03418525927036043
0.034136780980200274
0.03408840318719202
0.03404012562294024
0.03399194801988809
0.033943870111317095
0.03389589163137837
0.03384801231506841
0.03380023189818232
0.03375255011740115
0.03370496671021111
0.03365748141493717
0.03361009397073275
0.03356280411758533
0.03351561159628422
0.03346851614845062
0.033421517516533106
0.0333746154437718
0.033327809674234606
0.03328109995278916
0.0332344860251099
0.033187967637675606
0.03314154453776855
0.03309521647346335
0.03304898319362197
0.03300284444790362
0.03295679998677691
0.03291084956144868
0.032864992923957906
0.03281922982708445
0.032773560024417905
0.032727983270305516
0.032682499319864666
0.032637107928988295
0.03259180885434048
0.032546601853348435
0.03250148668417743
0.032456463105787474
0.03241153087787399
0.032366689760888495
0.032321939516021865
0.032277279905253704
0.03223271069125656
0.03218823163748565
0.032143842508104654
0.03209954306805453
0.03205533308297838
0.032011212319248215
0.031967180544000696
0.03192323752506618
0.03187938303103174
0.031835616831159264
0.03179193869548736
0.03174834839472779
0.031704845700331705
0.031661430384453106
0.03161810221996067
0.031574860980426556
0.03153170644012203
0.03148863837403388
0.0314456565578454
0.03140276076792692
0.031359950781360904
0.03131722637591664
0.03127458733002592
0.031232033422862078
0.031189564434253563
0.031147180144676427
0.03110488033538151
0.031062664788200772
0.031020533285691758
0.030978485611066423
0.030936521548253274
0.03089464088177911
0.030852843396873265
0.030811128879462215
0.030769497116069803
0.03072794789391954
0.03068648100087678
0.030645096225485287
0.030603793356913416
0.030562572184992212
0.030521432500196267
0.03048037409365796
0.03043939675715567
0.03039850028307732
0.030357684464488156
0.030316949095064306
0.03027629396913408
0.030235718881650598
0.030195223628196252
0.0301548080049785
0.030114471808848693
0.030074214837263795
0.030034036888296776
0.029993937760656363
0.029953917253673242
0.029913975167285688
0.029874111302027877
0.0298343254590718
0.029794617440180186
0.029754987047736242
0.02971543408470498
0.029675958354693634
0.02963655966186599
0.029597237811016495
0.029557992607508733
0.029518823857331646
0.029479731367040976
0.02944071494379674
0.029401774395336658
0.02936290952998935
0.029324120156667584
0.029285406084872984
0.029246767124673806
0.02920820308672252
0.02916971378225575
0.02913129902306808
0.029092958621535187
0.029054692390609684
0.02901650014378979
0.028978381695163574
0.028940336859375946
0.02890236545163044
0.02886446728768877
0.028826642183870314
0.02878888995707405
0.028751210424711255
0.028713603404787572
0.028676068715822498
0.028638606176919806
0.02860121560769451
0.028563896828341623
0.028526649659563502
0.028489473922635056
0.02845236943936824
0.028415336032081233
0.028378373523662473
0.028341481737500326
0.02830466049756356
0.028267909628298914
0.02823122895471558
0.028194618302337507
0.028158077497219308
0.02812160636592556
0.028085204735546924
0.028048872433710282
0.028012609288532782
0.027976415128659456
0.02794028978326193
0.027904233082004674
0.027868244855071375
0.027832324933146434
0.027796473147439982
0.02776068932964954
0.027724973311975265
0.02768932492713408
0.027653744008334816
0.02761823038928192
0.027582783904166172
0.027547404387714
0.027512091675090326
0.027476845601984632
0.027441666004571735
0.027406552719513016
0.027371505583959548
0.02733652443553681
0.027301609112352642
0.02726675945301916
0.027231975296600146
0.02719725648265848
0.027162602851225064
0.027128014242793166
0.027093490498362183
0.027059031459361543
0.027024636967738543
0.02699030686586774
0.026956040996594894
0.026921839203264797
0.026887701329639215
0.02685362721998545
0.02681961671900619
0.026785669671872493
0.026751785924195498
0.026717965322067563
0.0266842077120341
0.026650512941054857
0.026616880856594676
0.026583311306537107
0.026549804139211323
0.026516359203404512
0.026482976348347148
0.026449655423718754
0.026416396279613785
0.02638319876661712
0.026350062735700366
0.02631698803829878
0.026283974526294846
0.02625102205198623
0.026218130468096568
0.02618529962781728
0.026152529384729187
0.02611981959286546
0.02608717010668672
0.026054580781074223
0.026022051471319453
0.025989582033167702
0.02595717232275185
0.02592482219666481
0.02589253151188746
0.02586030012581864
0.025828127896294847
0.025796014681540483
0.025763960340218165
0.025731964731380834
0.025700027714506853
0.025668149149486126
0.025636328896594316
0.025604566816531907
0.025572862770416597
0.02554121661973282
0.025509628226403788
0.025478097452722497
0.025446624161408086
0.02541520821555317
0.025383849478675908
0.02535254781467111
0.02532130308782476
0.02529011516283204
0.025258983904756838
0.025227909179084393
0.025196890851656658
0.02516592878871853
0.02513502285691085
0.025104172923238337
0.02507337885510283
0.02504264052028581
0.025011957786960394
0.02498133052365462
0.024950758599301428
0.02492024188319341
0.02488978024500268
0.024859373554783303
0.02482902168297206
0.024798724500349593
0.024768481878081915
0.02473829368771361
0.02470815980114332
0.024678080090655318
0.024648054428888316
0.024618082688839686
0.024588164743886354
0.024558300467742798
0.0245284897345238
0.024498732418674105
0.024469028394993902
0.024439377538671283
0.02440977972521252
0.024380234830524723
0.024350742730820118
0.024321303302698917
0.024291916423106068
0.024262581969337425
0.02423329981901157
0.024204069850142163
0.024174891941063835
0.024145765970444863
0.024116691817318004
0.024087669361077764
0.02405869848141121
0.024029779058384743
0.024000910972405625
0.023972094104199
0.023943328334843413
0.02391461354575049
0.023885949618674327
0.02385733643567607
0.023828773879200595
0.023800261831973243
0.02377180017709693
0.023743388797975006
0.023715027578340712
0.023686716402270373
0.023658455154168125
0.023630243718735146
0.023602081981038643
0.023573969826447192
0.023545907140641063
0.02351789380965635
0.023489929719824294
0.023462014757800173
0.023434148810551832
0.023406331765397137
0.023378563509927612
0.023350843932071888
0.023323172920087516
0.023295550362508397
0.023267976148210946
0.02324045016636607
0.023212972306481998
0.023185542458346895
0.023158160512061113
0.023130826358045316
0.023103539887032214
0.023076300990027512
0.02304910955837588
0.023021965483711087
0.02299486865796784
0.022967818973395265
0.022940816322519493
0.022913860598184486
0.02288695169353094
0.02286008950199889
0.02283327391731509
0.022806504833492166
0.02277978214488209
0.022753105746089835
0.02272647553202061
0.022699891397868273
0.022673353239138175
0.02264686095161707
0.022620414431364193
0.022594013574734333
0.02256765827840447
0.022541348439274012
0.022515083954580718
0.022488864721813474
0.022462690638766634
0.022436561603508834
0.022410477514387208
0.022384438270050256
0.022358443769381408
0.022332493911597535
0.022306588596139376
0.02228072772276915
0.022254911191518515
0.02222913890266313
0.02220341075679468
0.022177726654749045
0.022152086497634442
0.022126490186862417
0.02210093762407643
0.022075428711209998
0.022049963350462706
0.022024541444319173
0.021999162895494185
0.021973827607021348
0.021948535482125622
0.02192328642437209
0.021898080337556896
0.021872917125727278
0.02184779669321637
0.021822718944610204
0.02179768378474865
0.021772691118741916
0.021747740851959622
0.02172283289000943
0.02169796713879602
0.021673143504441997
0.021648361893329783
0.021623622212129594
0.021598924367735143
0.021574268267296928
0.021549653818224115
0.021525080928188216
0.02150054950509362
0.02147605945708503
0.021451610692601902
0.021427203120282626
0.02140283664903975
0.02137851118804141
0.021354226646657773
0.02132998293457365
0.021305779961628173
0.021281617638005297
0.021257495874049202
0.021233414580399516
0.021209373667910418
0.021185373047678816
0.02116141263105714
0.02113749232961347
0.02111361205516977
0.021089771719794707
0.021065971235774646
0.021042210515635557
0.02101848947217123
0.020994808018350613
0.020971166067416145
0.020947563532834616
0.02092400032832554
0.020900476367805676
0.020876991565440647
0.02085354583563117
0.020830139093000532
0.020806771252388747
0.020783442228892977
0.020760151937810715
0.020736900294693404
0.020713687215274723
0.020690512615572823
0.02066737641179088
0.020644278520339704
0.020621218857910597
0.020598197341376377
0.020575213887827303
0.020552268414600228
0.020529360839233252
0.020506491079498153
0.020483659053375024
0.020460864679061316
0.02043810787497627
0.020415388559769036
0.020392706652286333
0.02037006207160516
0.020347454736987465
0.020324884567951264
0.020302351484200985
0.020279855405671114
0.020257396252480877
0.020234973944993715
0.020212588403768345
0.020190239549574638
0.02016792730338497
0.02014565158640568
0.02012341232001624
0.020101209425825942
0.020079042825664972
0.020056912441528164
0.02003481819566361
0.020012760010475913
0.019990737808624728
0.01996875151293579
0.019946801046456113
0.019924886332425597
0.0199030072942938
0.0198811638557033
0.019859355940506456
0.019837583472764465
0.019815846376711993
0.019794144576802394
0.019772477997684813
0.019750846564193434
0.01972925020137843
0.019707688834465106
0.01968616238890388
0.019664670790319062
0.019643213964530063
0.019621791837549047
0.019600404335595647
0.01957905138506652
0.01955773291256486
0.01953644884487446
0.019515199108979742
0.01949398363203879
0.019472802341428213
0.019451655164691932
0.019430542029562976
0.019409462863965037
0.019388417596018274
0.019367406154023586
0.019346428466455717
0.01932548446199768
0.019304574069514524
0.019283697218047985
0.019262853836810947
0.01924204385523289
0.019221267202902924
0.019200523809591242
0.0191798136052528
0.019159136520043685
0.01913849248428771
0.01911788142846345
0.01909730328326888
0.019076757979567455
0.019056245448397482
0.019035765620967312
0.0190153184286782
0.01899490380309078
0.018974521675975683
0.018954171979239074
0.01893385464499597
0.018913569605512576
0.01889331679324549
0.018873096140807386
0.018852907580995112
0.018832751046784304
0.018812626471329082
0.018792533787928535
0.01877247293006036
0.018752443831387834
0.018732446425755347
0.018712480647131206
0.018692546429691915
0.01867264370777412
0.018652772415868817
0.018632932488667115
0.01861312386097449
0.018593346467812622
0.018573600244354553
0.018553885125926803
0.01853420104804204
0.01851454794635251
0.01849492575667735
0.018475334415034336
0.018455773857568202
0.01843624402059342
0.018416744840599963
0.018397276254220454
0.018377838198259566
0.018358430609692635
0.018339053425640548
0.018319706583376706
0.018300390020352875
0.018281103674186415
0.01826184748260772
0.018242621383557655
0.018223425315103084
0.01820425921547679
0.01818512302310059
0.018166016676462914
0.018146940114313805
0.018127893275498724
0.018108876098993254
0.018089888524014518
0.018070930489842468
0.018052001935976916
0.018033102802022895
0.018014233027784342
0.01799539255315678
0.017976581318244537
0.017957799263250803
0.017939046328589937
0.01792032245478297
0.017901627582514856
0.01788296165260933
0.01786432460603995
0.017845716383951292
0.0178271369276195
0.01780858617843922
0.017790064078018208
0.017771570568043706
0.017753105590413272
0.01773466908710453
0.017716261000274423
0.01769788127224266
0.017679529845432772
0.01766120666243658
0.01764291166597857
0.01762464479895823
0.017606406004369045
0.017588195225360717
0.017570012405262465
0.017551857487495364
0.017533730415650695
0.017515631133459893
0.017497559584774166
0.01747951571360642
0.017461499464090473
0.01744351078051446
0.017425549607297443
0.017407615888994712
0.01738970957030726
0.01737183059608016
0.017353978911268195
0.017336154460977426
0.017318357190471513
0.01730058704510823
0.017282843970412853
0.017265127912026675
0.01724743881575223
0.017229776627493455
0.017212141293299864
0.017194532759376723
0.017176950972011
0.017159395877683004
0.01714186742295874
0.017124365554566253
0.017106890219341676
0.017089441364265403
0.017072018936457992
0.01705462288313636
0.01703725315167442
0.01701990968959473
0.01700259244449238
0.016985301364150978
0.01696803639642746
0.016950797489371873
0.016933584591087094
0.016916397649857272
0.01689923661407763
0.016882101432261636
0.016864992053073884
0.016847908425258146
0.016830850497740937
0.01681381821954358
0.01679681153979644
0.01677983040779443
0.016762874772913227
0.016745944584690888
0.016729039792763595
0.016712160346901258
0.016695306196982954
0.016678477293044093
0.016661673585199963
0.016644895023705943
0.016628141558947315
0.01661141314139633
0.016594709721717095
0.016578031250600728
0.016561377678932947
0.016544748957694193
0.016528145037965267
0.016511565870967315
0.01649501140802161
0.01647848160059887
0.016461976400258833
0.01644549575868906
0.016429039627702844
0.016412607959213076
0.016396200705252387
0.016379817817975754
0.016363459249653652
0.016347124952685192
0.01633081487954135
0.016314528982872306
0.016298267215363024
0.016282029529891943
0.01626581587940389
0.016249626216952844
0.016233460495758332
0.01621731866907655
0.016201200690346862
0.016185106513064672
0.01616903609089182
0.016152989377551608
0.016136966326897942
0.016120966892889912
0.016104991029626058
0.016089038691301155
0.016073109832168742
0.01605720440668014
0.016041322369327263
0.01602546367473765
0.016009628277652878
0.01599381613290248
0.0159780271954555
0.015962261420339362
0.01594651876275091
0.01593079917795282
0.015915102621314358
0.015899429048341455
0.015883778414603852
0.015868150675810117
0.015852545787771916
0.01583696370638709
0.015821404387676218
0.015805867787749964
0.015790353862836694
0.01577486256927666
0.01575939386347828
0.01574394770200338
0.015728524041468087
0.015713122838623476
0.01569774405031091
0.015682387633482238
0.015667053545184894
0.01565174174258047
