   9.9999999999999994E-012  0.96402758007581690     
   1.0000000010000001E-002  0.96310700407494432     
   2.0000000010000001E-002  0.96031608427365478     
   3.0000000010000000E-002  0.95566712836352286     
   4.0000000010000002E-002  0.94918026043429060     
   5.0000000010000004E-002  0.94088283690238383     
   6.0000000010000006E-002  0.93080870609139843     
   7.0000000010000007E-002  0.91899736937477805     
   8.0000000010000002E-002  0.90549310475118294     
   9.0000000009999997E-002  0.89034410739188763     
  0.10000000000999999       0.87360169050630088     
  0.11000000000999999       0.85531957638977407     
  0.12000000000999998       0.83555329407094525     
  0.13000000000999998       0.81435968825453198     
  0.14000000000999999       0.79179653519394821     
  0.15000000001000000       0.76792225498376543     
  0.16000000001000000       0.74279570630461578     
  0.17000000001000001       0.71647604837764123     
  0.18000000001000002       0.68902265519274808     
  0.19000000001000003       0.66049506839524419     
  0.20000000001000004       0.63095297707676412     
  0.21000000001000005       0.60045621476724620     
  0.22000000001000006       0.56906476592922672     
  0.23000000001000007       0.53683877607402264     
  0.24000000001000008       0.50383856118358572     
  0.25000000001000006       0.47012461341323381     
  0.26000000001000007       0.43575760108084272     
  0.27000000001000007       0.40079836174565836     
  0.28000000001000008       0.36530788777971324     
  0.29000000001000009       0.32934730427262521     
  0.30000000001000010       0.29297783942033906     
  0.31000000001000011       0.25626078775767014     
  0.32000000001000012       0.21925746672986313     
  0.33000000001000013       0.18202916717716700     
  0.34000000001000014       0.14463709834562988     
  0.35000000001000015       0.10714232804821752     
  0.36000000001000015        6.9605718592128080E-002
  0.37000000001000016        3.2087859067477208E-002
  0.38000000001000017       -5.3510054357766706E-003
  0.39000000001000018       -4.2651047148242797E-002
  0.40000000001000019       -7.9752930978595843E-002
  0.41000000001000020      -0.11659789144218821     
  0.42000000001000021      -0.15312781072812293     
  0.43000000001000022      -0.18928529750384845     
  0.44000000001000023      -0.22501376608609347     
  0.45000000001000023      -0.26025751563460242     
  0.46000000001000024      -0.29496180905064384     
  0.47000000001000025      -0.32907295128570935     
  0.48000000001000026      -0.36253836678732504     
  0.49000000001000027      -0.39530667582860962     
  0.50000000001000022      -0.42732776948629986     
  0.51000000001000023      -0.45855288304859027     
  0.52000000001000024      -0.48893466764946258     
  0.53000000001000025      -0.51842725994036432     
  0.54000000001000026      -0.54698634962327286     
  0.55000000001000027      -0.57456924468148518     
  0.56000000001000028      -0.60113493415600838     
  0.57000000001000029      -0.62664414832630622     
  0.58000000001000029      -0.65105941616446006     
  0.59000000001000030      -0.67434511994161261     
  0.60000000001000031      -0.69646754687494916     
  0.61000000001000032      -0.71739493771248219     
  0.62000000001000033      -0.73709753216160590     
  0.63000000001000034      -0.75554761107580359     
  0.64000000001000035      -0.77271953532207149     
  0.65000000001000036      -0.78858978125959023     
  0.66000000001000036      -0.80313697276795848     
  0.67000000001000037      -0.81634190977091803     
  0.68000000001000038      -0.82818759320896884     
  0.69000000001000039      -0.83865924642160372     
  0.70000000001000040      -0.84774433290709894     
  0.71000000001000041      -0.85543257043488530     
  0.72000000001000042      -0.86171594149250097     
  0.73000000001000043      -0.86658870005599542     
  0.74000000001000044      -0.87004737467941506     
  0.75000000001000044      -0.87209076790565865     
  0.76000000001000045      -0.87271995200753827     
  0.77000000001000046      -0.87193826107432792     
  0.78000000001000047      -0.86975127946541242     
  0.79000000001000048      -0.86616682665887046     
  0.80000000001000049      -0.86119493852893114     
  0.81000000001000050      -0.85484784509222700     
  0.82000000001000051      -0.84713994476862675     
  0.83000000001000052      -0.83808777520816047     
  0.84000000001000052      -0.82770998074114810     
  0.85000000001000053      -0.81602727651409823     
  0.86000000001000054      -0.80306240937925599     
  0.87000000001000055      -0.78884011561084300     
  0.88000000001000056      -0.77338707552603814     
  0.89000000001000057      -0.75673186509359625     
  0.90000000001000058      -0.73890490461768177     
  0.91000000001000059      -0.71993840458900515     
  0.92000000001000060      -0.69986630879968437     
  0.93000000001000060      -0.67872423482240618     
  0.94000000001000061      -0.65654941195843042     
  0.95000000001000062      -0.63338061676275792     
  0.96000000001000063      -0.60925810625836530     
  0.97000000001000064      -0.58422354895479345     
  0.98000000001000065      -0.55831995378956001     
  0.99000000001000066      -0.53159159711383963     
   1.0000000000100007      -0.50408394784662192     
   1.0100000000100007      -0.47584359092411138     
   1.0200000000100007      -0.44691814917346911     
   1.0300000000100007      -0.41735620374211674     
   1.0400000000100007      -0.38720721321572155     
   1.0500000000100007      -0.35652143155965937     
   1.0600000000100007      -0.32534982502020382     
   1.0700000000100007      -0.29374398812291980     
   1.0800000000100007      -0.26175605890674014     
   1.0900000000100007      -0.22943863353298061     
   1.1000000000100008      -0.19684468040909675     
   1.1100000000100008      -0.16402745396730781     
   1.1200000000100008      -0.13104040823830868     
   1.1300000000100008       -9.7937110360160340E-002
   1.1400000000100008       -6.4771154162094668E-002
   1.1500000000100008       -3.1596073962391273E-002
   1.1600000000100008        1.5347412813150954E-003
   1.1700000000100008        3.4568133331957109E-002
   1.1800000000100008        6.7451259407083269E-002
   1.1900000000100008       0.10013167615237811     
   1.2000000000100008       0.13255742272166110     
   1.2100000000100009       0.16467710283223991     
   1.2200000000100009       0.19643996566656619     
   1.2300000000100009       0.22779598549341556     
   1.2400000000100009       0.25869593988428141     
   1.2500000000100009       0.28909148640333215     
   1.2600000000100009       0.31893523765212778     
   1.2700000000100009       0.34818083455331883     
   1.2800000000100009       0.37678301776075324     
   1.2900000000100009       0.40469769708679038     
   1.3000000000100009       0.43188201884115790     
   1.3100000000100009       0.45829443097938216     
   1.3200000000100010       0.48389474596266968     
   1.3300000000100010       0.50864420123510812     
   1.3400000000100010       0.53250551722818518     
   1.3500000000100010       0.55544295280688294     
   1.3600000000100010       0.57742235807599118     
   1.3700000000100010       0.59841122446978201     
   1.3800000000100010       0.61837873205279870     
   1.3900000000100010       0.63729579396422098     
   1.4000000000100010       0.65513509794307434     
   1.4100000000100010       0.67187114487643795     
   1.4200000000100010       0.68748028431777330     
   1.4300000000100010       0.70194074692753106     
   1.4400000000100011       0.71523267379328836     
   1.4500000000100011       0.72733814259181806     
   1.4600000000100011       0.73824119056068416     
   1.4700000000100011       0.74792783425218357     
   1.4800000000100011       0.75638608604771251     
   1.4900000000100011       0.76360596741590647     
   1.5000000000100011       0.76957951890318754     
   1.5100000000100011       0.77430080685063840     
   1.5200000000100011       0.77776592683640100     
   1.5300000000100011       0.77997300384805845     
   1.5400000000100011       0.78092218919470258     
   1.5500000000100012       0.78061565417359169     
   1.5600000000100012       0.77905758051147522     
   1.5700000000100012       0.77625414760577716     
   1.5800000000100012       0.77221351659589399     
   1.5900000000100012       0.76694581129986095     
   1.6000000000100012       0.76046309605656515     
   1.6100000000100012       0.75277935051853218     
   1.6200000000100012       0.74391044144506813     
   1.6300000000100012       0.73387409155020655     
   1.6400000000100012       0.72268984546446824     
   1.6500000000100012       0.71037903287389836     
   1.6600000000100013       0.69696472890417971     
   1.6700000000100013       0.68247171182183786     
   1.6800000000100013       0.66692641812864017     
   1.6900000000100013       0.65035689512924200     
   1.7000000000100013       0.63279275105594357     
   1.7100000000100013       0.61426510283808811     
   1.7200000000100013       0.59480652160714098     
   1.7300000000100013       0.57445097603184869     
   1.7400000000100013       0.55323377358106773     
   1.7500000000100013       0.53119149981488278     
   1.7600000000100013       0.50836195580748911     
   1.7700000000100014       0.48478409380799531     
   1.7800000000100014       0.46049795124780707     
   1.7900000000100014       0.43554458320557238     
   1.8000000000100014       0.40996599344280416     
   1.8100000000100014       0.38380506412524473     
   1.8200000000100014       0.35710548434679257     
   1.8300000000100014       0.32991167757437612     
   1.8400000000100014       0.30226872813352890     
   1.8500000000100014       0.27422230685559268     
   1.8600000000100014       0.24581859600845032     
   1.8700000000100014       0.21710421363346724     
   1.8800000000100014       0.18812613741189699     
   1.8900000000100015       0.15893162818438486     
   1.9000000000100015       0.12956815324738086     
   1.9100000000100015       0.10008330955025296     
   1.9200000000100015        7.0524746916671793E-002
   1.9300000000100015        4.0940091413420622E-002
   1.9400000000100015        1.1376868989171066E-002
   1.9500000000100015       -1.8117570495043357E-002
   1.9600000000100015       -4.7496128722924691E-002
   1.9700000000100015       -7.6712033748039726E-002
   1.9800000000100015      -0.10571891406882146     
   1.9900000000100015      -0.13447087183684847     
   2.0000000000100013      -0.16292255508355552     
   2.0100000000100011      -0.19102922885245474     
   2.0200000000100009      -0.21874684512604892     
   2.0300000000100007      -0.24603211143889056     
   2.0400000000100005      -0.27284255807068142     
   2.0500000000100003      -0.29913660371590933     
   2.0600000000100001      -0.32487361952928062     
   2.0700000000099998      -0.35001399144911988     
   2.0800000000099996      -0.37451918070397194     
   2.0900000000099994      -0.39835178241084435     
   2.1000000000099992      -0.42147558217687142     
   2.1100000000099990      -0.44385561061965362     
   2.1200000000099988      -0.46545819572512431     
   2.1300000000099986      -0.48625101296551337     
   2.1400000000099983      -0.50620313310380760     
   2.1500000000099981      -0.52528506761504479     
   2.1600000000099979      -0.54346881165881333     
   2.1700000000099977      -0.56072788454146050     
   2.1800000000099975      -0.57703736761072577     
   2.1900000000099973      -0.59237393952981054     
   2.2000000000099971      -0.60671590888226168     
   2.2100000000099969      -0.62004324406347688     
   2.2200000000099966      -0.63233760041912723     
   2.2300000000099964      -0.64358234459533059     
   2.2400000000099962      -0.65376257606999011     
   2.2500000000099960      -0.66286514583932599     
   2.2600000000099958      -0.67087867223827391     
   2.2700000000099956      -0.67779355387808349     
   2.2800000000099954      -0.68360197968912828     
   2.2900000000099952      -0.68829793606161604     
   2.3000000000099949      -0.69187721108156863     
   2.3100000000099947      -0.69433739586410537     
   2.3200000000099945      -0.69567788299071576     
   2.3300000000099943      -0.69589986206183130     
   2.3400000000099941      -0.69500631238059862     
   2.3500000000099939      -0.69300199278830976     
   2.3600000000099937      -0.68989342867645120     
   2.3700000000099934      -0.68568889620478590     
   2.3800000000099932      -0.68039840375927385     
   2.3900000000099930      -0.67403367068796072     
   2.4000000000099928      -0.66660810335721399     
   2.4100000000099926      -0.65813676857485381     
   2.4200000000099924      -0.64863636443080763     
   2.4300000000099922      -0.63812518860990441     
   2.4400000000099920      -0.62662310423531209     
   2.4500000000099917      -0.61415150330490442     
   2.4600000000099915      -0.60073326778651170     
   2.4700000000099913      -0.58639272844156665     
   2.4800000000099911      -0.57115562145008381     
   2.4900000000099909      -0.55504904291321744     
   2.5000000000099907      -0.53810140131281226     
   2.5100000000099905      -0.52034236801039646     
   2.5200000000099902      -0.50180282587095804     
   2.5300000000099900      -0.48251481609959324     
   2.5400000000099898      -0.46251148338171255     
   2.5500000000099896      -0.44182701941993335     
   2.5600000000099894      -0.42049660496307589     
   2.5700000000099892      -0.39855635042480536     
   2.5800000000099890      -0.37604323519142807     
   2.5900000000099888      -0.35299504572014645     
   2.6000000000099885      -0.32945031253071000     
   2.6100000000099883      -0.30544824619485822     
   2.6200000000099881      -0.28102867242924079     
   2.6300000000099879      -0.25623196639861567     
   2.6400000000099877      -0.23109898633706538     
   2.6500000000099875      -0.20567100659573742     
   2.6600000000099873      -0.17998965022620300     
   2.6700000000099871      -0.15409682120893986     
   2.6800000000099868      -0.12803463643668000     
   2.6900000000099866      -0.10184535756242161     
   2.7000000000099864       -7.5571322821786024E-002
   2.7100000000099862       -4.9254878939107780E-002
   2.7200000000099860       -2.2938313226176874E-002
   2.7300000000099858        3.3362140180878096E-003
   2.7400000000099856        2.9526736699568561E-002
   2.7500000000099853        5.5591549605999283E-002
   2.7600000000099851        8.1489274463803718E-002
   2.7700000000099849       0.10717892527070459     
   2.7800000000099847       0.13261997280156518     
   2.7900000000099845       0.15777240818656343     
   2.8000000000099843       0.18259680546259338     
   2.8100000000099841       0.20705438300073778     
   2.8200000000099839       0.23110706371475354     
   2.8300000000099836       0.25471753395775631     
   2.8400000000099834       0.27784930101667660     
   2.8500000000099832       0.30046674911658344     
   2.8600000000099830       0.32253519384962959     
   2.8700000000099828       0.34402093494615654     
   2.8800000000099826       0.36489130730840863     
   2.8900000000099824       0.38511473023033166     
   2.9000000000099821       0.40466075473007435     
   2.9100000000099819       0.42350010892505929     
   2.9200000000099817       0.44160474138284278     
   2.9300000000099815       0.45894786238443058     
   2.9400000000099813       0.47550398304025765     
   2.9500000000099811       0.49124895220266335     
   2.9600000000099809       0.50615999112239762     
   2.9700000000099807       0.52021572580047071     
   2.9800000000099804       0.53339621699050122     
   2.9900000000099802       0.54568298781061975     
   3.0000000000099800       0.55705904892794400     
   3.0100000000099798       0.56750892128264308     
   3.0200000000099796       0.57701865632265437     
   3.0300000000099794       0.58557585372419474     
   3.0400000000099792       0.59316967657731345     
   3.0500000000099790       0.59979086401986115     
   3.0600000000099787       0.60543174130738941     
   3.0700000000099785       0.61008622731064377     
   3.0800000000099783       0.61374983943646189     
   3.0900000000099781       0.61641969597203061     
   3.1000000000099779       0.61809451585658592     
   3.1100000000099777       0.61877461588875105     
   3.1200000000099775       0.61846190538179335     
   3.1300000000099772       0.61715987828313201     
   3.1400000000099770       0.61487360277844516     
   3.1500000000099768       0.61160970840469320     
   3.1600000000099766       0.60737637070029338     
   3.1700000000099764       0.60218329342454324     
   3.1800000000099762       0.59604168838218574     
   3.1900000000099760       0.58896425289274157     
   3.2000000000099758       0.58096514494788332     
   3.2100000000099755       0.57205995610370364     
   3.2200000000099753       0.56226568215821393     
   3.2300000000099751       0.55160069166780745     
   3.2400000000099749       0.54008469235971945     
   3.2500000000099747       0.52773869550071528     
   3.2600000000099745       0.51458497828532845     
   3.2700000000099743       0.50064704430995199     
   3.2800000000099740       0.48594958220195056     
   3.2900000000099738       0.47051842247570802     
   3.3000000000099736       0.45438049269014541     
   3.3100000000099734       0.43756377098473964     
   3.3200000000099732       0.42009723807343663     
   3.3300000000099730       0.40201082777808150     
   3.3400000000099728       0.38333537618507935     
   3.3500000000099726       0.36410256951095116     
   3.3600000000099723       0.34434489076425701     
   3.3700000000099721       0.32409556529302019     
   3.3800000000099719       0.30338850530829981     
   3.3900000000099717       0.28225825347592337     
   3.4000000000099715       0.26073992566960325     
   3.4100000000099713       0.23886915297971983     
   3.4200000000099711       0.21668202307295958     
   3.4300000000099709       0.19421502099874474     
   3.4400000000099706       0.17150496953898633     
   3.4500000000099704       0.14858896919812786     
   3.4600000000099702       0.12550433793072796     
   3.4700000000099700       0.10228855070395407     
   3.4800000000099698        7.8979178992325594E-002
   3.4900000000099696        5.5613830301857049E-002
   3.5000000000099694        3.2230087820407496E-002
   3.5100000000099691        8.8654502905446894E-003
   3.5200000000099689       -1.4442727799418281E-002
   3.5300000000099687       -3.7657295611357999E-002
   3.5400000000099685       -6.0741364846343307E-002
   3.5500000000099683       -8.3658368033900171E-002
   3.5600000000099681      -0.10637211612997828     
   3.5700000000099679      -0.12884685533344600     
   3.5800000000099677      -0.15104732303246793     
   3.5900000000099674      -0.17293880279378440     
   3.6000000000099672      -0.19448717830971141     
   3.6100000000099670      -0.21565898621960949     
   3.6200000000099668      -0.23642146772462841     
   3.6300000000099666      -0.25674261891671524     
   3.6400000000099664      -0.27659123974517541     
   3.6500000000099662      -0.29593698154649350     
   3.6600000000099659      -0.31475039306564939     
   3.6700000000099657      -0.33300296489980163     
   3.6800000000099655      -0.35066717229794880     
   3.6900000000099653      -0.36771651625301671     
   3.7000000000099651      -0.38412556282574878     
   3.7100000000099649      -0.39986998064279583     
   3.7200000000099647      -0.41492657651450210     
   3.7300000000099645      -0.42927332912106370     
   3.7400000000099642      -0.44288942071898768     
   3.7500000000099640      -0.45575526682309730     
   3.7600000000099638      -0.46785254382271102     
   3.7700000000099636      -0.47916421449405694     
   3.7800000000099634      -0.48967455137447274     
   3.7900000000099632      -0.49936915796747033     
   3.8000000000099630      -0.50823498775131504     
   3.8100000000099628      -0.51626036096737193     
   3.8200000000099625      -0.52343497916810022     
   3.8300000000099623      -0.52974993750822830     
   3.8400000000099621      -0.53519773476630828     
   3.8500000000099619      -0.53977228108752195     
   3.8600000000099617      -0.54346890344229160     
   3.8700000000099615      -0.54628434879892218     
   3.8800000000099613      -0.54821678501217097     
   3.8900000000099610      -0.54926579943329290     
   3.9000000000099608      -0.54943239525074383     
   3.9100000000099606      -0.54871898557433030     
   3.9200000000099604      -0.54712938527917188     
   3.9300000000099602      -0.54466880062937850     
   3.9400000000099600      -0.54134381670484355     
   3.9500000000099598      -0.53716238265799898     
   3.9600000000099596      -0.53213379483077528     
   3.9700000000099593      -0.52626867776534181     
   3.9800000000099591      -0.51957896314547647     
   3.9900000000099589      -0.51207786670861510     
   4.0000000000099591      -0.50377986317175849     
   4.0100000000099589      -0.49470065921746648     
   4.0200000000099587      -0.48485716458913247     
   4.0300000000099585      -0.47426746134761133     
   4.0400000000099583      -0.46295077134405926     
   4.0500000000099581      -0.45092742196653374     
   4.0600000000099579      -0.43821881022049097     
   4.0700000000099577      -0.42484736520580274     
   4.0800000000099574      -0.41083650905529207     
   4.0900000000099572      -0.39621061640205218     
   4.1000000000099570      -0.38099497244496455     
   4.1100000000099568      -0.36521572968386401     
   4.1200000000099566      -0.34889986339771256     
   4.1300000000099564      -0.33207512594093130     
   4.1400000000099562      -0.31476999993470378     
   4.1500000000099559      -0.29701365043159850     
   4.1600000000099557      -0.27883587613326366     
   4.1700000000099555      -0.26026705974221975     
   4.1800000000099553      -0.24133811752991391     
   4.1900000000099551      -0.22208044820420506     
   4.2000000000099549      -0.20252588116031575     
   4.2100000000099547      -0.18270662420001699     
   4.2200000000099545      -0.16265521080440462     
   4.2300000000099542      -0.14240444704608002     
   4.2400000000099540      -0.12198735822686230     
   4.2500000000099538      -0.10143713532733536     
   4.2600000000099536       -8.0787081354570606E-002
   4.2700000000099534       -6.0070557674264273E-002
   4.2800000000099532       -3.9320930413290267E-002
   4.2900000000099530       -1.8571517018292329E-002
   4.3000000000099527        2.1444669445720016E-003
   4.3100000000099525        2.2793960664270231E-002
   4.3200000000099523        4.3344110550231352E-002
   4.3300000000099521        6.3762322205606292E-002
   4.3400000000099519        8.4016311826720522E-002
   4.3500000000099517       0.10407415694815608     
   4.3600000000099515       0.12390434645419525     
   4.3700000000099513       0.14347582977877563     
   4.3800000000099510       0.16275806521764463     
   4.3900000000099508       0.18172106727805695     
   4.4000000000099506       0.20033545299312866     
   4.4100000000099504       0.21857248712984309     
   4.4200000000099502       0.23640412622169285     
   4.4300000000099500       0.25380306135903663     
   4.4400000000099498       0.27074275967244338     
   4.4500000000099496       0.28719750444658848     
   4.4600000000099493       0.30314243380465083     
   4.4700000000099491       0.31855357790563360     
   4.4800000000099489       0.33340789459958836     
   4.4900000000099487       0.34768330348836185     
   4.5000000000099485       0.36135871834219807     
   4.5100000000099483       0.37441407782531372     
   4.5200000000099481       0.38683037448641699     
   4.5300000000099478       0.39858968197305372     
   4.5400000000099476       0.40967518043163448     
   4.5500000000099474       0.42007118005802013     
   4.5600000000099472       0.42976314276661171     
   4.5700000000099470       0.43873770194900236     
   4.5800000000099468       0.44698268029639776     
   4.5900000000099466       0.45448710566319062     
   4.6000000000099464       0.46124122495228154     
   4.6100000000099461       0.46723651600596666     
   4.6200000000099459       0.47246569748945538     
   4.6300000000099457       0.47692273675733582     
   4.6400000000099455       0.48060285569656680     
   4.6500000000099453       0.48350253454283382     
   4.6600000000099451       0.48561951367036249     
   4.6700000000099449       0.48695279335852854     
   4.6800000000099446       0.48750263154183204     
   4.6900000000099444       0.48727053955301430     
   4.7000000000099442       0.48625927587227863     
   4.7100000000099440       0.48447283789873025     
   4.7200000000099438       0.48191645176326842     
   4.7300000000099436       0.47859656020524077     
   4.7400000000099434       0.47452080853820322     
   4.7500000000099432       0.46969802873311017     
   4.7600000000099429       0.46413822165018837     
   4.7700000000099427       0.45785253745361643     
   4.7800000000099425       0.45085325424593758     
   4.7900000000099423       0.44315375496187059     
   4.8000000000099421       0.43476850256384980     
   4.8100000000099419       0.42571301358421515     
   4.8200000000099417       0.41600383006148267     
   4.8300000000099415       0.40565848992055231     
   4.8400000000099412       0.39469549584904862     
   4.8500000000099410       0.38313428272423861     
   4.8600000000099408       0.37099518364712475     
   4.8700000000099406       0.35829939464236754     
   4.8800000000099404       0.34506893808464956     
   4.8900000000099402       0.33132662491394588     
   4.9000000000099400       0.31709601570391321     
   4.9100000000099397       0.30240138064925048     
   4.9200000000099395       0.28726765853941216     
   4.9300000000099393       0.27172041478747216     
   4.9400000000099391       0.25578579858423822     
   4.9500000000099389       0.23949049924890248     
   4.9600000000099387       0.22286170184858151     
   4.9700000000099385       0.20592704216004840     
   4.9800000000099383       0.18871456104778744     
   4.9900000000099380       0.17125265833320941     
