   9.9999999999999994E-012  0.96402758007581690     
   1.0000000010000001E-002  0.96319023079339661     
   2.0000000010000001E-002  0.96068097452689549     
   3.0000000010000000E-002  0.95650811364800958     
   4.0000000010000002E-002  0.95068525160870865     
   5.0000000010000004E-002  0.94323096504227888     
   6.0000000010000006E-002  0.93416838655443368     
   7.0000000010000007E-002  0.92352473202481744     
   8.0000000010000002E-002  0.91133080658079246     
   9.0000000009999997E-002  0.89762051975411428     
  0.10000000000999999       0.88243043394965415     
  0.11000000000999999       0.86579936270883562     
  0.12000000000999998       0.84776802765681247     
  0.13000000000999998       0.82837877643516100     
  0.14000000000999999       0.80767535886200703     
  0.15000000001000000       0.78570275516491728     
  0.16000000001000000       0.76250704825860471     
  0.17000000001000001       0.73813533139583309     
  0.18000000001000002       0.71263564276136704     
  0.19000000001000003       0.68605691938033986     
  0.20000000001000004       0.65844896380619455     
  0.21000000001000005       0.62986241824139944     
  0.22000000001000006       0.60034874189478205     
  0.23000000001000007       0.56996018841566032     
  0.24000000001000008       0.53874978113081207     
  0.25000000001000006       0.50677128453715359     
  0.26000000001000007       0.47407917107914044     
  0.27000000001000007       0.44072858268263193     
  0.28000000001000008       0.40677528684712044     
  0.29000000001000009       0.37227562733682129     
  0.30000000001000010       0.33728646967745007     
  0.31000000001000011       0.30186514177628437     
  0.32000000001000012       0.26606937005218184     
  0.33000000001000013       0.22995721150074955     
  0.34000000001000014       0.19358698213655795     
  0.35000000001000015       0.15701718225584516     
  0.36000000001000015       0.12030641895457636     
  0.37000000001000016        8.3513326321694947E-002
  0.38000000001000017        4.6696483708578325E-002
  0.39000000001000018        9.9143324549659795E-003
  0.40000000001000019       -2.6774908569760024E-002
  0.41000000001000020       -6.3313328272242536E-002
  0.42000000001000021       -9.9643409170503294E-002
  0.43000000001000022      -0.13570811346110837     
  0.44000000001000023      -0.17145096903844786     
  0.45000000001000023      -0.20681615520335511     
  0.46000000001000024      -0.24174858781397579     
  0.47000000001000025      -0.27619400364631225     
  0.48000000001000026      -0.31009904374530017     
  0.49000000001000027      -0.34341133555972669     
  0.50000000001000022      -0.37607957366587708     
  0.51000000001000023      -0.40805359889560339     
  0.52000000001000024      -0.43928447569464446     
  0.53000000001000025      -0.46972456754658087     
  0.54000000001000026      -0.49932761030686434     
  0.55000000001000027      -0.52804878329999361     
  0.56000000001000028      -0.55584477804118171     
  0.57000000001000029      -0.58267386445183100     
  0.58000000001000029      -0.60849595444585025     
  0.59000000001000030      -0.63327266277135541     
  0.60000000001000031      -0.65696736499963027     
  0.61000000001000032      -0.67954525256041032     
  0.62000000001000033      -0.70097338472962145     
  0.63000000001000034      -0.72122073748267690     
  0.64000000001000035      -0.74025824913331983     
  0.65000000001000036      -0.75805886268482048     
  0.66000000001000036      -0.77459756482709086     
  0.67000000001000037      -0.78985142151999144     
  0.68000000001000038      -0.80379961010975987     
  0.69000000001000039      -0.81642344793211286     
  0.70000000001000040      -0.82770641736214423     
  0.71000000001000041      -0.83763418727767947     
  0.72000000001000042      -0.84619463090923497     
  0.73000000001000043      -0.85337784005618011     
  0.74000000001000044      -0.85917613565509710     
  0.75000000001000044      -0.86358407469268172     
  0.76000000001000045      -0.86659845346182030     
  0.77000000001000046      -0.86821830716570625     
  0.78000000001000047      -0.86844490588102707     
  0.79000000001000048      -0.86728174689734094     
  0.80000000001000049      -0.86473454345577805     
  0.81000000001000050      -0.86081120991612969     
  0.82000000001000051      -0.85552184338722603     
  0.83000000001000052      -0.84887870186124392     
  0.84000000001000052      -0.84089617889822177     
  0.85000000001000053      -0.83159077491258460     
  0.86000000001000054      -0.82098106511888780     
  0.87000000001000055      -0.80908766419927292     
  0.88000000001000056      -0.79593318776028066     
  0.89000000001000057      -0.78154221065167995     
  0.90000000001000058      -0.76594122222484518     
  0.91000000001000059      -0.74915857861293311     
  0.92000000001000060      -0.73122445211967768     
  0.93000000001000060      -0.71217077780802274     
  0.94000000001000061      -0.69203119738405072     
  0.95000000001000062      -0.67084100047572592     
  0.96000000001000063      -0.64863706340985738     
  0.97000000001000064      -0.62545778559438669     
  0.98000000001000065      -0.60134302361661907     
  0.99000000001000066      -0.57633402317133808     
   1.0000000000100007      -0.55047334893586664     
   1.0100000000100007      -0.52380481251206157     
   1.0200000000100007      -0.49637339855794743     
   1.0300000000100007      -0.46822518923420625     
   1.0400000000100007      -0.43940728709304128     
   1.0500000000100007      -0.40996773653901891     
   1.0600000000100007      -0.37995544399336600     
   1.0700000000100007      -0.34942009689485126     
   1.0800000000100007      -0.31841208167181489     
   1.0900000000100007      -0.28698240082112314     
   1.1000000000100008      -0.25518258923081433     
   1.1100000000100008      -0.22306462988397238     
   1.1200000000100008      -0.19068086908190732     
   1.1300000000100008      -0.15808393132504422     
   1.1400000000100008      -0.12532663399002084     
   1.1500000000100008       -9.2461901941369495E-002
   1.1600000000100008       -5.9542682215814671E-002
   1.1700000000100008       -2.6621858916651482E-002
   1.1800000000100008        6.2478315451126934E-003
   1.1900000000100008        3.9013884727171551E-002
   1.2000000000100008        7.1624111815420388E-002
   1.2100000000100009       0.10402672253350155     
   1.2200000000100009       0.13617040717098655     
   1.2300000000100009       0.16800441760062593     
   1.2400000000100009       0.19947864715713881     
   1.2500000000100009       0.23054370925225226     
   1.2600000000100009       0.26115101460313306     
   1.2700000000100009       0.29125284695397474     
   1.2800000000100009       0.32080243717330870     
   1.2900000000100009       0.34975403561259177     
   1.3000000000100009       0.37806298261478088     
   1.3100000000100009       0.40568577706493203     
   1.3200000000100010       0.43258014287834884     
   1.3300000000100010       0.45870509332545129     
   1.3400000000100010       0.48402099309633029     
   1.3500000000100010       0.50848961801189163     
   1.3600000000100010       0.53207421229256791     
   1.3700000000100010       0.55473954329978270     
   1.3800000000100010       0.57645195366967761     
   1.3900000000100010       0.59717941076305614     
   1.4000000000100010       0.61689155336004986     
   1.4100000000100010       0.63555973553266154     
   1.4200000000100010       0.65315706763308556     
   1.4300000000100010       0.66965845434053228     
   1.4400000000100011       0.68504062971418966     
   1.4500000000100011       0.69928218920492746     
   1.4600000000100011       0.71236361858338393     
   1.4700000000100011       0.72426731974716163     
   1.4800000000100011       0.73497763337498812     
   1.4900000000100011       0.74448085840086253     
   1.5000000000100011       0.75276526828640378     
   1.5100000000100011       0.75982112407482527     
   1.5200000000100011       0.76564068421518439     
   1.5300000000100011       0.77021821115077804     
   1.5400000000100011       0.77354997467077480     
   1.5500000000100012       0.77563425202937364     
   1.5600000000100012       0.77647132484196302     
   1.5700000000100012       0.77606347277289944     
   1.5800000000100012       0.77441496403463528     
   1.5900000000100012       0.77153204272298748     
   1.6000000000100012       0.76742291301834398     
   1.6100000000100012       0.76209772028754907     
   1.6200000000100012       0.75556852912607997     
   1.6300000000100012       0.74784929838492054     
   1.6400000000100012       0.73895585323124624     
   1.6500000000100012       0.72890585429664789     
   1.6600000000100013       0.71771876397113565     
   1.6700000000100013       0.70541580990557151     
   1.6800000000100013       0.69201994578947024     
   1.6900000000100013       0.67755580947528204     
   1.7000000000100013       0.66204967852431262     
   1.7100000000100013       0.64552942325335105     
   1.7200000000100013       0.62802445736484691     
   1.7300000000100013       0.60956568624710694     
   1.7400000000100013       0.59018545303446168     
   1.7500000000100013       0.56991748252067387     
   1.7600000000100013       0.54879682302202648     
   1.7700000000100014       0.52685978628952612     
   1.7800000000100014       0.50414388557248924     
   1.7900000000100014       0.48068777193843631     
   1.8000000000100014       0.45653116895670026     
   1.8100000000100014       0.43171480585545779     
   1.8200000000100014       0.40628034926400985     
   1.8300000000100014       0.38027033365407120     
   1.8400000000100014       0.35372809059557231     
   1.8500000000100014       0.32669767694403096     
   1.8600000000100014       0.29922380207791166     
   1.8700000000100014       0.27135175430555836     
   1.8800000000100014       0.24312732656225647     
   1.8900000000100015       0.21459674151875630     
   1.9000000000100015       0.18580657622316737     
   1.9100000000100015       0.15680368639851425     
   1.9200000000100015       0.12763513051842723     
   1.9300000000100015        9.8348093783428389E-002
   1.9400000000100015        6.8989812120062360E-002
   1.9500000000100015        3.9607496324716579E-002
   1.9600000000100015        1.0248256473375066E-002
   1.9700000000100015       -1.9040973282242239E-002
   1.9800000000100015       -4.8213509412686234E-002
   1.9900000000100015       -7.7222993084635011E-002
   2.0000000000100013      -0.10602346349366157     
   2.0100000000100011      -0.13456943034051658     
   2.0200000000100009      -0.16281594533725174     
   2.0300000000100007      -0.19071867263140871     
   2.0400000000100005      -0.21823395803857126     
   2.0500000000100003      -0.24531889697582102     
   2.0600000000100001      -0.27193140099104474     
   2.0700000000099998      -0.29803026278561073     
   2.0800000000099996      -0.32357521963065772     
   2.0900000000099994      -0.34852701508011663     
   2.1000000000099992      -0.37284745888661058     
   2.1100000000099990      -0.39649948502954335     
   2.1200000000099988      -0.41944720776798838     
   2.1300000000099986      -0.44165597563442155     
   2.1400000000099983      -0.46309242328889738     
   2.1500000000099981      -0.48372452115694115     
   2.1600000000099979      -0.50352162277821666     
   2.1700000000099977      -0.52245450979691932     
   2.1800000000099975      -0.54049543452883586     
   2.1900000000099973      -0.55761816004409315     
   2.2000000000099971      -0.57379799770878737     
   2.2100000000099969      -0.58901184213293134     
   2.2200000000099966      -0.60323820347647439     
   2.2300000000099964      -0.61645723706953270     
   2.2400000000099962      -0.62865077030740579     
   2.2500000000099960      -0.63980232678544513     
   2.2600000000099958      -0.64989714764337014     
   2.2700000000099956      -0.65892221009319540     
   2.2800000000099954      -0.66686624310952436     
   2.2900000000099952      -0.67371974026558124     
   2.3000000000099949      -0.67947496970297694     
   2.3100000000099947      -0.68412598122783874     
   2.3200000000099945      -0.68766861053056216     
   2.3300000000099943      -0.69010048053106277     
   2.3400000000099941      -0.69142099985601047     
   2.3500000000099939      -0.69163135845910539     
   2.3600000000099937      -0.69073452040000227     
   2.3700000000099934      -0.68873521380199931     
   2.3800000000099932      -0.68563991801306756     
   2.3900000000099930      -0.68145684799920825     
   2.4000000000099928      -0.67619593600347394     
   2.4100000000099926      -0.66986881050827163     
   2.4200000000099924      -0.66248877254277672     
   2.4300000000099922      -0.65407076938141517     
   2.4400000000099920      -0.64463136568341550     
   2.4500000000099917      -0.63418871212738259     
   2.4600000000099915      -0.62276251159869833     
   2.4700000000099913      -0.61037398299130152     
   2.4800000000099911      -0.59704582268903916     
   2.4900000000099909      -0.58280216379530103     
   2.5000000000099907      -0.56766853318305477     
   2.5100000000099905      -0.55167180644067082     
   2.5200000000099902      -0.53484016079207453     
   2.5300000000099900      -0.51720302607277069     
   2.5400000000099898      -0.49879103384615547     
   2.5500000000099896      -0.47963596474725700     
   2.5600000000099894      -0.45977069414362337     
   2.5700000000099892      -0.43922913620550275     
   2.5800000000099890      -0.41804618647973124     
   2.5900000000099888      -0.39625766306385718     
   2.6000000000099885      -0.37390024647898173     
   2.6100000000099883      -0.35101141834158417     
   2.6200000000099881      -0.32762939893622106     
   2.6300000000099879      -0.30379308379244291     
   2.6400000000099877      -0.27954197937055442     
   2.6500000000099875      -0.25491613796195706     
   2.6600000000099873      -0.22995609191075106     
   2.6700000000099871      -0.20470278726403912     
   2.6800000000099868      -0.17919751695896496     
   2.6900000000099866      -0.15348185365493558     
   2.7000000000099864      -0.12759758231971577     
   2.7100000000099862      -0.10158663267815039     
   2.7200000000099860       -7.5491011632159932E-002
   2.7300000000099858       -4.9352735760372649E-002
   2.7400000000099856       -2.3213764005301198E-002
   2.7500000000099853        2.8840693446556785E-003
   2.7600000000099851        2.8899121271902747E-002
   2.7700000000099849        5.4790006139510822E-002
   2.7800000000099847        8.0515661189865528E-002
   2.7900000000099845       0.10603541132901076     
   2.8000000000099843       0.13130903309505212     
   2.8100000000099841       0.15629681771060056     
   2.8200000000099839       0.18095963312100702     
   2.8300000000099836       0.20525898492206143     
   2.8400000000099834       0.22915707608290048     
   2.8500000000099832       0.25261686537208433     
   2.8600000000099830       0.27560212439715920     
   2.8700000000099828       0.29807749317051579     
   2.8800000000099826       0.32000853411697922     
   2.8900000000099824       0.34136178444131793     
   2.9000000000099821       0.36210480677673634     
   2.9100000000099819       0.38220623803840742     
   2.9200000000099817       0.40163583640920908     
   2.9300000000099815       0.42036452638804012     
   2.9400000000099813       0.43836444183440748     
   2.9500000000099811       0.45560896694638703     
   2.9600000000099809       0.47207277511256240     
   2.9700000000099807       0.48773186558213205     
   2.9800000000099804       0.50256359790103955     
   2.9900000000099802       0.51654672406571955     
   3.0000000000099800       0.52966141834985447     
   3.0100000000099798       0.54188930476340136     
   3.0200000000099796       0.55321348210706345     
   3.0300000000099794       0.56361854658934674     
   3.0400000000099792       0.57309061197734479     
   3.0500000000099790       0.58161732725643489     
   3.0600000000099787       0.58918789177813291     
   3.0700000000099785       0.59579306787944297     
   3.0800000000099783       0.60142519096113856     
   3.0900000000099781       0.60607817701652011     
   3.1000000000099779       0.60974752760630457     
   3.1100000000099777       0.61243033227940624     
   3.1200000000099775       0.61412526844346160     
   3.1300000000099772       0.61483259869302309     
   3.1400000000099770       0.61455416560739640     
   3.1500000000099768       0.61329338403411260     
   3.1600000000099766       0.61105523087800528     
   3.1700000000099764       0.60784623241979907     
   3.1800000000099762       0.60367444919199986     
   3.1900000000099760       0.59854945844370533     
   3.2000000000099758       0.59248233422972252     
   3.2100000000099755       0.58548562516307434     
   3.2200000000099753       0.57757332987360444     
   3.2300000000099751       0.56876087021893162     
   3.2400000000099749       0.55906506229746733     
   3.2500000000099747       0.54850408531657768     
   3.2600000000099745       0.53709744837224738     
   3.2700000000099743       0.52486595519977619     
   3.2800000000099740       0.51183166695810778     
   3.2900000000099738       0.49801786311335167     
   3.3000000000099736       0.48344900048990208     
   3.3100000000099734       0.46815067056028753     
   3.3200000000099732       0.45214955504748805     
   3.3300000000099730       0.43547337991593710     
   3.3400000000099728       0.41815086782977373     
   3.3500000000099726       0.40021168915912764     
   3.3600000000099723       0.38168641161729971     
   3.3700000000099721       0.36260644861364166     
   3.3800000000099719       0.34300400640873785     
   3.3900000000099717       0.32291203016014747     
   3.4000000000099715       0.30236414894847469     
   3.4100000000099713       0.28139461987489350     
   3.4200000000099711       0.26003827132246565     
   3.4300000000099709       0.23833044547464752     
   3.4400000000099706       0.21630694018528862     
   3.4500000000099704       0.19400395029517589     
   3.4600000000099702       0.17145800849077567     
   3.4700000000099700       0.14870592580126749     
   3.4800000000099698       0.12578473183025138     
   3.4900000000099696       0.10273161481864194     
   3.5000000000099694        7.9583861635239658E-002
   3.5100000000099691        5.6378797791292304E-002
   3.5200000000099689        3.3153727575028005E-002
   3.5300000000099687        9.9458744016575930E-003
   3.5400000000099685       -1.3207678526291625E-002
   3.5500000000099683       -3.6270047154233986E-002
   3.5600000000099681       -5.9204605013232589E-002
   3.5700000000099679       -8.1975041068092572E-002
   3.5800000000099677      -0.10454541688500206     
   3.5900000000099674      -0.12688022302924817     
   3.6000000000099672      -0.14894443460504095     
   3.6100000000099670      -0.17070356585111895     
   3.6200000000099668      -0.19212372370758588     
   3.6300000000099666      -0.21317166027133144     
   3.6400000000099664      -0.23381482405942156     
   3.6500000000099662      -0.25402141000199707     
   3.6600000000099659      -0.27376040808849339     
   3.6700000000099657      -0.29300165059338190     
   3.6800000000099655      -0.31171585781013378     
   3.6900000000099653      -0.32987468222471161     
   3.7000000000099651      -0.34745075106260398     
   3.7100000000099649      -0.36441770714622140     
   3.7200000000099647      -0.38075024800237234     
   3.7300000000099645      -0.39642416316252171     
   3.7400000000099642      -0.41141636960160433     
   3.7500000000099640      -0.42570494526431035     
   3.7600000000099638      -0.43926916063097898     
   3.7700000000099636      -0.45208950827852090     
   3.7800000000099634      -0.46414773039513640     
   3.7900000000099632      -0.47542684421099884     
   3.8000000000099630      -0.48591116531052458     
   3.8100000000099628      -0.49558632879534820     
   3.8200000000099625      -0.50443930827065697     
   3.8300000000099623      -0.51245843263110769     
   3.8400000000099621      -0.51963340062614438     
   3.8500000000099619      -0.52595529318815326     
   3.8600000000099617      -0.53141658351052323     
   3.8700000000099615      -0.53601114486632340     
   3.8800000000099613      -0.53973425616195470     
   3.8900000000099610      -0.54258260522377677     
   3.9000000000099608      -0.54455428981934784     
   3.9100000000099606      -0.54564881641853658     
   3.9200000000099604      -0.54586709670336941     
   3.9300000000099602      -0.54521144183905346     
   3.9400000000099600      -0.54368555452216205     
   3.9500000000099598      -0.54129451882548085     
   3.9600000000099596      -0.53804478786248122     
   3.9700000000099593      -0.53394416929780764     
   3.9800000000099591      -0.52900180873353508     
   3.9900000000099589      -0.52322817100426366     
   4.0000000000099591      -0.51663501941736345     
   4.0100000000099589      -0.50923539297786358     
   4.0200000000099587      -0.50104358164058449     
   4.0300000000099585      -0.49207509963514340     
   4.0400000000099583      -0.48234665691240614     
   4.0500000000099581      -0.47187612876382151     
   4.0600000000099579      -0.46068252366784102     
   4.0700000000099577      -0.44878594942030015     
   4.0800000000099574      -0.43620757760821227     
   4.0900000000099572      -0.42296960648889714     
   4.1000000000099570      -0.40909522233872936     
   4.1100000000099568      -0.39460855933804767     
   4.1200000000099566      -0.37953465806090575     
   4.1300000000099564      -0.36389942264036967     
   4.1400000000099562      -0.34772957668197235     
   4.1500000000099559      -0.33105261799971736     
   4.1600000000099557      -0.31389677225068341     
   4.1700000000099555      -0.29629094554581165     
   4.1800000000099553      -0.27826467611586048     
   4.1900000000099551      -0.25984808511278445     
   4.2000000000099549      -0.24107182662793278     
   4.2100000000099547      -0.22196703700946865     
   4.2200000000099545      -0.20256528356228126     
   4.2300000000099542      -0.18289851271439628     
   4.2400000000099540      -0.16299899773448884     
   4.2500000000099538      -0.14289928608556335     
   4.2600000000099536      -0.12263214650018697     
   4.2700000000099534      -0.10223051586284920     
   4.2800000000099532       -8.1727445985067149E-002
   4.2900000000099530       -6.1156050358766596E-002
   4.3000000000099527       -4.0549450973242439E-002
   4.3100000000099525       -1.9940725280639948E-002
   4.3200000000099523        6.3714660559895803E-004
   4.3300000000099521        2.1151334395510982E-002
   4.3400000000099519        4.1569209707558077E-002
   4.3500000000099517        6.1858397671588822E-002
   4.3600000000099515        8.1986827968680606E-002
   4.3700000000099513       0.10192278522787804     
   4.3800000000099510       0.12163495870111676     
   4.3900000000099508       0.14109249113901803     
   4.4000000000099506       0.16026502679175472     
   4.4100000000099504       0.17912275846082196     
   4.4200000000099502       0.19763647352929140     
   4.4300000000099500       0.21577759889998480     
   4.4400000000099498       0.23351824477296662     
   4.4500000000099496       0.25083124719582273     
   4.4600000000099493       0.26769020932236109     
   4.4700000000099491       0.28406954131763340     
   4.4800000000099489       0.29994449884953478     
   4.4900000000099487       0.31529122010968302     
   4.5000000000099485       0.33008676130880921     
   4.5100000000099483       0.34430913059450008     
   4.5200000000099481       0.35793732034181852     
   4.5300000000099478       0.37095133777008410     
   4.5400000000099476       0.38333223384191784     
   4.5500000000099474       0.39506213040353988     
   4.5600000000099472       0.40612424552824916     
   4.5700000000099470       0.41650291702800701     
   4.5800000000099468       0.42618362410108740     
   4.5900000000099466       0.43515300708683619     
   4.6000000000099464       0.44339888530170346     
   4.6100000000099461       0.45091027293386043     
   4.6200000000099459       0.45767739297689247     
   4.6300000000099457       0.46369168918625631     
   4.6400000000099455       0.46894583604540607     
   4.6500000000099453       0.47343374673171812     
   4.6600000000099451       0.47715057907557740     
   4.6700000000099449       0.48009273950922005     
   4.6800000000099446       0.48225788500515632     
   4.6900000000099444       0.48364492300721634     
   4.7000000000099442       0.48425400936046475     
   4.7100000000099440       0.48408654424941550     
   4.7200000000099438       0.48314516615713687     
   4.7300000000099436       0.48143374386096643     
   4.7400000000099434       0.47895736648365067     
   4.7500000000099432       0.47572233162177940     
   4.7600000000099429       0.47173613157639538     
   4.7700000000099427       0.46700743771362185     
   4.7800000000099425       0.46154608298605926     
   4.7900000000099423       0.45536304264855110     
   4.8000000000099421       0.44847041320470804     
   4.8100000000099419       0.44088138962329920     
   4.8200000000099417       0.43261024086626937     
   4.8300000000099415       0.42367228377271593     
   4.8400000000099412       0.41408385534565534     
   4.8500000000099410       0.40386228349082209     
   4.8600000000099408       0.39302585625907033     
   4.8700000000099406       0.38159378964618579     
   4.8800000000099404       0.36958619400606030     
   4.8900000000099402       0.35702403913522879     
   4.9000000000099400       0.34392911808871901     
   4.9100000000099397       0.33032400978901033     
   4.9200000000099395       0.31623204049164116     
   4.9300000000099393       0.30167724417264019     
   4.9400000000099391       0.28668432190448301     
   4.9500000000099389       0.27127860028868961     
   4.9600000000099387       0.25548598901448100     
   4.9700000000099385       0.23933293761409849     
   4.9800000000099383       0.22284639148645935     
   4.9900000000099380       0.20605374726177372     
