   9.9999999999999994E-012   0.0000000000000000     
   1.0000000010000001E-002   0.0000000000000000     
   2.0000000010000001E-002   0.0000000000000000     
   3.0000000010000000E-002   0.0000000000000000     
   4.0000000010000002E-002   0.0000000000000000     
   5.0000000010000004E-002   0.0000000000000000     
   6.0000000010000006E-002   0.0000000000000000     
   7.0000000010000007E-002   0.0000000000000000     
   8.0000000010000002E-002   0.0000000000000000     
   9.0000000009999997E-002   0.0000000000000000     
  0.10000000000999999        0.0000000000000000     
  0.11000000000999999        0.0000000000000000     
  0.12000000000999998        0.0000000000000000     
  0.13000000000999998        0.0000000000000000     
  0.14000000000999999        0.0000000000000000     
  0.15000000001000000        0.0000000000000000     
  0.16000000001000000        0.0000000000000000     
  0.17000000001000001        0.0000000000000000     
  0.18000000001000002        0.0000000000000000     
  0.19000000001000003        0.0000000000000000     
  0.20000000001000004        0.0000000000000000     
  0.21000000001000005        0.0000000000000000     
  0.22000000001000006        0.0000000000000000     
  0.23000000001000007        0.0000000000000000     
  0.24000000001000008        0.0000000000000000     
  0.25000000001000006        0.0000000000000000     
  0.26000000001000007        0.0000000000000000     
  0.27000000001000007        0.0000000000000000     
  0.28000000001000008        0.0000000000000000     
  0.29000000001000009        0.0000000000000000     
  0.30000000001000010        0.0000000000000000     
  0.31000000001000011        0.0000000000000000     
  0.32000000001000012        0.0000000000000000     
  0.33000000001000013        0.0000000000000000     
  0.34000000001000014        0.0000000000000000     
  0.35000000001000015        0.0000000000000000     
  0.36000000001000015        0.0000000000000000     
  0.37000000001000016        0.0000000000000000     
  0.38000000001000017        0.0000000000000000     
  0.39000000001000018        0.0000000000000000     
  0.40000000001000019        0.0000000000000000     
  0.41000000001000020        0.0000000000000000     
  0.42000000001000021        0.0000000000000000     
  0.43000000001000022        0.0000000000000000     
  0.44000000001000023        0.0000000000000000     
  0.45000000001000023        0.0000000000000000     
  0.46000000001000024        0.0000000000000000     
  0.47000000001000025        0.0000000000000000     
  0.48000000001000026        0.0000000000000000     
  0.49000000001000027        0.0000000000000000     
  0.50000000001000022        0.0000000000000000     
  0.51000000001000023        0.0000000000000000     
  0.52000000001000024        0.0000000000000000     
  0.53000000001000025        0.0000000000000000     
  0.54000000001000026        0.0000000000000000     
  0.55000000001000027        0.0000000000000000     
  0.56000000001000028        0.0000000000000000     
  0.57000000001000029        0.0000000000000000     
  0.58000000001000029        0.0000000000000000     
  0.59000000001000030        0.0000000000000000     
  0.60000000001000031        0.0000000000000000     
  0.61000000001000032        0.0000000000000000     
  0.62000000001000033        0.0000000000000000     
  0.63000000001000034        0.0000000000000000     
  0.64000000001000035        0.0000000000000000     
  0.65000000001000036        0.0000000000000000     
  0.66000000001000036        0.0000000000000000     
  0.67000000001000037        0.0000000000000000     
  0.68000000001000038        0.0000000000000000     
  0.69000000001000039        0.0000000000000000     
  0.70000000001000040        0.0000000000000000     
  0.71000000001000041        0.0000000000000000     
  0.72000000001000042        0.0000000000000000     
  0.73000000001000043        0.0000000000000000     
  0.74000000001000044        0.0000000000000000     
  0.75000000001000044        0.0000000000000000     
  0.76000000001000045        0.0000000000000000     
  0.77000000001000046        0.0000000000000000     
  0.78000000001000047        0.0000000000000000     
  0.79000000001000048        0.0000000000000000     
  0.80000000001000049        0.0000000000000000     
  0.81000000001000050        0.0000000000000000     
  0.82000000001000051        0.0000000000000000     
  0.83000000001000052        0.0000000000000000     
  0.84000000001000052        0.0000000000000000     
  0.85000000001000053        0.0000000000000000     
  0.86000000001000054        0.0000000000000000     
  0.87000000001000055        0.0000000000000000     
  0.88000000001000056        0.0000000000000000     
  0.89000000001000057        0.0000000000000000     
  0.90000000001000058        0.0000000000000000     
  0.91000000001000059        0.0000000000000000     
  0.92000000001000060        0.0000000000000000     
  0.93000000001000060        0.0000000000000000     
  0.94000000001000061        0.0000000000000000     
  0.95000000001000062        0.0000000000000000     
  0.96000000001000063        0.0000000000000000     
  0.97000000001000064        0.0000000000000000     
  0.98000000001000065        0.0000000000000000     
  0.99000000001000066        0.0000000000000000     
   1.0000000000100007        0.0000000000000000     
   1.0100000000100007        0.0000000000000000     
   1.0200000000100007        0.0000000000000000     
   1.0300000000100007        0.0000000000000000     
   1.0400000000100007        0.0000000000000000     
   1.0500000000100007        0.0000000000000000     
   1.0600000000100007        0.0000000000000000     
   1.0700000000100007        0.0000000000000000     
   1.0800000000100007        0.0000000000000000     
   1.0900000000100007        0.0000000000000000     
   1.1000000000100008        0.0000000000000000     
   1.1100000000100008        0.0000000000000000     
   1.1200000000100008        0.0000000000000000     
   1.1300000000100008        0.0000000000000000     
   1.1400000000100008        0.0000000000000000     
   1.1500000000100008        0.0000000000000000     
   1.1600000000100008        0.0000000000000000     
   1.1700000000100008        0.0000000000000000     
   1.1800000000100008        0.0000000000000000     
   1.1900000000100008        0.0000000000000000     
   1.2000000000100008        0.0000000000000000     
   1.2100000000100009        0.0000000000000000     
   1.2200000000100009        0.0000000000000000     
   1.2300000000100009        0.0000000000000000     
   1.2400000000100009        0.0000000000000000     
   1.2500000000100009        0.0000000000000000     
   1.2600000000100009        0.0000000000000000     
   1.2700000000100009        0.0000000000000000     
   1.2800000000100009        0.0000000000000000     
   1.2900000000100009        0.0000000000000000     
   1.3000000000100009        0.0000000000000000     
   1.3100000000100009        0.0000000000000000     
   1.3200000000100010        0.0000000000000000     
   1.3300000000100010        0.0000000000000000     
   1.3400000000100010        0.0000000000000000     
   1.3500000000100010        0.0000000000000000     
   1.3600000000100010        0.0000000000000000     
   1.3700000000100010        0.0000000000000000     
   1.3800000000100010        0.0000000000000000     
   1.3900000000100010        0.0000000000000000     
   1.4000000000100010        0.0000000000000000     
   1.4100000000100010        0.0000000000000000     
   1.4200000000100010        0.0000000000000000     
   1.4300000000100010        0.0000000000000000     
   1.4400000000100011        0.0000000000000000     
   1.4500000000100011        0.0000000000000000     
   1.4600000000100011        0.0000000000000000     
   1.4700000000100011        0.0000000000000000     
   1.4800000000100011        0.0000000000000000     
   1.4900000000100011        0.0000000000000000     
   1.5000000000100011        0.0000000000000000     
   1.5100000000100011        0.0000000000000000     
   1.5200000000100011        0.0000000000000000     
   1.5300000000100011        0.0000000000000000     
   1.5400000000100011        0.0000000000000000     
   1.5500000000100012        0.0000000000000000     
   1.5600000000100012        0.0000000000000000     
   1.5700000000100012        0.0000000000000000     
   1.5800000000100012        0.0000000000000000     
   1.5900000000100012        0.0000000000000000     
   1.6000000000100012        0.0000000000000000     
   1.6100000000100012        0.0000000000000000     
   1.6200000000100012        0.0000000000000000     
   1.6300000000100012        0.0000000000000000     
   1.6400000000100012        0.0000000000000000     
   1.6500000000100012        0.0000000000000000     
   1.6600000000100013        0.0000000000000000     
   1.6700000000100013        0.0000000000000000     
   1.6800000000100013        0.0000000000000000     
   1.6900000000100013        0.0000000000000000     
   1.7000000000100013        0.0000000000000000     
   1.7100000000100013        0.0000000000000000     
   1.7200000000100013        0.0000000000000000     
   1.7300000000100013        0.0000000000000000     
   1.7400000000100013        0.0000000000000000     
   1.7500000000100013        0.0000000000000000     
   1.7600000000100013        0.0000000000000000     
   1.7700000000100014        0.0000000000000000     
   1.7800000000100014        0.0000000000000000     
   1.7900000000100014        0.0000000000000000     
   1.8000000000100014        0.0000000000000000     
   1.8100000000100014        0.0000000000000000     
   1.8200000000100014        0.0000000000000000     
   1.8300000000100014        0.0000000000000000     
   1.8400000000100014        0.0000000000000000     
   1.8500000000100014        0.0000000000000000     
   1.8600000000100014        0.0000000000000000     
   1.8700000000100014        0.0000000000000000     
   1.8800000000100014        0.0000000000000000     
   1.8900000000100015        0.0000000000000000     
   1.9000000000100015        0.0000000000000000     
   1.9100000000100015        0.0000000000000000     
   1.9200000000100015        0.0000000000000000     
   1.9300000000100015        0.0000000000000000     
   1.9400000000100015        0.0000000000000000     
   1.9500000000100015        0.0000000000000000     
   1.9600000000100015        0.0000000000000000     
   1.9700000000100015        0.0000000000000000     
   1.9800000000100015        0.0000000000000000     
   1.9900000000100015        0.0000000000000000     
   2.0000000000100013        0.0000000000000000     
   2.0100000000100011        0.0000000000000000     
   2.0200000000100009        0.0000000000000000     
   2.0300000000100007        0.0000000000000000     
   2.0400000000100005        0.0000000000000000     
   2.0500000000100003        0.0000000000000000     
   2.0600000000100001        0.0000000000000000     
   2.0700000000099998        0.0000000000000000     
   2.0800000000099996        0.0000000000000000     
   2.0900000000099994        0.0000000000000000     
   2.1000000000099992        0.0000000000000000     
   2.1100000000099990        0.0000000000000000     
   2.1200000000099988        0.0000000000000000     
   2.1300000000099986        0.0000000000000000     
   2.1400000000099983        0.0000000000000000     
   2.1500000000099981        0.0000000000000000     
   2.1600000000099979        0.0000000000000000     
   2.1700000000099977        0.0000000000000000     
   2.1800000000099975        0.0000000000000000     
   2.1900000000099973        0.0000000000000000     
   2.2000000000099971        0.0000000000000000     
   2.2100000000099969        0.0000000000000000     
   2.2200000000099966        0.0000000000000000     
   2.2300000000099964        0.0000000000000000     
   2.2400000000099962        0.0000000000000000     
   2.2500000000099960        0.0000000000000000     
   2.2600000000099958        0.0000000000000000     
   2.2700000000099956        0.0000000000000000     
   2.2800000000099954        0.0000000000000000     
   2.2900000000099952        0.0000000000000000     
   2.3000000000099949        0.0000000000000000     
   2.3100000000099947        0.0000000000000000     
   2.3200000000099945        0.0000000000000000     
   2.3300000000099943        0.0000000000000000     
   2.3400000000099941        0.0000000000000000     
   2.3500000000099939        0.0000000000000000     
   2.3600000000099937        0.0000000000000000     
   2.3700000000099934        0.0000000000000000     
   2.3800000000099932        0.0000000000000000     
   2.3900000000099930        0.0000000000000000     
   2.4000000000099928        0.0000000000000000     
   2.4100000000099926        0.0000000000000000     
   2.4200000000099924        0.0000000000000000     
   2.4300000000099922        0.0000000000000000     
   2.4400000000099920        0.0000000000000000     
   2.4500000000099917        0.0000000000000000     
   2.4600000000099915        0.0000000000000000     
   2.4700000000099913        0.0000000000000000     
   2.4800000000099911        0.0000000000000000     
   2.4900000000099909        0.0000000000000000     
   2.5000000000099907        0.0000000000000000     
   2.5100000000099905        0.0000000000000000     
   2.5200000000099902        0.0000000000000000     
   2.5300000000099900        0.0000000000000000     
   2.5400000000099898        0.0000000000000000     
   2.5500000000099896        0.0000000000000000     
   2.5600000000099894        0.0000000000000000     
   2.5700000000099892        0.0000000000000000     
   2.5800000000099890        0.0000000000000000     
   2.5900000000099888        0.0000000000000000     
   2.6000000000099885        0.0000000000000000     
   2.6100000000099883        0.0000000000000000     
   2.6200000000099881        0.0000000000000000     
   2.6300000000099879        0.0000000000000000     
   2.6400000000099877        0.0000000000000000     
   2.6500000000099875        0.0000000000000000     
   2.6600000000099873        0.0000000000000000     
   2.6700000000099871        0.0000000000000000     
   2.6800000000099868        0.0000000000000000     
   2.6900000000099866        0.0000000000000000     
   2.7000000000099864        0.0000000000000000     
   2.7100000000099862        0.0000000000000000     
   2.7200000000099860        0.0000000000000000     
   2.7300000000099858        0.0000000000000000     
   2.7400000000099856        0.0000000000000000     
   2.7500000000099853        0.0000000000000000     
   2.7600000000099851        0.0000000000000000     
   2.7700000000099849        0.0000000000000000     
   2.7800000000099847        0.0000000000000000     
   2.7900000000099845        0.0000000000000000     
   2.8000000000099843        0.0000000000000000     
   2.8100000000099841        0.0000000000000000     
   2.8200000000099839        0.0000000000000000     
   2.8300000000099836        0.0000000000000000     
   2.8400000000099834        0.0000000000000000     
   2.8500000000099832        0.0000000000000000     
   2.8600000000099830        0.0000000000000000     
   2.8700000000099828        0.0000000000000000     
   2.8800000000099826        0.0000000000000000     
   2.8900000000099824        0.0000000000000000     
   2.9000000000099821        0.0000000000000000     
   2.9100000000099819        0.0000000000000000     
   2.9200000000099817        0.0000000000000000     
   2.9300000000099815        0.0000000000000000     
   2.9400000000099813        0.0000000000000000     
   2.9500000000099811        0.0000000000000000     
   2.9600000000099809        0.0000000000000000     
   2.9700000000099807        0.0000000000000000     
   2.9800000000099804        0.0000000000000000     
   2.9900000000099802        0.0000000000000000     
   3.0000000000099800        0.0000000000000000     
   3.0100000000099798        0.0000000000000000     
   3.0200000000099796        0.0000000000000000     
   3.0300000000099794        0.0000000000000000     
   3.0400000000099792        0.0000000000000000     
   3.0500000000099790        0.0000000000000000     
   3.0600000000099787        0.0000000000000000     
   3.0700000000099785        0.0000000000000000     
   3.0800000000099783        0.0000000000000000     
   3.0900000000099781        0.0000000000000000     
   3.1000000000099779        0.0000000000000000     
   3.1100000000099777        0.0000000000000000     
   3.1200000000099775        0.0000000000000000     
   3.1300000000099772        0.0000000000000000     
   3.1400000000099770        0.0000000000000000     
   3.1500000000099768        0.0000000000000000     
   3.1600000000099766        0.0000000000000000     
   3.1700000000099764        0.0000000000000000     
   3.1800000000099762        0.0000000000000000     
   3.1900000000099760        0.0000000000000000     
   3.2000000000099758        0.0000000000000000     
   3.2100000000099755        0.0000000000000000     
   3.2200000000099753        0.0000000000000000     
   3.2300000000099751        0.0000000000000000     
   3.2400000000099749        0.0000000000000000     
   3.2500000000099747        0.0000000000000000     
   3.2600000000099745        0.0000000000000000     
   3.2700000000099743        0.0000000000000000     
   3.2800000000099740        0.0000000000000000     
   3.2900000000099738        0.0000000000000000     
   3.3000000000099736        0.0000000000000000     
   3.3100000000099734        0.0000000000000000     
   3.3200000000099732        0.0000000000000000     
   3.3300000000099730        0.0000000000000000     
   3.3400000000099728        0.0000000000000000     
   3.3500000000099726        0.0000000000000000     
   3.3600000000099723        0.0000000000000000     
   3.3700000000099721        0.0000000000000000     
   3.3800000000099719        0.0000000000000000     
   3.3900000000099717        0.0000000000000000     
   3.4000000000099715        0.0000000000000000     
   3.4100000000099713        0.0000000000000000     
   3.4200000000099711        0.0000000000000000     
   3.4300000000099709        0.0000000000000000     
   3.4400000000099706        0.0000000000000000     
   3.4500000000099704        0.0000000000000000     
   3.4600000000099702        0.0000000000000000     
   3.4700000000099700        0.0000000000000000     
   3.4800000000099698        0.0000000000000000     
   3.4900000000099696        0.0000000000000000     
   3.5000000000099694        0.0000000000000000     
   3.5100000000099691        0.0000000000000000     
   3.5200000000099689        0.0000000000000000     
   3.5300000000099687        0.0000000000000000     
   3.5400000000099685        0.0000000000000000     
   3.5500000000099683        0.0000000000000000     
   3.5600000000099681        0.0000000000000000     
   3.5700000000099679        0.0000000000000000     
   3.5800000000099677        0.0000000000000000     
   3.5900000000099674        0.0000000000000000     
   3.6000000000099672        0.0000000000000000     
   3.6100000000099670        0.0000000000000000     
   3.6200000000099668        0.0000000000000000     
   3.6300000000099666        0.0000000000000000     
   3.6400000000099664        0.0000000000000000     
   3.6500000000099662        0.0000000000000000     
   3.6600000000099659        0.0000000000000000     
   3.6700000000099657        0.0000000000000000     
   3.6800000000099655        0.0000000000000000     
   3.6900000000099653        0.0000000000000000     
   3.7000000000099651        0.0000000000000000     
   3.7100000000099649        0.0000000000000000     
   3.7200000000099647        0.0000000000000000     
   3.7300000000099645        0.0000000000000000     
   3.7400000000099642        0.0000000000000000     
   3.7500000000099640        0.0000000000000000     
   3.7600000000099638        0.0000000000000000     
   3.7700000000099636        0.0000000000000000     
   3.7800000000099634        0.0000000000000000     
   3.7900000000099632        0.0000000000000000     
   3.8000000000099630        0.0000000000000000     
   3.8100000000099628        0.0000000000000000     
   3.8200000000099625        0.0000000000000000     
   3.8300000000099623        0.0000000000000000     
   3.8400000000099621        0.0000000000000000     
   3.8500000000099619        0.0000000000000000     
   3.8600000000099617        0.0000000000000000     
   3.8700000000099615        0.0000000000000000     
   3.8800000000099613        0.0000000000000000     
   3.8900000000099610        0.0000000000000000     
   3.9000000000099608        0.0000000000000000     
   3.9100000000099606        0.0000000000000000     
   3.9200000000099604        0.0000000000000000     
   3.9300000000099602        0.0000000000000000     
   3.9400000000099600        0.0000000000000000     
   3.9500000000099598        0.0000000000000000     
   3.9600000000099596        0.0000000000000000     
   3.9700000000099593        0.0000000000000000     
   3.9800000000099591        0.0000000000000000     
   3.9900000000099589        0.0000000000000000     
   4.0000000000099591        0.0000000000000000     
   4.0100000000099589        0.0000000000000000     
   4.0200000000099587        0.0000000000000000     
   4.0300000000099585        0.0000000000000000     
   4.0400000000099583        0.0000000000000000     
   4.0500000000099581        0.0000000000000000     
   4.0600000000099579        0.0000000000000000     
   4.0700000000099577        0.0000000000000000     
   4.0800000000099574        0.0000000000000000     
   4.0900000000099572        0.0000000000000000     
   4.1000000000099570        0.0000000000000000     
   4.1100000000099568        0.0000000000000000     
   4.1200000000099566        0.0000000000000000     
   4.1300000000099564        0.0000000000000000     
   4.1400000000099562        0.0000000000000000     
   4.1500000000099559        0.0000000000000000     
   4.1600000000099557        0.0000000000000000     
   4.1700000000099555        0.0000000000000000     
   4.1800000000099553        0.0000000000000000     
   4.1900000000099551        0.0000000000000000     
   4.2000000000099549        0.0000000000000000     
   4.2100000000099547        0.0000000000000000     
   4.2200000000099545        0.0000000000000000     
   4.2300000000099542        0.0000000000000000     
   4.2400000000099540        0.0000000000000000     
   4.2500000000099538        0.0000000000000000     
   4.2600000000099536        0.0000000000000000     
   4.2700000000099534        0.0000000000000000     
   4.2800000000099532        0.0000000000000000     
   4.2900000000099530        0.0000000000000000     
   4.3000000000099527        0.0000000000000000     
   4.3100000000099525        0.0000000000000000     
   4.3200000000099523        0.0000000000000000     
   4.3300000000099521        0.0000000000000000     
   4.3400000000099519        0.0000000000000000     
   4.3500000000099517        0.0000000000000000     
   4.3600000000099515        0.0000000000000000     
   4.3700000000099513        0.0000000000000000     
   4.3800000000099510        0.0000000000000000     
   4.3900000000099508        0.0000000000000000     
   4.4000000000099506        0.0000000000000000     
   4.4100000000099504        0.0000000000000000     
   4.4200000000099502        0.0000000000000000     
   4.4300000000099500        0.0000000000000000     
   4.4400000000099498        0.0000000000000000     
   4.4500000000099496        0.0000000000000000     
   4.4600000000099493        0.0000000000000000     
   4.4700000000099491        0.0000000000000000     
   4.4800000000099489        0.0000000000000000     
   4.4900000000099487        0.0000000000000000     
   4.5000000000099485        0.0000000000000000     
   4.5100000000099483        0.0000000000000000     
   4.5200000000099481        0.0000000000000000     
   4.5300000000099478        0.0000000000000000     
   4.5400000000099476        0.0000000000000000     
   4.5500000000099474        0.0000000000000000     
   4.5600000000099472        0.0000000000000000     
   4.5700000000099470        0.0000000000000000     
   4.5800000000099468        0.0000000000000000     
   4.5900000000099466        0.0000000000000000     
   4.6000000000099464        0.0000000000000000     
   4.6100000000099461        0.0000000000000000     
   4.6200000000099459        0.0000000000000000     
   4.6300000000099457        0.0000000000000000     
   4.6400000000099455        0.0000000000000000     
   4.6500000000099453        0.0000000000000000     
   4.6600000000099451        0.0000000000000000     
   4.6700000000099449        0.0000000000000000     
   4.6800000000099446        0.0000000000000000     
   4.6900000000099444        0.0000000000000000     
   4.7000000000099442        0.0000000000000000     
   4.7100000000099440        0.0000000000000000     
   4.7200000000099438        0.0000000000000000     
   4.7300000000099436        0.0000000000000000     
   4.7400000000099434        0.0000000000000000     
   4.7500000000099432        0.0000000000000000     
   4.7600000000099429        0.0000000000000000     
   4.7700000000099427        0.0000000000000000     
   4.7800000000099425        0.0000000000000000     
   4.7900000000099423        0.0000000000000000     
   4.8000000000099421        0.0000000000000000     
   4.8100000000099419        0.0000000000000000     
   4.8200000000099417        0.0000000000000000     
   4.8300000000099415        0.0000000000000000     
   4.8400000000099412        0.0000000000000000     
   4.8500000000099410        0.0000000000000000     
   4.8600000000099408        0.0000000000000000     
   4.8700000000099406        0.0000000000000000     
   4.8800000000099404        0.0000000000000000     
   4.8900000000099402        0.0000000000000000     
   4.9000000000099400        0.0000000000000000     
   4.9100000000099397        0.0000000000000000     
   4.9200000000099395        0.0000000000000000     
   4.9300000000099393        0.0000000000000000     
   4.9400000000099391        0.0000000000000000     
   4.9500000000099389        0.0000000000000000     
   4.9600000000099387        0.0000000000000000     
   4.9700000000099385        0.0000000000000000     
   4.9800000000099383        0.0000000000000000     
   4.9900000000099380        0.0000000000000000     
