   9.9999999999999994E-012  0.97298607538915560     
   1.0000000010000001E-002  0.97259475991254107     
   2.0000000010000001E-002  0.97142163884831001     
   3.0000000010000000E-002  0.96946915723677518     
   4.0000000010000002E-002  0.96674129046309043     
   5.0000000010000004E-002  0.96324340759254512     
   6.0000000010000006E-002  0.95898210324727828     
   7.0000000010000007E-002  0.95396501606649886     
   8.0000000010000002E-002  0.94820065109050744     
   9.0000000009999997E-002  0.94169822039924522     
  0.10000000000999999       0.93446751193701849     
  0.11000000000999999       0.92651879166233297     
  0.12000000000999998       0.91786273979339494     
  0.13000000000999998       0.90851041850374403     
  0.14000000000999999       0.89847326616775158     
  0.15000000001000000       0.88776311211925896     
  0.16000000001000000       0.87639220566766429     
  0.17000000001000001       0.86437325354818262     
  0.18000000001000002       0.85171946080482852     
  0.19000000001000003       0.83844457109803339     
  0.20000000001000004       0.82456290343560856     
  0.21000000001000005       0.81008938324614166     
  0.22000000001000006       0.79503956649598773     
  0.23000000001000007       0.77942965617790116     
  0.24000000001000008       0.76327651097600135     
  0.25000000001000006       0.74659764625678826     
  0.26000000001000007       0.72941122776955969     
  0.27000000001000007       0.71173605858879363     
  0.28000000001000008       0.69359155991458665     
  0.29000000001000009       0.67499774638294741     
  0.30000000001000010       0.65597519654167735     
  0.31000000001000011       0.63654501912999484     
  0.32000000001000012       0.61672881576926686     
  0.33000000001000013       0.59654864063428570     
  0.34000000001000014       0.57602695763348022     
  0.35000000001000015       0.55518659558496530     
  0.36000000001000015       0.53405070183508763     
  0.37000000001000016       0.51264269472802915     
  0.38000000001000017       0.49098621529956182     
  0.39000000001000018       0.46910507853531103     
  0.40000000001000019       0.44702322450380017     
  0.41000000001000020       0.42476466964693760     
  0.42000000001000021       0.40235345848521586     
  0.43000000001000022       0.37981361597147212     
  0.44000000001000023       0.35716910070514901     
  0.45000000001000023       0.33444375919891067     
  0.46000000001000024       0.31166128137034949     
  0.47000000001000025       0.28884515741321487     
  0.48000000001000026       0.26601863618599964     
  0.49000000001000027       0.24320468523910860     
  0.50000000001000022       0.22042595258638187     
  0.51000000001000023       0.19770473031184682     
  0.52000000001000024       0.17506292008828001     
  0.53000000001000025       0.15252200067045696     
  0.54000000001000026       0.13010299741283576     
  0.55000000001000027       0.10782645384885114     
  0.56000000001000028        8.5712405357000809E-002
  0.57000000001000029        6.3780354927487792E-002
  0.58000000001000029        4.2049251032357411E-002
  0.59000000001000030        2.0537467591848373E-002
  0.60000000001000031       -7.3721397992158671E-004
  0.61000000001000032       -2.1757620675777883E-002
  0.62000000001000033       -4.2507201776981862E-002
  0.63000000001000034       -6.2970040757217585E-002
  0.64000000001000035       -8.3130865257898950E-002
  0.65000000001000036      -0.10297505518995956     
  0.66000000001000036      -0.12248864902296022     
  0.67000000001000037      -0.14165834832736249     
  0.68000000001000038      -0.16047152064017692     
  0.69000000001000039      -0.17891620072791767     
  0.70000000001000040      -0.19698109032388808     
  0.71000000001000041      -0.21465555641931228     
  0.72000000001000042      -0.23192962818973042     
  0.73000000001000043      -0.24879399263941399     
  0.74000000001000044      -0.26523998904736396     
  0.75000000001000044      -0.28125960229874669     
  0.76000000001000045      -0.29684545518544569     
  0.77000000001000046      -0.31199079975877375     
  0.78000000001000047      -0.32668950781634803     
  0.79000000001000048      -0.34093606060370457     
  0.80000000001000049      -0.35472553780945421     
  0.81000000001000050      -0.36805360593069447     
  0.82000000001000051      -0.38091650608301647     
  0.83000000001000052      -0.39331104132683226     
  0.84000000001000052      -0.40523456357890597     
  0.85000000001000053      -0.41668496017495527     
  0.86000000001000054      -0.42766064014601052     
  0.87000000001000055      -0.43816052026792240     
  0.88000000001000056      -0.44818401094000360     
  0.89000000001000057      -0.45773100194533078     
  0.90000000001000058      -0.46680184814171388     
  0.91000000001000059      -0.47539735512880482     
  0.92000000001000060      -0.48351876493328794     
  0.93000000001000060      -0.49116774175057698     
  0.94000000001000061      -0.49834635777797648     
  0.95000000001000062      -0.50505707917084242     
  0.96000000001000063      -0.51130275214994714     
  0.97000000001000064      -0.51708658928498685     
  0.98000000001000065      -0.52241215597602797     
  0.99000000001000066      -0.52728335715163799     
   1.0000000000100007      -0.53170442419952868     
   1.0100000000100007      -0.53567990214274952     
   1.0200000000100007      -0.53921463707181050     
   1.0300000000100007      -0.54231376384060481     
   1.0400000000100007      -0.54498269403163380     
   1.0500000000100007      -0.54722710419382392     
   1.0600000000100007      -0.54905292435416386     
   1.0700000000100007      -0.55046632680248364     
   1.0800000000100007      -0.55147371514694798     
   1.0900000000100007      -0.55208171363623770     
   1.1000000000100008      -0.55229715674295810     
   1.1100000000100008      -0.55212707900152269     
   1.1200000000100008      -0.55157870509261864     
   1.1300000000100008      -0.55065944016538293     
   1.1400000000100008      -0.54937686038756239     
   1.1500000000100008      -0.54773870371323352     
   1.1600000000100008      -0.54575286085708763     
   1.1700000000100008      -0.54342736646385004     
   1.1800000000100008      -0.54077039046109365     
   1.1900000000100008      -0.53779022958352063     
   1.2000000000100008      -0.53449529905670579     
   1.2100000000100009      -0.53089412442833905     
   1.2200000000100009      -0.52699533353514028     
   1.2300000000100009      -0.52280764859385576     
   1.2400000000100009      -0.51833987840507556     
   1.2500000000100009      -0.51360091065902047     
   1.2600000000100009      -0.50859970433293600     
   1.2700000000100009      -0.50334528217029229     
   1.2800000000100009      -0.49784672323260848     
   1.2900000000100009      -0.49211315551540469     
   1.3000000000100009      -0.48615374862051269     
   1.3100000000100009      -0.47997770647775051     
   1.3200000000100010      -0.47359426010977701     
   1.3300000000100010      -0.46701266043478651     
   1.3400000000100010      -0.46024217110256183     
   1.3500000000100010      -0.45329206136029160     
   1.3600000000100010      -0.44617159894544578     
   1.3700000000100010      -0.43889004300390450     
   1.3800000000100010      -0.43145663703242254     
   1.3900000000100010      -0.42388060184541282     
   1.4000000000100010      -0.41617112856689459     
   1.4100000000100010      -0.40833737164931855     
   1.4200000000100010      -0.40038844192181211     
   1.4300000000100010      -0.39233339967119457     
   1.4400000000100011      -0.38418124775988810     
   1.4500000000100011      -0.37594092478558522     
   1.4600000000100011      -0.36762129828823292     
   1.4700000000100011      -0.35923115801054789     
   1.4800000000100011      -0.35077920921887734     
   1.4900000000100011      -0.34227406609178651     
   1.5000000000100011      -0.33372424518424565     
   1.5100000000100011      -0.32513815897574816     
   1.5200000000100011      -0.31652410951107668     
   1.5300000000100011      -0.30789028214277647     
   1.5400000000100011      -0.29924473938466101     
   1.5500000000100012      -0.29059541488590362     
   1.5600000000100012      -0.28195010753541416     
   1.5700000000100012      -0.27331647570630657     
   1.5800000000100012      -0.26470203165029427     
   1.5900000000100012      -0.25611413605183292     
   1.6000000000100012      -0.24755999275175208     
   1.6100000000100012      -0.23904664364998318     
   1.6200000000100012      -0.23058096379680010     
   1.6300000000100012      -0.22216965668175268     
   1.6400000000100012      -0.21381924972917871     
   1.6500000000100012      -0.20553609000884121     
   1.6600000000100013      -0.19732634016985692     
   1.6700000000100013      -0.18919597460565088     
   1.6800000000100013      -0.18115077585721090     
   1.6900000000100013      -0.17319633126141176     
   1.7000000000100013      -0.16533802985064455     
   1.7100000000100013      -0.15758105950942336     
   1.7200000000100013      -0.14993040439305211     
   1.7300000000100013      -0.14239084261282062     
   1.7400000000100013      -0.13496694419156990     
   1.7500000000100013      -0.12766306929281826     
   1.7600000000100013      -0.12048336672598343     
   1.7700000000100014      -0.11343177272956828     
   1.7800000000100014      -0.10651201003350670     
   1.7900000000100014       -9.9727587201193110E-002
   1.8000000000100014       -9.3081798251049314E-002
   1.8100000000100014       -8.6577722556813660E-002
   1.8200000000100014       -8.0218225025082537E-002
   1.8300000000100014       -7.4005956547983767E-002
   1.8400000000100014       -6.7943354728230237E-002
   1.8500000000100014       -6.2032644873182094E-002
   1.8600000000100014       -5.6275841253949035E-002
   1.8700000000100014       -5.0674748624982849E-002
   1.8800000000100014       -4.5230963999057655E-002
   1.8900000000100015       -3.9945878672001368E-002
   1.9000000000100015       -3.4820680491038196E-002
   1.9100000000100015       -2.9856356360124681E-002
   1.9200000000100015       -2.5053694975211545E-002
   1.9300000000100015       -2.0413289781946543E-002
   1.9400000000100015       -1.5935542147944334E-002
   1.9500000000100015       -1.1620664741392533E-002
   1.9600000000100015       -7.4686851074386700E-003
   1.9700000000100015       -3.4794494335091812E-003
   1.9800000000100015        3.4737350554876338E-004
   1.9900000000100015        4.0122882318398469E-003
   2.0000000000100013        7.5159682878432705E-003
   2.0100000000100011        1.0859251808583645E-002
   2.0200000000100009        1.4043136952384318E-002
   2.0300000000100007        1.7068777200139211E-002
   2.0400000000100005        1.9937476533113795E-002
   2.0500000000100003        2.2650684499330449E-002
   2.0600000000100001        2.5209991178608854E-002
   2.0700000000099998        2.7617122056324196E-002
   2.0800000000099996        2.9873932815907157E-002
   2.0900000000099994        3.1982404060050505E-002
   2.1000000000099992        3.3944635970501860E-002
   2.1100000000099990        3.5762842916215856E-002
   2.1200000000099988        3.7439348019510883E-002
   2.1300000000099986        3.8976577689727988E-002
   2.1400000000099983        4.0377056133724311E-002
   2.1500000000099981        4.1643399852350757E-002
   2.1600000000099979        4.2778312131862721E-002
   2.1700000000099977        4.3784577539003833E-002
   2.1800000000099975        4.4665056428272384E-002
   2.1900000000099973        4.5422679469644740E-002
   2.2000000000099971        4.6060442204781268E-002
   2.2100000000099969        4.6581399639480665E-002
   2.2200000000099966        4.6988660879885250E-002
   2.2300000000099964        4.7285383819663816E-002
   2.2400000000099962        4.7474769885121990E-002
   2.2500000000099960        4.7560058844904218E-002
   2.2600000000099958        4.7544523690664232E-002
   2.2700000000099956        4.7431465594790043E-002
   2.2800000000099954        4.7224208950976357E-002
   2.2900000000099952        4.6926096503142264E-002
   2.3000000000099949        4.6540484567898402E-002
   2.3100000000099947        4.6070738355472284E-002
   2.3200000000099945        4.5520227393707070E-002
   2.3300000000099943        4.4892321059456952E-002
   2.3400000000099941        4.4190384221412089E-002
   2.3500000000099939        4.3417772998098979E-002
   2.3600000000099937        4.2577830634517116E-002
   2.3700000000099934        4.1673883500592264E-002
   2.3800000000099932        4.0709237214350172E-002
   2.3900000000099930        3.9687172892441239E-002
   2.4000000000099928        3.8610943530377979E-002
   2.4100000000099926        3.7483770514585645E-002
   2.4200000000099924        3.6308840268105450E-002
   2.4300000000099922        3.5089301031538830E-002
   2.4400000000099920        3.3828259780572627E-002
   2.4500000000099917        3.2528779281182127E-002
   2.4600000000099915        3.1193875283374427E-002
   2.4700000000099913        2.9826513854101223E-002
   2.4800000000099911        2.8429608849747785E-002
   2.4900000000099909        2.7006019528383766E-002
   2.5000000000099907        2.5558548301750018E-002
   2.5100000000099905        2.4089938626747305E-002
   2.5200000000099902        2.2602873035992923E-002
   2.5300000000099900        2.1099971306815644E-002
   2.5400000000099898        1.9583788767869970E-002
   2.5500000000099896        1.8056814742369469E-002
   2.5600000000099894        1.6521471126760574E-002
   2.5700000000099892        1.4980111103487809E-002
   2.5800000000099890        1.3435017986338227E-002
   2.5900000000099888        1.1888404196692084E-002
   2.6000000000099885        1.0342410368856116E-002
   2.6100000000099883        8.7991045825085122E-003
   2.6200000000099881        7.2604817201446462E-003
   2.6300000000099879        5.7284629472784147E-003
   2.6400000000099877        4.2048953130256637E-003
   2.6500000000099875        2.6915514685747917E-003
   2.6600000000099873        1.1901295009329334E-003
   2.6700000000099871       -2.9774712077313412E-004
   2.6800000000099868       -1.7705294892659221E-003
   2.6900000000099866       -3.2267430962782326E-003
   2.7000000000099864       -4.6649875659201118E-003
   2.7100000000099862       -6.0839362873493629E-003
   2.7200000000099860       -7.4823359499248008E-003
   2.7300000000099858       -8.8590059840914417E-003
   2.7400000000099856       -1.0212837911315654E-002
   2.7500000000099853       -1.1542794606447141E-002
   2.7600000000099851       -1.2847909475940259E-002
   2.7700000000099849       -1.4127285555413833E-002
   2.7800000000099847       -1.5380094530071753E-002
   2.7900000000099845       -1.6605575681541224E-002
   2.8000000000099843       -1.7803034764716251E-002
   2.8100000000099841       -1.8971842818216327E-002
   2.8200000000099839       -2.0111434912088395E-002
   2.8300000000099836       -2.1221308836391475E-002
   2.8400000000099834       -2.2301023734308183E-002
   2.8500000000099832       -2.3350198683427859E-002
   2.8600000000099830       -2.4368511228838770E-002
   2.8700000000099828       -2.5355695871655714E-002
   2.8800000000099826       -2.6311542516590569E-002
   2.8900000000099824       -2.7235894882151512E-002
   2.9000000000099821       -2.8128648877026586E-002
   2.9100000000099819       -2.8989750946174626E-002
   2.9200000000099817       -2.9819196390106755E-002
   2.9300000000099815       -3.0617027660797231E-002
   2.9400000000099813       -3.1383332637614864E-002
   2.9500000000099811       -3.2118242886610950E-002
   2.9600000000099809       -3.2821931906442718E-002
   2.9700000000099807       -3.3494613364148204E-002
   2.9800000000099804       -3.4136539323921869E-002
   2.9900000000099802       -3.4747998471969847E-002
   3.0000000000099800       -3.5329314340449773E-002
   3.0100000000099798       -3.5880843533421067E-002
   3.0200000000099796       -3.6402973957651567E-002
   3.0300000000099794       -3.6896123061042160E-002
   3.0400000000099792       -3.7360736081342161E-002
   3.0500000000099790       -3.7797284307741347E-002
   3.0600000000099787       -3.8206263357829111E-002
   3.0700000000099785       -3.8588191472319434E-002
   3.0800000000099783       -3.8943607829842276E-002
   3.0900000000099781       -3.9273070884005029E-002
   3.1000000000099779       -3.9577156724827221E-002
   3.1100000000099777       -3.9856457466551684E-002
   3.1200000000099775       -4.0111579663732556E-002
   3.1300000000099772       -4.0343142757399128E-002
   3.1400000000099770       -4.0551777552989776E-002
   3.1500000000099768       -4.0738124731648229E-002
   3.1600000000099766       -4.0902833396369007E-002
   3.1700000000099764       -4.1046559654376966E-002
   3.1800000000099762       -4.1169965237020614E-002
   3.1900000000099760       -4.1273716158357683E-002
   3.2000000000099758       -4.1358481413507620E-002
   3.2100000000099755       -4.1424931717745306E-002
   3.2200000000099753       -4.1473738287209148E-002
   3.2300000000099751       -4.1505571661997982E-002
   3.2400000000099749       -4.1521100572332589E-002
   3.2500000000099747       -4.1520990848362208E-002
   3.2600000000099745       -4.1505904374100615E-002
   3.2700000000099743       -4.1476498085883814E-002
   3.2800000000099740       -4.1433423015651075E-002
   3.2900000000099738       -4.1377323379260054E-002
   3.3000000000099736       -4.1308835709962008E-002
   3.3100000000099734       -4.1228588037077400E-002
   3.3200000000099732       -4.1137199109829617E-002
   3.3300000000099730       -4.1035277666215543E-002
   3.3400000000099728       -4.0923421746713942E-002
   3.3500000000099726       -4.0802218052557862E-002
   3.3600000000099723       -4.0672241348225370E-002
   3.3700000000099721       -4.0534053907733701E-002
   3.3800000000099719       -4.0388205004255072E-002
   3.3900000000099717       -4.0235230442508915E-002
   3.4000000000099715       -4.0075652133324549E-002
   3.4100000000099713       -3.9909977709709651E-002
   3.4200000000099711       -3.9738700183706198E-002
   3.4300000000099709       -3.9562297643261655E-002
   3.4400000000099706       -3.9381232988295552E-002
   3.4500000000099704       -3.9195953705094558E-002
   3.4600000000099702       -3.9006891678126342E-002
   3.4700000000099700       -3.8814463038321291E-002
   3.4800000000099698       -3.8619068046835799E-002
   3.4900000000099696       -3.8421091013273713E-002
   3.5000000000099694       -3.8220900247313436E-002
   3.5100000000099691       -3.8018848042658218E-002
   3.5200000000099689       -3.7815270692201738E-002
   3.5300000000099687       -3.7610488533278461E-002
   3.5400000000099685       -3.7404806021847786E-002
   3.5500000000099683       -3.7198511834443761E-002
   3.5600000000099681       -3.6991878996707736E-002
   3.5700000000099679       -3.6785165037309143E-002
   3.5800000000099677       -3.6578612166050239E-002
   3.5900000000099674       -3.6372447474944246E-002
   3.6000000000099672       -3.6166883161051676E-002
   3.6100000000099670       -3.5962116769858089E-002
   3.6200000000099668       -3.5758331457977202E-002
   3.6300000000099666       -3.5555696273966264E-002
   3.6400000000099664       -3.5354366456045214E-002
   3.6500000000099662       -3.5154483745519813E-002
   3.6600000000099659       -3.4956176714717235E-002
   3.6700000000099657       -3.4759561108254920E-002
   3.6800000000099655       -3.4564740196476741E-002
   3.6900000000099653       -3.4371805139906488E-002
   3.7000000000099651       -3.4180835363585030E-002
   3.7100000000099649       -3.3991898940177658E-002
   3.7200000000099647       -3.3805052980757942E-002
   3.7300000000099645       -3.3620344032196867E-002
   3.7400000000099642       -3.3437808480110173E-002
   3.7500000000099640       -3.3257472956341051E-002
   3.7600000000099638       -3.3079354749982678E-002
   3.7700000000099636       -3.2903462220972055E-002
   3.7800000000099634       -3.2729795215315528E-002
   3.7900000000099632       -3.2558345481036276E-002
   3.8000000000099630       -3.2389097083964501E-002
   3.8100000000099628       -3.2222026822522967E-002
   3.8200000000099625       -3.2057104640692315E-002
   3.8300000000099623       -3.1894294038374398E-002
   3.8400000000099621       -3.1733552478404432E-002
   3.8500000000099619       -3.1574831789497784E-002
   3.8600000000099617       -3.1418078564450905E-002
   3.8700000000099615       -3.1263234552951512E-002
   3.8800000000099613       -3.1110237048387057E-002
   3.8900000000099610       -3.0959019268076961E-002
   3.9000000000099608       -3.0809510726388222E-002
   3.9100000000099606       -3.0661637600229875E-002
   3.9200000000099604       -3.0515323086456540E-002
   3.9300000000099602       -3.0370487750746640E-002
   3.9400000000099600       -3.0227049867554999E-002
   3.9500000000099598       -3.0084925750774493E-002
   3.9600000000099596       -2.9944030074775058E-002
   3.9700000000099593       -2.9804276185522026E-002
   3.9800000000099591       -2.9665576401508735E-002
   3.9900000000099589       -2.9527842304270947E-002
   4.0000000000099591       -2.9390985018282356E-002
   4.0100000000099589       -2.9254915480061327E-002
   4.0200000000099587       -2.9119544696350152E-002
   4.0300000000099585       -2.8984783991256723E-002
   4.0400000000099583       -2.8850545242278237E-002
   4.0500000000099581       -2.8716741105153855E-002
   4.0600000000099579       -2.8583285227520537E-002
   4.0700000000099577       -2.8450092451372276E-002
   4.0800000000099574       -2.8317079004348232E-002
   4.0900000000099572       -2.8184162679898799E-002
   4.1000000000099570       -2.8051263006402982E-002
   4.1100000000099568       -2.7918301405330866E-002
   4.1200000000099566       -2.7785201338567565E-002
   4.1300000000099564       -2.7651888445033867E-002
   4.1400000000099562       -2.7518290666758316E-002
   4.1500000000099559       -2.7384338364573109E-002
   4.1600000000099557       -2.7249964423622753E-002
   4.1700000000099555       -2.7115104348890296E-002
   4.1800000000099553       -2.6979696350960404E-002
   4.1900000000099551       -2.6843681422252120E-002
   4.2000000000099549       -2.6707003403966499E-002
   4.2100000000099547       -2.6569609044005592E-002
   4.2200000000099545       -2.6431448046130068E-002
   4.2300000000099542       -2.6292473110631136E-002
   4.2400000000099540       -2.6152639966801887E-002
   4.2500000000099538       -2.6011907397499506E-002
   4.2600000000099536       -2.5870237256096558E-002
   4.2700000000099534       -2.5727594476125021E-002
   4.2800000000099532       -2.5583947073920969E-002
   4.2900000000099530       -2.5439266144581418E-002
   4.3000000000099527       -2.5293525851547660E-002
   4.3100000000099525       -2.5146703410131043E-002
   4.3200000000099523       -2.4998779065298463E-002
   4.3300000000099521       -2.4849736064034598E-002
   4.3400000000099519       -2.4699560622597965E-002
   4.3500000000099517       -2.4548241888986071E-002
   4.3600000000099515       -2.4395771900923364E-002
   4.3700000000099513       -2.4242145539682770E-002
   4.3800000000099510       -2.4087360480048566E-002
   4.3900000000099508       -2.3931417136724382E-002
   4.4000000000099506       -2.3774318607485367E-002
   4.4100000000099504       -2.3616070613369251E-002
   4.4200000000099502       -2.3456681436194660E-002
   4.4300000000099500       -2.3296161853689844E-002
   4.4400000000099498       -2.3134525072507843E-002
   4.4500000000099496       -2.2971786659397701E-002
   4.4600000000099493       -2.2807964470793984E-002
   4.4700000000099491       -2.2643078581078880E-002
   4.4800000000099489       -2.2477151209763700E-002
   4.4900000000099487       -2.2310206647827947E-002
   4.5000000000099485       -2.2142271183445632E-002
   4.5100000000099483       -2.1973373027319859E-002
   4.5200000000099481       -2.1803542237837360E-002
   4.5300000000099478       -2.1632810646245792E-002
   4.5400000000099476       -2.1461211782046762E-002
   4.5500000000099474       -2.1288780798788359E-002
   4.5600000000099472       -2.1115554400431179E-002
   4.5700000000099470       -2.0941570768451719E-002
   4.5800000000099468       -2.0766869489837730E-002
   4.5900000000099466       -2.0591491486119606E-002
   4.6000000000099464       -2.0415478943572540E-002
   4.6100000000099461       -2.0238875244713510E-002
   4.6200000000099459       -2.0061724901207910E-002
   4.6300000000099457       -1.9884073488290362E-002
   4.6400000000099455       -1.9705967580794431E-002
   4.6500000000099453       -1.9527454690876172E-002
   4.6600000000099451       -1.9348583207507073E-002
   4.6700000000099449       -1.9169402337801962E-002
   4.6800000000099446       -1.8989962050238316E-002
   4.6900000000099444       -1.8810313019814159E-002
   4.7000000000099442       -1.8630506575182539E-002
   4.7100000000099440       -1.8450594647791804E-002
   4.7200000000099438       -1.8270629723052080E-002
   4.7300000000099436       -1.8090664793540222E-002
   4.7400000000099434       -1.7910753314246828E-002
   4.7500000000099432       -1.7730949159861627E-002
   4.7600000000099429       -1.7551306584085258E-002
   4.7700000000099427       -1.7371880180948464E-002
   4.7800000000099425       -1.7192724848112718E-002
   4.7900000000099423       -1.7013895752119288E-002
   4.8000000000099421       -1.6835448295547686E-002
   4.8100000000099419       -1.6657438086038135E-002
   4.8200000000099417       -1.6479920907127049E-002
   4.8300000000099415       -1.6302952690839513E-002
   4.8400000000099412       -1.6126589491977247E-002
   4.8500000000099410       -1.5950887464036400E-002
   4.8600000000099408       -1.5775902836685375E-002
   4.8700000000099406       -1.5601691894728653E-002
   4.8800000000099404       -1.5428310958479897E-002
   4.8900000000099402       -1.5255816365464095E-002
   4.9000000000099400       -1.5084264453366261E-002
   4.9100000000099397       -1.4913711544141856E-002
   4.9200000000099395       -1.4744213929202683E-002
   4.9300000000099393       -1.4575827855590506E-002
   4.9400000000099391       -1.4408609513049472E-002
   4.9500000000099389       -1.4242615021908645E-002
   4.9600000000099387       -1.4077900421684986E-002
   4.9700000000099385       -1.3914521660318143E-002
   4.9800000000099383       -1.3752534583948501E-002
   4.9900000000099380       -1.3591994927151626E-002
