   9.9999999999999994E-012  0.97298607538915560     
   1.0000000010000001E-002  0.97191714441096921     
   2.0000000010000001E-002  0.96835433154068051     
   3.0000000010000000E-002  0.96234318279376319     
   4.0000000010000002E-002  0.95395787745585747     
   5.0000000010000004E-002  0.94329745744210736     
   6.0000000010000006E-002  0.93048121786167370     
   7.0000000010000007E-002  0.91564361122982896     
   8.0000000010000002E-002  0.89892909760302564     
   9.0000000009999997E-002  0.88048730871521186     
  0.10000000000999999       0.86046879622110084     
  0.11000000000999999       0.83902152501994487     
  0.12000000000999998       0.81628817118940611     
  0.13000000000999998       0.79240420247772014     
  0.14000000000999999       0.76749666271479344     
  0.15000000001000000       0.74168354939871362     
  0.16000000001000000       0.71507366193997057     
  0.17000000001000001       0.68776680130158374     
  0.18000000001000002       0.65985421418107304     
  0.19000000001000003       0.63141919207781860     
  0.20000000001000004       0.60253775401102505     
  0.21000000001000005       0.57327935912106942     
  0.22000000001000006       0.54370761067237561     
  0.23000000001000007       0.51388092558304366     
  0.24000000001000008       0.48385315351286629     
  0.25000000001000006       0.45367413699593334     
  0.26000000001000007       0.42339020947822348     
  0.27000000001000007       0.39304463182070720     
  0.28000000001000008       0.36267797023217818     
  0.29000000001000009       0.33232842003420443     
  0.30000000001000010       0.30203208039943641     
  0.31000000001000011       0.27182318546816764     
  0.32000000001000012       0.24173429718046263     
  0.33000000001000013       0.21179646489941181     
  0.34000000001000014       0.18203935651407796     
  0.35000000001000015       0.15249136528772556     
  0.36000000001000015       0.12317969623446860     
  0.37000000001000016        9.4130435386813344E-002
  0.38000000001000017        6.5368604882912879E-002
  0.39000000001000018        3.6918206405584977E-002
  0.40000000001000019        8.8022551642609921E-003
  0.41000000001000020       -1.8957193704234775E-002
  0.42000000001000021       -4.6339024717878929E-002
  0.43000000001000022       -7.3323046343461470E-002
  0.44000000001000023       -9.9889978664439064E-002
  0.45000000001000023      -0.12602144374562188     
  0.46000000001000024      -0.15169995770105205     
  0.47000000001000025      -0.17690892389575694     
  0.48000000001000026      -0.20163262673551197     
  0.49000000001000027      -0.22585622561444696     
  0.50000000001000022      -0.24956574867780645     
  0.51000000001000023      -0.27274808613160212     
  0.52000000001000024      -0.29539098289412447     
  0.53000000001000025      -0.31748303043905729     
  0.54000000001000026      -0.33901365772517228     
  0.55000000001000027      -0.35997312122937880     
  0.56000000001000028      -0.38035249363158075     
  0.57000000001000029      -0.40014365190283208     
  0.58000000001000029      -0.41933926437598706     
  0.59000000001000030      -0.43793277643735828     
  0.60000000001000031      -0.45591839562573605     
  0.61000000001000032      -0.47329107578534629     
  0.62000000001000033      -0.49004650042487119     
  0.63000000001000034      -0.50618106535849094     
  0.64000000001000035      -0.52169186070963602     
  0.65000000001000036      -0.53657665236096019     
  0.66000000001000036      -0.55083386293578551     
  0.67000000001000037      -0.56446255239645837     
  0.68000000001000038      -0.57746239834424928     
  0.69000000001000039      -0.58983367610369686     
  0.70000000001000040      -0.60157723867179436     
  0.71000000001000041      -0.61269449660926489     
  0.72000000001000042      -0.62318739794750100     
  0.73000000001000043      -0.63305840818065573     
  0.74000000001000044      -0.64231049040793731     
  0.75000000001000044      -0.65094708568651394     
  0.76000000001000045      -0.65897209365057530     
  0.77000000001000046      -0.66638985344715651     
  0.78000000001000047      -0.67320512503430596     
  0.79000000001000048      -0.67942307088217391     
  0.80000000001000049      -0.68504923811261020     
  0.81000000001000050      -0.69008954110797316     
  0.82000000001000051      -0.69455024461506643     
  0.83000000001000052      -0.69843794736546416     
  0.84000000001000052      -0.70175956622898017     
  0.85000000001000053      -0.70452232091270761     
  0.86000000001000054      -0.70673371921392814     
  0.87000000001000055      -0.70840154283127521     
  0.88000000001000056      -0.70953383373486945     
  0.89000000001000057      -0.71013888109266987     
  0.90000000001000058      -0.71022520874702721     
  0.91000000001000059      -0.70980156323239219     
  0.92000000001000060      -0.70887690232232914     
  0.93000000001000060      -0.70746038409145673     
  0.94000000001000061      -0.70556135647568963     
  0.95000000001000062      -0.70318934731211580     
  0.96000000001000063      -0.70035405483795354     
  0.97000000001000064      -0.69706533862638032     
  0.98000000001000065      -0.69333321093551092     
  0.99000000001000066      -0.68916782844566638     
   1.0000000000100007      -0.68457948435919302     
   1.0100000000100007      -0.67957860083637944     
   1.0200000000100007      -0.67417572174053531     
   1.0300000000100007      -0.66838150566462651     
   1.0400000000100007      -0.66220671921055418     
   1.0500000000100007      -0.65566223049484029     
   1.0600000000100007      -0.64875900285213051     
   1.0700000000100007      -0.64150808870922904     
   1.0800000000100007      -0.63392062360262558     
   1.0900000000100007      -0.62600782031303770     
   1.1000000000100008      -0.61778096309117592     
   1.1100000000100008      -0.60925140194976779     
   1.1200000000100008      -0.60043054699779919     
   1.1300000000100008      -0.59132986279398625     
   1.1400000000100008      -0.58196086269762692     
   1.1500000000100008      -0.57233510319622627     
   1.1600000000100008      -0.56246417819061267     
   1.1700000000100008      -0.55235971321965271     
   1.1800000000100008      -0.54203335960815624     
   1.1900000000100008      -0.53149678852307902     
   1.2000000000100008      -0.52076168492471964     
   1.2100000000100009      -0.50983974140122768     
   1.2200000000100009      -0.49874265187640487     
   1.2300000000100009      -0.48748210518246476     
   1.2400000000100009      -0.47606977849112636     
   1.2500000000100009      -0.46451733059813388     
   1.2600000000100009      -0.45283639505801387     
   1.2700000000100009      -0.44103857316759532     
   1.2800000000100009      -0.42913542679852218     
   1.2900000000100009      -0.41713847108066054     
   1.3000000000100009      -0.40505916693995897     
   1.3100000000100009      -0.39290891349592783     
   1.3200000000100010      -0.38069904032547353     
   1.3300000000100010      -0.36844079960134046     
   1.3400000000100010      -0.35614535811486914     
   1.3500000000100010      -0.34382378919417428     
   1.3600000000100010      -0.33148706453016558     
   1.3700000000100010      -0.31914604592407880     
   1.3800000000100010      -0.30681147697134936     
   1.3900000000100010      -0.29449397469772715     
   1.4000000000100010      -0.28220402116452187     
   1.4100000000100010      -0.26995195506074710     
   1.4200000000100010      -0.25774796330071992     
   1.4300000000100010      -0.24560207264635392     
   1.4400000000100011      -0.23352414137396380     
   1.4500000000100011      -0.22152385100586688     
   1.4600000000100011      -0.20961069812743208     
   1.4700000000100011      -0.19779398631047623     
   1.4800000000100011      -0.18608281816405695     
   1.4900000000100011      -0.17448608753373898     
   1.5000000000100011      -0.16301247187034593     
   1.5100000000100011      -0.15167042478902423     
   1.5200000000100011      -0.14046816883916771     
   1.5300000000100011      -0.12941368850536572     
   1.5400000000100011      -0.11851472345905682     
   1.5500000000100012      -0.10777876207999375     
   1.5600000000100012       -9.7213035265960715E-002
   1.5700000000100012       -8.6824510548432141E-002
   1.5800000000100012       -7.6619886531032660E-002
   1.5900000000100012       -6.6605587666750149E-002
   1.6000000000100012       -5.6787759388880900E-002
   1.6100000000100012       -4.7172263609646492E-002
   1.6200000000100012       -3.7764674599328363E-002
   1.6300000000100012       -2.8570275257621198E-002
   1.6400000000100012       -1.9594053787715913E-002
   1.6500000000100012       -1.0840700782398901E-002
   1.6600000000100013       -2.3146067301992217E-003
   1.6700000000100013        5.9801400516673068E-003
   1.6800000000100013        1.4039755052101505E-002
   1.6900000000100013        2.1860758764523119E-002
   1.7000000000100013        2.9439977446033338E-002
   1.7100000000100013        3.6774543435805232E-002
   1.7200000000100013        4.3861895032467464E-002
   1.7300000000100013        5.0699775931528544E-002
   1.7400000000100013        5.7286234225151070E-002
   1.7500000000100013        6.3619620967818716E-002
   1.7600000000100013        6.9698588312643736E-002
   1.7700000000100014        7.5522087224228096E-002
   1.7800000000100014        8.1089364775116968E-002
   1.7900000000100014        8.6399961033966188E-002
   1.8000000000100014        9.1453705554573245E-002
   1.8100000000100014        9.6250713475904665E-002
   1.8200000000100014       0.10079138124417489     
   1.8300000000100014       0.10507638196889868     
   1.8400000000100014       0.10910666042564643     
   1.8500000000100014       0.11288342771897672     
   1.8600000000100014       0.11640815561970122     
   1.8700000000100014       0.11968257059125850     
   1.8800000000100014       0.12270864752052121     
   1.8900000000100015       0.12548860316885574     
   1.9000000000100015       0.12802488935967310     
   1.9100000000100015       0.13032018591907074     
   1.9200000000100015       0.13237739338646107     
   1.9300000000100015       0.13419962551231551     
   1.9400000000100015       0.13579020156032551     
   1.9500000000100015       0.13715263843139472     
   1.9600000000100015       0.13829064262692986     
   1.9700000000100015       0.13920810206890011     
   1.9800000000100015       0.13990907779407724     
   1.9900000000100015       0.14039779553976470     
   2.0000000000100013       0.14067863723816920     
   2.0100000000100011       0.14075613243636792     
   2.0200000000100009       0.14063494965858192     
   2.0300000000100007       0.14031988772717954     
   2.0400000000100005       0.13981586705851520     
   2.0500000000100003       0.13912792094934956     
   2.0600000000100001       0.13826118686921035     
   2.0700000000099998       0.13722089777363497     
   2.0800000000099996       0.13601237345279271     
   2.0900000000099994       0.13464101192951750     
   2.1000000000099992       0.13311228092029562     
   2.1100000000099990       0.13143170937224588     
   2.1200000000099988       0.12960487908861310     
   2.1300000000099986       0.12763741645475851     
   2.1400000000099983       0.12553498427609280     
   2.1500000000099981       0.12330327373884283     
   2.1600000000099979       0.12094799650399002     
   2.1700000000099977       0.11847487694415693     
   2.1800000000099975       0.11588964453265971     
   2.1900000000099973       0.11319802639338132     
   2.2000000000099971       0.11040574001956480     
   2.2100000000099969       0.10751848616906949     
   2.2200000000099966       0.10454194194308589     
   2.2300000000099964       0.10148175405476027     
   2.2400000000099962        9.8343532293648478E-002
   2.2500000000099960        9.5132843191389774E-002
   2.2600000000099958        9.1855203893479231E-002
   2.2700000000099956        8.8516076241509117E-002
   2.2800000000099954        8.5120861069759635E-002
   2.2900000000099952        8.1674892719536929E-002
   2.3000000000099949        7.8183433774187322E-002
   2.3100000000099947        7.4651670017263944E-002
   2.3200000000099945        7.1084705615878402E-002
   2.3300000000099943        6.7487558530844163E-002
   2.3400000000099941        6.3865156154802677E-002
   2.3500000000099939        6.0222331179126232E-002
   2.3600000000099937        5.6563817690003862E-002
   2.3700000000099934        5.2894247493746591E-002
   2.3800000000099932        4.9218146670990864E-002
   2.3900000000099930        4.5539932359135213E-002
   2.4000000000099928        4.1863909762017003E-002
   2.4100000000099926        3.8194269385518252E-002
   2.4200000000099924        3.4535084497489162E-002
   2.4300000000099922        3.0890308810086649E-002
   2.4400000000099920        2.7263774382350853E-002
   2.4500000000099917        2.3659189740575785E-002
   2.4600000000099915        2.0080138213781844E-002
   2.4700000000099913        1.6530076481356033E-002
   2.4800000000099911        1.3012333329698412E-002
   2.4900000000099909        9.5301086144975698E-003
   2.5000000000099907        6.0864724250514505E-003
   2.5100000000099905        2.6843644468560897E-003
   2.5200000000099902       -6.7340648149937508E-004
   2.5300000000099900       -3.9841626212670997E-003
   2.5400000000099898       -7.2453574006026812E-003
   2.5500000000099896       -1.0454575300208470E-002
   2.5600000000099894       -1.3609531562154258E-002
   2.5700000000099892       -1.6708071726607800E-002
   2.5800000000099890       -1.9748171001332297E-002
   2.5900000000099888       -2.2727933468924690E-002
   2.6000000000099885       -2.5645591136876845E-002
   2.6100000000099883       -2.8499502835640754E-002
   2.6200000000099881       -3.1288152969967745E-002
   2.6300000000099879       -3.4010150128877079E-002
   2.6400000000099877       -3.6664225559678791E-002
   2.6500000000099875       -3.9249231511544531E-002
   2.6600000000099873       -4.1764139454175009E-002
   2.6700000000099871       -4.4208038177163102E-002
   2.6800000000099868       -4.6580131775691792E-002
   2.6900000000099866       -4.8879737528239618E-002
   2.7000000000099864       -5.1106283671991617E-002
   2.7100000000099862       -5.3259307081670336E-002
   2.7200000000099860       -5.5338450857511420E-002
   2.7300000000099858       -5.7343461828109989E-002
   2.7400000000099856       -5.9274187973858153E-002
   2.7500000000099853       -6.1130575776679422E-002
   2.7600000000099851       -6.2912667501746469E-002
   2.7700000000099849       -6.4620598416838274E-002
   2.7800000000099847       -6.6254593954957336E-002
   2.7900000000099845       -6.7814966825785333E-002
   2.8000000000099843       -6.9302114081503108E-002
   2.8100000000099841       -7.0716514142445591E-002
   2.8200000000099839       -7.2058723787995688E-002
   2.8300000000099836       -7.3329375118051904E-002
   2.8400000000099834       -7.4529172490324744E-002
   2.8500000000099832       -7.5658889438634636E-002
   2.8600000000099830       -7.6719365577291240E-002
   2.8700000000099828       -7.7711503496539297E-002
   2.8800000000099826       -7.8636265653952209E-002
   2.8900000000099824       -7.9494671266547454E-002
   2.9000000000099821       -8.0287793208283567E-002
   2.9100000000099819       -8.1016754917479228E-002
   2.9200000000099817       -8.1682727318573373E-002
   2.9300000000099815       -8.2286925762513397E-002
   2.9400000000099813       -8.2830606989929931E-002
   2.9500000000099811       -8.3315066121116541E-002
   2.9600000000099809       -8.3741633676694058E-002
   2.9700000000099807       -8.4111672632694520E-002
   2.9800000000099804       -8.4426575513653512E-002
   2.9900000000099802       -8.4687761527147742E-002
   3.0000000000099800       -8.4896673743065559E-002
   3.0100000000099798       -8.5054776320739503E-002
   3.0200000000099796       -8.5163551786917369E-002
   3.0300000000099794       -8.5224498367387408E-002
   3.0400000000099792       -8.5239127374915333E-002
   3.0500000000099790       -8.5208960655991400E-002
   3.0600000000099787       -8.5135528098723295E-002
   3.0700000000099785       -8.5020365204052026E-002
   3.0800000000099783       -8.4865010722305276E-002
   3.0900000000099781       -8.4671004356943663E-002
   3.1000000000099779       -8.4439884537194962E-002
   3.1100000000099777       -8.4173186261113322E-002
   3.1200000000099775       -8.3872439010441766E-002
   3.1300000000099772       -8.3539164738502522E-002
   3.1400000000099770       -8.3174875932183284E-002
   3.1500000000099768       -8.2781073748937228E-002
   3.1600000000099766       -8.2359246229564254E-002
   3.1700000000099764       -8.1910866587393577E-002
   3.1800000000099762       -8.1437391574343501E-002
   3.1900000000099760       -8.0940259924193320E-002
   3.2000000000099758       -8.0420890873262513E-002
   3.2100000000099755       -7.9880682758559376E-002
   3.2200000000099753       -7.9321011693327934E-002
   3.2300000000099751       -7.8743230319795271E-002
   3.2400000000099749       -7.8148666638797021E-002
   3.2500000000099747       -7.7538622915838837E-002
   3.2600000000099745       -7.6914374663035218E-002
   3.2700000000099743       -7.6277169696255684E-002
   3.2800000000099740       -7.5628227266700501E-002
   3.2900000000099738       -7.4968737266024904E-002
   3.3000000000099736       -7.4299859504031326E-002
   3.3100000000099734       -7.3622723057855777E-002
   3.3200000000099732       -7.2938425691483941E-002
   3.3300000000099730       -7.2248033344346679E-002
   3.3400000000099728       -7.1552579687665235E-002
   3.3500000000099726       -7.0853065747138913E-002
   3.3600000000099723       -7.0150459590496789E-002
   3.3700000000099721       -6.9445696078368674E-002
   3.3800000000099719       -6.8739676676867048E-002
   3.3900000000099717       -6.8033269330214516E-002
   3.4000000000099715       -6.7327308391697913E-002
   3.4100000000099713       -6.6622594611181529E-002
   3.4200000000099711       -6.5919895177366863E-002
   3.4300000000099709       -6.5219943812947961E-002
   3.4400000000099706       -6.4523440920773778E-002
   3.4500000000099704       -6.3831053779100061E-002
   3.4600000000099702       -6.3143416783984468E-002
   3.4700000000099700       -6.2461131736856870E-002
   3.4800000000099698       -6.1784768175277872E-002
   3.4900000000099696       -6.1114863744884076E-002
   3.5000000000099694       -6.0451924610507489E-002
   3.5100000000099691       -5.9796425904450681E-002
   3.5200000000099689       -5.9148812209894722E-002
   3.5300000000099687       -5.8509498077419210E-002
   3.5400000000099685       -5.7878868572616725E-002
   3.5500000000099683       -5.7257279852792345E-002
   3.5600000000099681       -5.6645059770749462E-002
   3.5700000000099679       -5.6042508503678312E-002
   3.5800000000099677       -5.5449899205179544E-002
   3.5900000000099674       -5.4867478678477855E-002
   3.6000000000099672       -5.4295468068902196E-002
   3.6100000000099670       -5.3734063573736092E-002
   3.6200000000099668       -5.3183437167571311E-002
   3.6300000000099666       -5.2643737341328101E-002
   3.6400000000099664       -5.2115089853140728E-002
   3.6500000000099662       -5.1597598489342242E-002
   3.6600000000099659       -5.1091345833821834E-002
   3.6700000000099657       -5.0596394044067829E-002
   3.6800000000099655       -5.0112785632252688E-002
   3.6900000000099653       -4.9640544249760672E-002
   3.7000000000099651       -4.9179675473604155E-002
   3.7100000000099649       -4.8730167593223378E-002
   3.7200000000099647       -4.8291992396212569E-002
   3.7300000000099645       -4.7865105951566352E-002
   3.7400000000099642       -4.7449449389091666E-002
   3.7500000000099640       -4.7044949673683015E-002
   3.7600000000099638       -4.6651520373212713E-002
   3.7700000000099636       -4.6269062418841989E-002
   3.7800000000099634       -4.5897464856613723E-002
   3.7900000000099632       -4.5536605589243551E-002
   3.8000000000099630       -4.5186352107081641E-002
   3.8100000000099628       -4.4846562207274156E-002
   3.8200000000099625       -4.4517084700209750E-002
   3.8300000000099623       -4.4197760102392861E-002
   3.8400000000099621       -4.3888421314942770E-002
   3.8500000000099619       -4.3588894286972532E-002
   3.8600000000099617       -4.3298998663159415E-002
   3.8700000000099615       -4.3018548414873028E-002
   3.8800000000099613       -4.2747352454283266E-002
   3.8900000000099610       -4.2485215230924842E-002
   3.9000000000099608       -4.2231937310248067E-002
   3.9100000000099606       -4.1987315933740776E-002
   3.9200000000099604       -4.1751145560256567E-002
   3.9300000000099602       -4.1523218388237138E-002
   3.9400000000099600       -4.1303324858566491E-002
   3.9500000000099598       -4.1091254137843897E-002
   3.9600000000099596       -4.0886794581911121E-002
   3.9700000000099593       -4.0689734179515116E-002
   3.9800000000099591       -4.0499860976034384E-002
   3.9900000000099589       -4.0316963477239870E-002
   4.0000000000099591       -4.0140831033105180E-002
   4.0100000000099589       -3.9971254201721061E-002
   4.0200000000099587       -3.9808025093409638E-002
   4.0300000000099585       -3.9650937695171744E-002
   4.0400000000099583       -3.9499788175636735E-002
   4.0500000000099581       -3.9354375170720081E-002
   4.0600000000099579       -3.9214500050226322E-002
   4.0700000000099577       -3.9079967165667154E-002
   4.0800000000099574       -3.8950584079594036E-002
   4.0900000000099572       -3.8826161776773005E-002
   4.1000000000099570       -3.8706514857555926E-002
   4.1100000000099568       -3.8591461713826672E-002
   4.1200000000099566       -3.8480824687924811E-002
   4.1300000000099564       -3.8374430214969460E-002
   4.1400000000099562       -3.8272108949026537E-002
   4.1500000000099559       -3.8173695873580368E-002
   4.1600000000099557       -3.8079030396786465E-002
   4.1700000000099555       -3.7987956431997628E-002
   4.1800000000099553       -3.7900322464067895E-002
   4.1900000000099551       -3.7815981601950821E-002
   4.2000000000099549       -3.7734791618117908E-002
   4.2100000000099547       -3.7656614975331584E-002
   4.2200000000099545       -3.7581318841314146E-002
   4.2300000000099542       -3.7508775091858647E-002
   4.2400000000099540       -3.7438860302932683E-002
   4.2500000000099538       -3.7371455732327453E-002
   4.2600000000099536       -3.7306447291406600E-002
   4.2700000000099534       -3.7243725507508527E-002
   4.2800000000099532       -3.7183185477554684E-002
   4.2900000000099530       -3.7124726813414166E-002
   4.3000000000099527       -3.7068253579570255E-002
   4.3100000000099525       -3.7013674223630867E-002
   4.3200000000099523       -3.6960901500217927E-002
   4.3300000000099521       -3.6909852388764236E-002
   4.3400000000099519       -3.6860448005738643E-002
   4.3500000000099517       -3.6812613511810935E-002
   4.3600000000099515       -3.6766278014459079E-002
   4.3700000000099513       -3.6721374466509867E-002
   4.3800000000099510       -3.6677839561093960E-002
   4.3900000000099508       -3.6635613623483373E-002
   4.4000000000099506       -3.6594640500267520E-002
   4.4100000000099504       -3.6554867446310327E-002
   4.4200000000099502       -3.6516245009917514E-002
   4.4300000000099500       -3.6478726916628346E-002
   4.4400000000099498       -3.6442269952032036E-002
   4.4500000000099496       -3.6406833843993215E-002
   4.4600000000099493       -3.6372381144655921E-002
   4.4700000000099491       -3.6338877112579188E-002
   4.4800000000099489       -3.6306289595341240E-002
   4.4900000000099487       -3.6274588912933836E-002
   4.5000000000099485       -3.6243747742249859E-002
   4.5100000000099483       -3.6213741002952576E-002
   4.5200000000099481       -3.6184545744996702E-002
   4.5300000000099478       -3.6156141038055305E-002
   4.5400000000099476       -3.6128507863089167E-002
   4.5500000000099474       -3.6101629006278405E-002
   4.5600000000099472       -3.6075488955519736E-002
   4.5700000000099470       -3.6050073799675036E-002
   4.5800000000099468       -3.6025371130741106E-002
   4.5900000000099466       -3.6001369949093379E-002
   4.6000000000099464       -3.5978060571940161E-002
   4.6100000000099461       -3.5955434545107821E-002
   4.6200000000099459       -3.5933484558261605E-002
   4.6300000000099457       -3.5912204363650863E-002
   4.6400000000099455       -3.5891588698452236E-002
   4.6500000000099453       -3.5871633210769527E-002
   4.6600000000099451       -3.5852334389334391E-002
   4.6700000000099449       -3.5833689496937139E-002
   4.6800000000099446       -3.5815696507604210E-002
   4.6900000000099444       -3.5798354047524412E-002
   4.7000000000099442       -3.5781661339713923E-002
   4.7100000000099440       -3.5765618152396955E-002
   4.7200000000099438       -3.5750224751067650E-002
   4.7300000000099436       -3.5735481854186957E-002
   4.7400000000099434       -3.5721390592457387E-002
   4.7500000000099432       -3.5707952471608614E-002
   4.7600000000099429       -3.5695169338616342E-002
   4.7700000000099427       -3.5683043351268727E-002
   4.7800000000099425       -3.5671576950985308E-002
   4.7900000000099423       -3.5660772838785444E-002
   4.8000000000099421       -3.5650633954296441E-002
   4.8100000000099419       -3.5641163457684380E-002
   4.8200000000099417       -3.5632364714384510E-002
   4.8300000000099415       -3.5624241282502911E-002
   4.8400000000099412       -3.5616796902756119E-002
   4.8500000000099410       -3.5610035490810939E-002
   4.8600000000099408       -3.5603961131883743E-002
   4.8700000000099406       -3.5598578077454632E-002
   4.8800000000099404       -3.5593890743950599E-002
   4.8900000000099402       -3.5589903713249119E-002
   4.9000000000099400       -3.5586621734853198E-002
   4.9100000000099397       -3.5584049729587827E-002
   4.9200000000099395       -3.5582192794668295E-002
   4.9300000000099393       -3.5581056209991038E-002
   4.9400000000099391       -3.5580645445499527E-002
   4.9500000000099389       -3.5580966169478076E-002
   4.9600000000099387       -3.5582024257630462E-002
   4.9700000000099385       -3.5583825802801276E-002
   4.9800000000099383       -3.5586377125202399E-002
   4.9900000000099380       -3.5589684783009404E-002
