   9.9999999999999994E-012 -0.10498681121246076     
   1.0000000010000001E-002 -0.10492469081121140     
   2.0000000010000001E-002 -0.10473837243287369     
   3.0000000010000000E-002 -0.10442798497232350     
   4.0000000010000002E-002 -0.10399374462726736     
   5.0000000010000004E-002 -0.10343595685586596     
   6.0000000010000006E-002 -0.10275501892604597     
   7.0000000010000007E-002 -0.10195142289111045     
   8.0000000010000002E-002 -0.10102575881076299     
   9.0000000009999997E-002  -9.9978718037154551E-002
  0.10000000000999999       -9.8811096399407133E-002
  0.11000000000999999       -9.7523797143397498E-002
  0.12000000000999998       -9.6117833512187945E-002
  0.13000000000999998       -9.4594330882565442E-002
  0.14000000000999999       -9.2954528401722331E-002
  0.15000000001000000       -9.1199780093225075E-002
  0.16000000001000000       -8.9331555422070302E-002
  0.17000000001000001       -8.7351439324576882E-002
  0.18000000001000002       -8.5261131720411526E-002
  0.19000000001000003       -8.3062446531792705E-002
  0.20000000001000004       -8.0757310239597244E-002
  0.21000000001000005       -7.8347760008442485E-002
  0.22000000001000006       -7.5835941413489052E-002
  0.23000000001000007       -7.3224105801264219E-002
  0.24000000001000008       -7.0514607315667083E-002
  0.25000000001000006       -6.7709899618809188E-002
  0.26000000001000007       -6.4812532334689962E-002
  0.27000000001000007       -6.1825147242059272E-002
  0.28000000001000008       -5.8750474241258774E-002
  0.29000000001000009       -5.5591327118418500E-002
  0.30000000001000010       -5.2350599129125444E-002
  0.31000000001000011       -4.9031258422580895E-002
  0.32000000001000012       -4.5636343326307317E-002
  0.33000000001000013       -4.2168957510633348E-002
  0.34000000001000014       -3.8632265051460141E-002
  0.35000000001000015       -3.5029485409165416E-002
  0.36000000001000015       -3.1363888340916579E-002
  0.37000000001000016       -2.7638788763121858E-002
  0.38000000001000017       -2.3857541580230547E-002
  0.39000000001000018       -2.0023536495585588E-002
  0.40000000001000019       -1.6140192819530091E-002
  0.41000000001000020       -1.2210954289452677E-002
  0.42000000001000021       -8.2392839159311435E-003
  0.43000000001000022       -4.2286588685848279E-003
  0.44000000001000023       -1.8256541467983055E-004
  0.45000000001000023        3.8955060770645257E-003
  0.46000000001000024        8.0020660556343777E-003
  0.47000000001000025        1.2133630618653088E-002
  0.48000000001000026        1.6286726244552907E-002
  0.49000000001000027        2.0457894416137958E-002
  0.50000000001000022        2.4643696126385329E-002
  0.51000000001000023        2.8840716258043519E-002
  0.52000000001000024        3.3045567829309196E-002
  0.53000000001000025        3.7254896098591561E-002
  0.54000000001000026        4.1465382522103723E-002
  0.55000000001000027        4.5673748558753294E-002
  0.56000000001000028        4.9876759317527594E-002
  0.57000000001000029        5.4071227043288095E-002
  0.58000000001000029        5.8254014437594800E-002
  0.59000000001000030        6.2422037811871799E-002
  0.60000000001000031        6.6572270070898262E-002
  0.61000000001000032        7.0701743525262484E-002
  0.62000000001000033        7.4807552532043256E-002
  0.63000000001000034        7.8886855963587577E-002
  0.64000000001000035        8.2936879504827324E-002
  0.65000000001000036        8.6954917780121294E-002
  0.66000000001000036        9.0938336311126078E-002
  0.67000000001000037        9.4884573307675371E-002
  0.68000000001000038        9.8791141294099355E-002
  0.69000000001000039       0.10265562857382551     
  0.70000000001000040       0.10647570053548241     
  0.71000000001000041       0.11024910080407191     
  0.72000000001000042       0.11397365224108209     
  0.73000000001000043       0.11764725779769014     
  0.74000000001000044       0.12126790122544222     
  0.75000000001000044       0.12483364764900610     
  0.76000000001000045       0.12834264400576484     
  0.77000000001000046       0.13179311935716459     
  0.78000000001000047       0.13518338507683930     
  0.79000000001000048       0.13851183492062175     
  0.80000000001000049       0.14177694498360199     
  0.81000000001000050       0.14497727354942641     
  0.82000000001000051       0.14811146083703336     
  0.83000000001000052       0.15117822865000263     
  0.84000000001000052       0.15417637993365632     
  0.85000000001000053       0.15710479824498685     
  0.86000000001000054       0.15996244714040997     
  0.87000000001000055       0.16274836948624541     
  0.88000000001000056       0.16546168669671676     
  0.89000000001000057       0.16810159790413864     
  0.90000000001000058       0.17066737906582416     
  0.91000000001000059       0.17315838201209910     
  0.92000000001000060       0.17557403343965622     
  0.93000000001000060       0.17791383385431986     
  0.94000000001000061       0.18017735646712518     
  0.95000000001000062       0.18236424604744386     
  0.96000000001000063       0.18447421773671308     
  0.97000000001000064       0.18650705582614804     
  0.98000000001000065       0.18846261250164081     
  0.99000000001000066       0.19034080655886984     
   1.0000000000100007       0.19214162209146998     
   1.0100000000100007       0.19386510715493779     
   1.0200000000100007       0.19551137240877622     
   1.0300000000100007       0.19708058973921658     
   1.0400000000100007       0.19857299086469157     
   1.0500000000100007       0.19998886592607884     
   1.0600000000100007       0.20132856206357896     
   1.0700000000100007       0.20259248198195054     
   1.0800000000100007       0.20378108250568353     
   1.0900000000100007       0.20489487312556176     
   1.1000000000100008       0.20593441453794153     
   1.1100000000100008       0.20690031717795465     
   1.1200000000100008       0.20779323974773867     
   1.1300000000100008       0.20861388774069206     
   1.1400000000100008       0.20936301196266291     
   1.1500000000100008       0.21004140705089108     
   1.1600000000100008       0.21064990999144978     
   1.1700000000100008       0.21118939863586114     
   1.1800000000100008       0.21166079021749978     
   1.1900000000100008       0.21206503986834563     
   1.2000000000100008       0.21240313913659820     
   1.2100000000100009       0.21267611450562959     
   1.2200000000100009       0.21288502591471800     
   1.2300000000100009       0.21303096528198012     
   1.2400000000100009       0.21311505502990175     
   1.2500000000100009       0.21313844661385378     
   1.2600000000100009       0.21310231905397345     
   1.2700000000100009       0.21300787747078873     
   1.2800000000100009       0.21285635162496969     
   1.2900000000100009       0.21264899446159685     
   1.3000000000100009       0.21238708065935002     
   1.3100000000100009       0.21207190518503882     
   1.3200000000100010       0.21170478185391403     
   1.3300000000100010       0.21128704189622366     
   1.3400000000100010       0.21082003253050280     
   1.3500000000100010       0.21030511554411432     
   1.3600000000100010       0.20974366588158677     
   1.3700000000100010       0.20913707024132791     
   1.3800000000100010       0.20848672568132304     
   1.3900000000100010       0.20779403823446135     
   1.4000000000100010       0.20706042153416507     
   1.4100000000100010       0.20628729545102967     
   1.4200000000100010       0.20547608474121529     
   1.4300000000100010       0.20462821770735995     
   1.4400000000100011       0.20374512487281651     
   1.4500000000100011       0.20282823767004241     
   1.4600000000100011       0.20187898714399816     
   1.4700000000100011       0.20089880267143526     
   1.4800000000100011       0.19988911069697579     
   1.4900000000100011       0.19885133348690570     
   1.5000000000100011       0.19778688790162002     
   1.5100000000100011       0.19669718418767229     
   1.5200000000100011       0.19558362479039004     
   1.5300000000100011       0.19444760318802667     
   1.5400000000100011       0.19329050274842141     
   1.5500000000100012       0.19211369560914196     
   1.5600000000100012       0.19091854158207849     
   1.5700000000100012       0.18970638708345161     
   1.5800000000100012       0.18847856409018643     
   1.5900000000100012       0.18723638912358878     
   1.6000000000100012       0.18598116226124378     
   1.6100000000100012       0.18471416617803341     
   1.6200000000100012       0.18343666521714427     
   1.6300000000100012       0.18214990449191051     
   1.6400000000100012       0.18085510901930052     
   1.6500000000100012       0.17955348288582570     
   1.6600000000100013       0.17824620844660694     
   1.6700000000100013       0.17693444555829482     
   1.6800000000100013       0.17561933084649667     
   1.6900000000100013       0.17430197700831415     
   1.7000000000100013       0.17298347215054832     
   1.7100000000100013       0.17166487916407644     
   1.7200000000100013       0.17034723513485261     
   1.7300000000100013       0.16903155079192769     
   1.7400000000100013       0.16771880999282912     
   1.7500000000100013       0.16640996924658238     
   1.7600000000100013       0.16510595727459618     
   1.7700000000100014       0.16380767460957574     
   1.7800000000100014       0.16251599323256533     
   1.7900000000100014       0.16123175624816249     
   1.8000000000100014       0.15995577759788365     
   1.8100000000100014       0.15868884181160195     
   1.8200000000100014       0.15743170379691390     
   1.8300000000100014       0.15618508866623540     
   1.8400000000100014       0.15494969160136421     
   1.8500000000100014       0.15372617775519018     
   1.8600000000100014       0.15251518219017454     
   1.8700000000100014       0.15131730985316516     
   1.8800000000100014       0.15013313558605787     
   1.8900000000100015       0.14896320417176256     
   1.9000000000100015       0.14780803041487828     
   1.9100000000100015       0.14666809925643531     
   1.9200000000100015       0.14554386592201035     
   1.9300000000100015       0.14443575610247947     
   1.9400000000100015       0.14334416616662557     
   1.9500000000100015       0.14226946340477950     
   1.9600000000100015       0.14121198630263349     
   1.9700000000100015       0.14017204484432816     
   1.9800000000100015       0.13914992084388297     
   1.9900000000100015       0.13814586830400638     
   2.0000000000100013       0.13716011380129367     
   2.0100000000100011       0.13619285689679481     
   2.0200000000100009       0.13524427057091065     
   2.0300000000100007       0.13431450168155415     
   2.0400000000100005       0.13340367144449589     
   2.0500000000100003       0.13251187593479635     
   2.0600000000100001       0.13163918660821458     
   2.0700000000099998       0.13078565084147226     
   2.0800000000099996       0.12995129249024223     
   2.0900000000099994       0.12913611246372750     
   2.1000000000099992       0.12834008931469013     
   2.1100000000099990       0.12756317984379004     
   2.1200000000099988       0.12680531971709380     
   2.1300000000099986       0.12606642409561714     
   2.1400000000099983       0.12534638827577022     
   2.1500000000099981       0.12464508833958080     
   2.1600000000099979       0.12396238181358099     
   2.1700000000099977       0.12329810833525374     
   2.1800000000099975       0.12265209032594764     
   2.1900000000099973       0.12202413366918345     
   2.2000000000099971       0.12141402839329238     
   2.2100000000099969       0.12082154935734173     
   2.2200000000099966       0.12024645693932505     
   2.2300000000099964       0.11968849772561238     
   2.2400000000099962       0.11914740520067828     
   2.2500000000099960       0.11862290043614838     
   2.2600000000099958       0.11811469277822750     
   2.2700000000099956       0.11762248053259991     
   2.2800000000099954       0.11714595164591415     
   2.2900000000099952       0.11668478438299465     
   2.3000000000099949       0.11623864799894754     
   2.3100000000099947       0.11580720340535655     
   2.3200000000099945       0.11539010382979301     
   2.3300000000099943       0.11498699546789348     
   2.3400000000099941       0.11459751812728722     
   2.3500000000099939       0.11422130586268528     
   2.3600000000099937       0.11385798760147474     
   2.3700000000099934       0.11350718775918871     
   2.3800000000099932       0.11316852684425704     
   2.3900000000099930       0.11284162205146972     
   2.4000000000099928       0.11252608784361869     
   2.4100000000099926       0.11222153652081164     
   2.4200000000099924       0.11192757877698471     
   2.4300000000099922       0.11164382424316936     
   2.4400000000099920       0.11136988201710085     
   2.4500000000099917       0.11110536117878515     
   2.4600000000099915       0.11084987129167127     
   2.4700000000099913       0.11060302288910633     
   2.4800000000099911       0.11036442794577953     
   2.4900000000099909       0.11013370033389194     
   2.5000000000099907       0.10991045626381554     
   2.5100000000099905       0.10969431470903612     
   2.5200000000099902       0.10948489781520035     
   2.5300000000099900       0.10928183129311742     
   2.5400000000099898       0.10908474479559083     
   2.5500000000099896       0.10889327227798344     
   2.5600000000099894       0.10870705234244582     
   2.5700000000099892       0.10852572856576201     
   2.5800000000099890       0.10834894981079353     
   2.5900000000099888       0.10817637052152587     
   2.6000000000099885       0.10800765100174640     
   2.6100000000099883       0.10784245767740544     
   2.6200000000099881       0.10768046334273436     
   2.6300000000099879       0.10752134739021915     
   2.6400000000099877       0.10736479602454489     
   2.6500000000099875       0.10721050246065218     
   2.6600000000099873       0.10705816710606189     
   2.6700000000099871       0.10690749772764793     
   2.6800000000099868       0.10675820960305300     
   2.6900000000099866       0.10661002565696202     
   2.7000000000099864       0.10646267658246478     
   2.7100000000099862       0.10631590094775445     
   2.7200000000099860       0.10616944528842594     
   2.7300000000099858       0.10602306418565118     
   2.7400000000099856       0.10587652033052382     
   2.7500000000099853       0.10572958457487784     
   2.7600000000099851       0.10558203596889815     
   2.7700000000099849       0.10543366178585185     
   2.7800000000099847       0.10528425753428083     
   2.7900000000099845       0.10513362695800543     
   2.8000000000099843       0.10498158202429893     
   2.8100000000099841       0.10482794290060075     
   2.8200000000099839       0.10467253792014428     
   2.8300000000099836       0.10451520353688219     
   2.8400000000099834       0.10435578427009776     
   2.8500000000099832       0.10419413263909723     
   2.8600000000099830       0.10403010908838181     
   2.8700000000099828       0.10386358190370229     
   2.8800000000099826       0.10369442711940291     
   2.8900000000099824       0.10352252841746241     
   2.9000000000099821       0.10334777701864332     
   2.9100000000099819       0.10317007156616013     
   2.9200000000099817       0.10298931800227869     
   2.9300000000099815       0.10280542943825735     
   2.9400000000099813       0.10261832601804115     
   2.9500000000099811       0.10242793477611647     
   2.9600000000099809       0.10223418948993364     
   2.9700000000099807       0.10203703052729969     
   2.9800000000099804       0.10183640468914223     
   2.9900000000099802       0.10163226504803950     
   3.0000000000099800       0.10142457078290752     
   3.0100000000099798       0.10121328701023111     
   3.0200000000099796       0.10099838461221851     
   3.0300000000099794       0.10077984006225330     
   3.0400000000099792       0.10055763524801178     
   3.0500000000099790       0.10033175729260561     
   3.0600000000099787       0.10010219837410242     
   3.0700000000099785        9.9868955543769899E-002
   3.0800000000099783        9.9632030543378949E-002
   3.0900000000099781        9.9391429621894997E-002
   3.1000000000099779        9.9147163351875414E-002
   3.1100000000099777        9.8899246445883299E-002
   3.1200000000099775        9.8647697573218160E-002
   3.1300000000099772        9.8392539177252852E-002
   3.1400000000099770        9.8133797293658148E-002
   3.1500000000099768        9.7871501369784869E-002
   3.1600000000099766        9.7605684085462968E-002
   3.1700000000099764        9.7336381175467321E-002
   3.1800000000099762        9.7063631253888255E-002
   3.1900000000099760        9.6787475640635626E-002
   3.2000000000099758        9.6507958190291385E-002
   3.2100000000099755        9.6225125123519037E-002
   3.2200000000099753        9.5939024861222896E-002
   3.2300000000099751        9.5649707861642466E-002
   3.2400000000099749        9.5357226460554168E-002
   3.2500000000099747        9.5061634714742743E-002
   3.2600000000099745        9.4762988248893537E-002
   3.2700000000099743        9.4461344106045383E-002
   3.2800000000099740        9.4156760601734210E-002
   3.2900000000099738        9.3849297181945235E-002
   3.3000000000099736        9.3539014284982569E-002
   3.3100000000099734        9.3225973207353235E-002
   3.3200000000099732        9.2910235973753835E-002
   3.3300000000099730        9.2591865211235858E-002
   3.3400000000099728        9.2270924027617551E-002
   3.3500000000099726        9.1947475894200076E-002
   3.3600000000099723        9.1621584532834352E-002
   3.3700000000099721        9.1293313807378457E-002
   3.3800000000099719        9.0962727619574205E-002
   3.3900000000099717        9.0629889809362485E-002
   3.4000000000099715        9.0294864059650412E-002
   3.4100000000099713        8.9957713805531900E-002
   3.4200000000099711        8.9618502147957774E-002
   3.4300000000099709        8.9277291771841585E-002
   3.4400000000099706        8.8934144868581144E-002
   3.4500000000099704        8.8589123062967332E-002
   3.4600000000099702        8.8242287344445502E-002
   3.4700000000099700        8.7893698002687093E-002
   3.4800000000099698        8.7543414567423802E-002
   3.4900000000099696        8.7191495752488996E-002
   3.5000000000099694        8.6837999404006688E-002
   3.5100000000099691        8.6482982452661061E-002
   3.5200000000099689        8.6126500869976377E-002
   3.5300000000099687        8.5768609628529738E-002
   3.5400000000099685        8.5409362666016758E-002
   3.5500000000099683        8.5048812853083494E-002
   3.5600000000099681        8.4687011964836995E-002
   3.5700000000099679        8.4324010655938905E-002
   3.5800000000099677        8.3959858439187560E-002
   3.5900000000099674        8.3594603667487138E-002
   3.6000000000099672        8.3228293519102436E-002
   3.6100000000099670        8.2860973986092351E-002
   3.6200000000099668        8.2492689865815857E-002
   3.6300000000099666        8.2123484755400364E-002
   3.6400000000099664        8.1753401049060509E-002
   3.6500000000099662        8.1382479938155519E-002
   3.6600000000099659        8.1010761413870133E-002
   3.6700000000099657        8.0638284272405533E-002
   3.6800000000099655        8.0265086122562737E-002
   3.6900000000099653        7.9891203395604446E-002
   3.7000000000099651        7.9516671357277746E-002
   3.7100000000099649        7.9141524121882176E-002
   3.7200000000099647        7.8765794668267525E-002
   3.7300000000099645        7.8389514857645115E-002
   3.7400000000099642        7.8012715453099818E-002
   3.7500000000099640        7.7635426140686789E-002
   3.7600000000099638        7.7257675552002719E-002
   3.7700000000099636        7.6879491288118856E-002
   3.7800000000099634        7.6500899944767151E-002
   3.7900000000099632        7.6121927138670969E-002
   3.8000000000099630        7.5742597534914496E-002
   3.8100000000099628        7.5362934875246645E-002
   3.8200000000099625        7.4982962007217588E-002
   3.8300000000099623        7.4602700914048026E-002
   3.8400000000099621        7.4222172745133888E-002
   3.8500000000099619        7.3841397847091941E-002
   3.8600000000099617        7.3460395795253722E-002
   3.8700000000099615        7.3079185425518792E-002
   3.8800000000099613        7.2697784866480125E-002
   3.8900000000099610        7.2316211571738426E-002
   3.9000000000099608        7.1934482352324400E-002
   3.9100000000099606        7.1552613409150784E-002
   3.9200000000099604        7.1170620365420434E-002
   3.9300000000099602        7.0788518298918010E-002
   3.9400000000099600        7.0406321774117236E-002
   3.9500000000099598        7.0024044874038502E-002
   3.9600000000099596        6.9641701231794945E-002
   3.9700000000099593        6.9259304061767973E-002
   3.9800000000099591        6.8876866190357072E-002
   3.9900000000099589        6.8494400086251295E-002
   4.0000000000099591        6.8111917890173151E-002
   4.0100000000099589        6.7729431444049804E-002
   4.0200000000099587        6.7346952319567915E-002
   4.0300000000099585        6.6964491846073157E-002
   4.0400000000099583        6.6582061137778009E-002
   4.0500000000099581        6.6199671120243705E-002
   4.0600000000099579        6.5817332556107153E-002
   4.0700000000099577        6.5435056070024297E-002
   4.0800000000099574        6.5052852172806278E-002
   4.0900000000099572        6.4670731284726418E-002
   4.1000000000099570        6.4288703757978946E-002
   4.1100000000099568        6.3906779898274313E-002
   4.1200000000099566        6.3524969985556318E-002
   4.1300000000099564        6.3143284293831231E-002
   4.1400000000099562        6.2761733110100221E-002
   4.1500000000099559        6.2380326752388450E-002
   4.1600000000099557        6.1999075586868437E-002
   4.1700000000099555        6.1617990044074887E-002
   4.1800000000099553        6.1237080634212696E-002
   4.1900000000099551        6.0856357961560525E-002
   4.2000000000099549        6.0475832737974321E-002
   4.2100000000099547        6.0095515795498343E-002
   4.2200000000099545        5.9715418098090819E-002
   4.2300000000099542        5.9335550752475472E-002
   4.2400000000099540        5.8955925018129629E-002
   4.2500000000099538        5.8576552316422628E-002
   4.2600000000099536        5.8197444238918969E-002
   4.2700000000099534        5.7818612554861738E-002
   4.2800000000099532        5.7440069217853870E-002
   4.2900000000099530        5.7061826371754595E-002
   4.3000000000099527        5.6683896355811704E-002
   4.3100000000099525        5.6306291709048009E-002
   4.3200000000099523        5.5929025173924264E-002
   4.3300000000099521        5.5552109699300210E-002
   4.3400000000099519        5.5175558442715024E-002
   4.3500000000099517        5.4799384772011864E-002
   4.3600000000099515        5.4423602266328697E-002
   4.3700000000099513        5.4048224716480145E-002
   4.3800000000099510        5.3673266124754024E-002
   4.3900000000099508        5.3298740704147862E-002
   4.4000000000099506        5.2924662877069442E-002
   4.4100000000099504        5.2551047273527093E-002
   4.4200000000099502        5.2177908728833544E-002
   4.4300000000099500        5.1805262280849820E-002
   4.4400000000099498        5.1433123166792515E-002
   4.4500000000099496        5.1061506819630231E-002
   4.4600000000099493        5.0690428864093494E-002
   4.4700000000099491        5.0319905112322136E-002
   4.4800000000099489        4.9949951559174727E-002
   4.4900000000099487        4.9580584377222923E-002
   4.5000000000099485        4.9211819911455346E-002
   4.5100000000099483        4.8843674673711944E-002
   4.5200000000099481        4.8476165336872733E-002
   4.5300000000099478        4.8109308728822339E-002
   4.5400000000099476        4.7743121826211002E-002
   4.5500000000099474        4.7377621748033498E-002
   4.5600000000099472        4.7012825749045362E-002
   4.5700000000099470        4.6648751213036320E-002
   4.5800000000099468        4.6285415645979225E-002
   4.5900000000099466        4.5922836669072667E-002
   4.6000000000099464        4.5561032011694501E-002
   4.6100000000099461        4.5200019504282991E-002
   4.6200000000099459        4.4839817071160748E-002
   4.6300000000099457        4.4480442723317373E-002
   4.6400000000099455        4.4121914551164029E-002
   4.6500000000099453        4.3764250717274342E-002
   4.6600000000099451        4.3407469449123520E-002
   4.6700000000099449        4.3051589031837798E-002
   4.6800000000099446        4.2696627800965573E-002
   4.6900000000099444        4.2342604135279807E-002
   4.7000000000099442        4.1989536449622014E-002
   4.7100000000099440        4.1637443187795622E-002
   4.7200000000099438        4.1286342815517560E-002
   4.7300000000099436        4.0936253813434256E-002
   4.7400000000099434        4.0587194670209617E-002
   4.7500000000099432        4.0239183875689206E-002
   4.7600000000099429        3.9892239914147198E-002
   4.7700000000099427        3.9546381257618932E-002
   4.7800000000099425        3.9201626359323699E-002
   4.7900000000099423        3.8857993647179928E-002
   4.8000000000099421        3.8515501517415597E-002
   4.8100000000099419        3.8174168328275332E-002
   4.8200000000099417        3.7834012393825348E-002
   4.8300000000099415        3.7495051977856270E-002
   4.8400000000099412        3.7157305287885058E-002
   4.8500000000099410        3.6820790469253947E-002
   4.8600000000099408        3.6485525599327100E-002
   4.8700000000099406        3.6151528681781828E-002
   4.8800000000099404        3.5818817640994184E-002
   4.8900000000099402        3.5487410316515824E-002
   4.9000000000099400        3.5157324457639437E-002
   4.9100000000099397        3.4828577718050924E-002
   4.9200000000099395        3.4501187650563869E-002
   4.9300000000099393        3.4175171701934091E-002
   4.9400000000099391        3.3850547207750006E-002
   4.9500000000099389        3.3527331387395373E-002
   4.9600000000099387        3.3205541339079998E-002
   4.9700000000099385        3.2885194034935478E-002
   4.9800000000099383        3.2566306316170614E-002
   4.9900000000099380        3.2248894888282809E-002
