   9.9999999999999994E-012 -0.10498681121246076     
   1.0000000010000001E-002 -0.10488497569641875     
   2.0000000010000001E-002 -0.10454032795301119     
   3.0000000010000000E-002 -0.10395468811914121     
   4.0000000010000002E-002 -0.10313107466183269     
   5.0000000010000004E-002 -0.10207361630732756     
   6.0000000010000006E-002 -0.10078744360767880     
   7.0000000010000007E-002  -9.9278563235488712E-002
   8.0000000010000002E-002  -9.7553722897301173E-002
   9.0000000009999997E-002  -9.5620274294957466E-002
  0.10000000000999999       -9.3486040477050836E-002
  0.11000000000999999       -9.1159192468120695E-002
  0.12000000000999998       -8.8648138493804554E-002
  0.13000000000999998       -8.5961427638996918E-002
  0.14000000000999999       -8.3107668517115013E-002
  0.15000000001000000       -8.0095462556993277E-002
  0.16000000001000000       -7.6933350837984193E-002
  0.17000000001000001       -7.3629772995485260E-002
  0.18000000001000002       -7.0193036528681613E-002
  0.19000000001000003       -6.6631294814819594E-002
  0.20000000001000004       -6.2952532218028129E-002
  0.21000000001000005       -5.9164554831782290E-002
  0.22000000001000006       -5.5274985578783777E-002
  0.23000000001000007       -5.1291262586166120E-002
  0.24000000001000008       -4.7220639941615877E-002
  0.25000000001000006       -4.3070190107804135E-002
  0.26000000001000007       -3.8846807423752461E-002
  0.27000000001000007       -3.4557212250952554E-002
  0.28000000001000008       -3.0207955429800405E-002
  0.29000000001000009       -2.5805422799956762E-002
  0.30000000001000010       -2.1355839608936750E-002
  0.31000000001000011       -1.6865274689059639E-002
  0.32000000001000012       -1.2339644326280179E-002
  0.33000000001000013       -7.7847157775898235E-003
  0.34000000001000014       -3.2061104185737107E-003
  0.35000000001000015        1.3906934789888344E-003
  0.36000000001000015        6.0003583265197070E-003
  0.37000000001000016        1.0617685133052312E-002
  0.38000000001000017        1.5237611726799525E-002
  0.39000000001000018        1.9855211252534727E-002
  0.40000000001000019        2.4465690911768690E-002
  0.41000000001000020        2.9064390912345611E-002
  0.42000000001000021        3.3646783594717580E-002
  0.43000000001000022        3.8208472703460408E-002
  0.44000000001000023        4.2745192774384648E-002
  0.45000000001000023        4.7252808609690437E-002
  0.46000000001000024        5.1727314815863699E-002
  0.47000000001000025        5.6164835381379376E-002
  0.48000000001000026        6.0561623273632646E-002
  0.49000000001000027        6.4914060036848104E-002
  0.50000000001000022        6.9218655374966104E-002
  0.51000000001000023        7.3472046705655325E-002
  0.52000000001000024        7.7670998673630934E-002
  0.53000000001000025        8.1812402613361035E-002
  0.54000000001000026        8.5893275953009246E-002
  0.55000000001000027        8.9910761553091217E-002
  0.56000000001000028        9.3862126974549140E-002
  0.57000000001000029        9.7744763673883822E-002
  0.58000000001000029       0.10155618612031450     
  0.59000000001000030       0.10529403083616409     
  0.60000000001000031       0.10895605535885608     
  0.61000000001000032       0.11254013712527075     
  0.62000000001000033       0.11604427227972128     
  0.63000000001000034       0.11946657440746915     
  0.64000000001000035       0.12280527319625927     
  0.65000000001000036       0.12605871302883020     
  0.66000000001000036       0.12922535150974890     
  0.67000000001000037       0.13230375793023458     
  0.68000000001000038       0.13529261167488577     
  0.69000000001000039       0.13819070057440916     
  0.70000000001000040       0.14099691920857430     
  0.71000000001000041       0.14371026716369392     
  0.72000000001000042       0.14632984724895587     
  0.73000000001000043       0.14885486367591838     
  0.74000000001000044       0.15128462020542827     
  0.75000000001000044       0.15361851826613376     
  0.76000000001000045       0.15585605504865380     
  0.77000000001000046       0.15799682157932077     
  0.78000000001000047       0.16004050077725859     
  0.79000000001000048       0.16198686549837482     
  0.80000000001000049       0.16383577656965659     
  0.81000000001000050       0.16558718081695256     
  0.82000000001000051       0.16724110908921219     
  0.83000000001000052       0.16879767428193165     
  0.84000000001000052       0.17025706936233384     
  0.85000000001000053       0.17161956539858297     
  0.86000000001000054       0.17288550959511009     
  0.87000000001000055       0.17405532333590090     
  0.88000000001000056       0.17512950023737814     
  0.89000000001000057       0.17610860421229491     
  0.90000000001000058       0.17699326754584621     
  0.91000000001000059       0.17778418898500251     
  0.92000000001000060       0.17848213184187781     
  0.93000000001000060       0.17908792211175745     
  0.94000000001000061       0.17960244660623761     
  0.95000000001000062       0.18002665110176305     
  0.96000000001000063       0.18036153850369557     
  0.97000000001000064       0.18060816702590179     
  0.98000000001000065       0.18076764838572035     
  0.99000000001000066       0.18084114601404702     
   1.0000000000100007       0.18082987328017275     
   1.0100000000100007       0.18073509173091248     
   1.0200000000100007       0.18055810934347946     
   1.0300000000100007       0.18030027879148219     
   1.0400000000100007       0.17996299572337507     
   1.0500000000100007       0.17954769705263904     
   1.0600000000100007       0.17905585925893158     
   1.0700000000100007       0.17848899669942289     
   1.0800000000100007       0.17784865992952126     
   1.0900000000100007       0.17713643403218687     
   1.1000000000100008       0.17635393695504115     
   1.1100000000100008       0.17550281785449490     
   1.1200000000100008       0.17458475544614566     
   1.1300000000100008       0.17360145636072943     
   1.1400000000100008       0.17255465350495491     
   1.1500000000100008       0.17144610442660130     
   1.1600000000100008       0.17027758968331827     
   1.1700000000100008       0.16905091121463334     
   1.1800000000100008       0.16776789071674186     
   1.1900000000100008       0.16643036801973557     
   1.2000000000100008       0.16504019946700424     
   1.2100000000100009       0.16359925629663463     
   1.2200000000100009       0.16210942302472064     
   1.2300000000100009       0.16057259583059200     
   1.2400000000100009       0.15899068094406613     
   1.2500000000100009       0.15736559303492487     
   1.2600000000100009       0.15569925360491871     
   1.2700000000100009       0.15399358938270069     
   1.2800000000100009       0.15225053072219161     
   1.2900000000100009       0.15047201000497995     
   1.3000000000100009       0.14865996004745677     
   1.3100000000100009       0.14681631251348323     
   1.3200000000100010       0.14494299633348340     
   1.3300000000100010       0.14304193613094585     
   1.3400000000100010       0.14111505065740745     
   1.3500000000100010       0.13916425123707535     
   1.3600000000100010       0.13719144022232449     
   1.3700000000100010       0.13519850946138381     
   1.3800000000100010       0.13318733877959316     
   1.3900000000100010       0.13115979447567810     
   1.4000000000100010       0.12911772783454908     
   1.4100000000100010       0.12706297365818231     
   1.4200000000100010       0.12499734881618707     
   1.4300000000100010       0.12292265081770130     
   1.4400000000100011       0.12084065640629089     
   1.4500000000100011       0.11875312017955175     
   1.4600000000100011       0.11666177323513113     
   1.4700000000100011       0.11456832184489504     
   1.4800000000100011       0.11247444615897040     
   1.4900000000100011       0.11038179894138626     
   1.5000000000100011       0.10829200433902475     
   1.5100000000100011       0.10620665668557319     
   1.5200000000100011       0.10412731934214184     
   1.5300000000100011       0.10205552357617571     
   1.5400000000100011        9.9992767480248990E-002
   1.5500000000100012        9.7940514932281730E-002
   1.5600000000100012        9.5900194598663280E-002
   1.5700000000100012        9.3873198981705624E-002
   1.5800000000100012        9.1860883512784250E-002
   1.5900000000100012        8.9864565692448717E-002
   1.6000000000100012        8.7885524278709659E-002
   1.6100000000100012        8.5924998524623875E-002
   1.6200000000100012        8.3984187466212570E-002
   1.6300000000100012        8.2064249261656383E-002
   1.6400000000100012        8.0166300582613897E-002
   1.6500000000100012        7.8291416058413499E-002
   1.6600000000100013        7.6440627773765382E-002
   1.6700000000100013        7.4614924820537193E-002
   1.6800000000100013        7.2815252904031472E-002
   1.6900000000100013        7.1042514004093629E-002
   1.7000000000100013        6.9297566091273716E-002
   1.7100000000100013        6.7581222898153756E-002
   1.7200000000100013        6.5894253745844650E-002
   1.7300000000100013        6.4237383425547148E-002
   1.7400000000100013        6.2611292134963609E-002
   1.7500000000100013        6.1016615469240455E-002
   1.7600000000100013        5.9453944466014777E-002
   1.7700000000100014        5.7923825704036293E-002
   1.7800000000100014        5.6426761454733333E-002
   1.7900000000100014        5.4963209885993201E-002
   1.8000000000100014        5.3533585317331787E-002
   1.8100000000100014        5.2138258525533734E-002
   1.8200000000100014        5.0777557099756329E-002
   1.8300000000100014        4.9451765845003846E-002
   1.8400000000100014        4.8161127232798057E-002
   1.8500000000100014        4.6905841897793663E-002
   1.8600000000100014        4.5686069179013314E-002
   1.8700000000100014        4.4501927704309309E-002
   1.8800000000100014        4.3353496016594974E-002
   1.8900000000100015        4.2240813240328877E-002
   1.9000000000100015        4.1163879786681720E-002
   1.9100000000100015        4.0122658095765200E-002
   1.9200000000100015        3.9117073414258088E-002
   1.9300000000100015        3.8147014606725059E-002
   1.9400000000100015        3.7212334998888791E-002
   1.9500000000100015        3.6312853251085513E-002
   1.9600000000100015        3.5448354260110511E-002
   1.9700000000100015        3.4618590087637756E-002
   1.9800000000100015        3.3823280913384046E-002
   1.9900000000100015        3.3062116011175466E-002
   2.0000000000100013        3.2334754746068797E-002
   2.0100000000100011        3.1640827590677129E-002
   2.0200000000100009        3.0979937158851879E-002
   2.0300000000100007        3.0351659254878573E-002
   2.0400000000100005        2.9755543936354822E-002
   2.0500000000100003        2.9191116588932042E-002
   2.0600000000100001        2.8657879011120331E-002
   2.0700000000099998        2.8155310507375943E-002
   2.0800000000099996        2.7682868987715752E-002
   2.0900000000099994        2.7239992072130671E-002
   2.1000000000099992        2.6826098198097708E-002
   2.1100000000099990        2.6440587729526101E-002
   2.1200000000099988        2.6082844065505938E-002
   2.1300000000099986        2.5752234747266456E-002
   2.1400000000099983        2.5448112561790213E-002
   2.1500000000099981        2.5169816640571070E-002
   2.1600000000099979        2.4916673552048480E-002
   2.1700000000099977        2.4687998386293163E-002
   2.1800000000099975        2.4483095830568603E-002
   2.1900000000099973        2.4301261234438282E-002
   2.2000000000099971        2.4141781663138608E-002
   2.2100000000099969        2.4003936937986841E-002
   2.2200000000099966        2.3887000662643730E-002
   2.2300000000099964        2.3790241234102737E-002
   2.2400000000099962        2.3712922837327684E-002
   2.2500000000099960        2.3654306422514926E-002
   2.2600000000099958        2.3613650664006648E-002
   2.2700000000099956        2.3590212899935754E-002
   2.2800000000099954        2.3583250051734291E-002
   2.2900000000099952        2.3592019522690973E-002
   2.3000000000099949        2.3615780074793841E-002
   2.3100000000099947        2.3653792683148711E-002
   2.3200000000099945        2.3705321367312730E-002
   2.3300000000099943        2.3769633998935957E-002
   2.3400000000099941        2.3846003085153073E-002
   2.3500000000099939        2.3933706527218289E-002
   2.3600000000099937        2.4032028353925278E-002
   2.3700000000099934        2.4140259429402906E-002
   2.3800000000099932        2.4257698134926158E-002
   2.3900000000099930        2.4383651024427012E-002
   2.4000000000099928        2.4517433453438802E-002
   2.4100000000099926        2.4658370181250194E-002
   2.4200000000099924        2.4805795946092519E-002
   2.4300000000099922        2.4959056013223631E-002
   2.4400000000099920        2.5117506695818425E-002
   2.4500000000099917        2.5280515848613933E-002
   2.4600000000099915        2.5447463334299168E-002
   2.4700000000099913        2.5617741462678610E-002
   2.4800000000099911        2.5790755402677168E-002
   2.4900000000099909        2.5965923567289974E-002
   2.5000000000099907        2.6142677971618261E-002
   2.5100000000099905        2.6320464564165775E-002
   2.5200000000099902        2.6498743531605806E-002
   2.5300000000099900        2.6676989577258624E-002
   2.5400000000099898        2.6854692173553806E-002
   2.5500000000099896        2.7031355788779653E-002
   2.5600000000099894        2.7206500088452056E-002
   2.5700000000099892        2.7379660111662586E-002
   2.5800000000099890        2.7550386422793154E-002
   2.5900000000099888        2.7718245239008611E-002
   2.6000000000099885        2.7882818533964137E-002
   2.6100000000099883        2.8043704118187036E-002
   2.6200000000099881        2.8200515696614470E-002
   2.6300000000099879        2.8352882903789199E-002
   2.6400000000099877        2.8500451317234964E-002
   2.6500000000099875        2.8642882449552005E-002
   2.6600000000099873        2.8779853719790239E-002
   2.6700000000099871        2.8911058404672001E-002
   2.6800000000099868        2.9036205570254169E-002
   2.6900000000099866        2.9155019984630166E-002
   2.7000000000099864        2.9267242012286580E-002
   2.7100000000099862        2.9372627490739611E-002
   2.7200000000099860        2.9470947590086578E-002
   2.7300000000099858        2.9561988656118320E-002
   2.7400000000099856        2.9645552037643304E-002
   2.7500000000099853        2.9721453898683976E-002
   2.7600000000099851        2.9789525016209566E-002
   2.7700000000099849        2.9849610564074668E-002
   2.7800000000099847        2.9901569883836732E-002
   2.7900000000099845        2.9945276243127355E-002
   2.8000000000099843        2.9980616582253990E-002
   2.8100000000099841        3.0007491249708768E-002
   2.8200000000099839        3.0025813727260535E-002
   2.8300000000099836        3.0035510345304224E-002
   2.8400000000099834        3.0036519989139233E-002
   2.8500000000099832        3.0028793796844599E-002
   2.8600000000099830        3.0012294849414773E-002
   2.8700000000099828        2.9986997853812501E-002
   2.8800000000099826        2.9952888819591517E-002
   2.8900000000099824        2.9909964729732747E-002
   2.9000000000099821        2.9858233206329389E-002
   2.9100000000099819        2.9797712171749140E-002
   2.9200000000099817        2.9728429505890296E-002
   2.9300000000099815        2.9650422700138946E-002
   2.9400000000099813        2.9563738508624149E-002
   2.9500000000099811        2.9468432597354037E-002
   2.9600000000099809        2.9364569191806078E-002
   2.9700000000099807        2.9252220723529666E-002
   2.9800000000099804        2.9131467476306450E-002
   2.9900000000099802        2.9002397232400341E-002
   3.0000000000099800        2.8865104919412726E-002
   3.0100000000099798        2.8719692258245454E-002
   3.0200000000099796        2.8566267412657449E-002
   3.0300000000099794        2.8404944640884645E-002
   3.0400000000099792        2.8235843949778246E-002
   3.0500000000099790        2.8059090751897432E-002
   3.0600000000099787        2.7874815525978258E-002
   3.0700000000099785        2.7683153481181371E-002
   3.0800000000099783        2.7484244225505345E-002
   3.0900000000099781        2.7278231438733692E-002
   3.1000000000099779        2.7065262550267154E-002
   3.1100000000099777        2.6845488422173928E-002
   3.1200000000099775        2.6619063037774372E-002
   3.1300000000099772        2.6386143196056644E-002
   3.1400000000099770        2.6146888212203540E-002
   3.1500000000099768        2.5901459624493001E-002
   3.1600000000099766        2.5650020907815485E-002
   3.1700000000099764        2.5392737194035325E-002
   3.1800000000099762        2.5129774999404792E-002
   3.1900000000099760        2.4861301959221711E-002
   3.2000000000099758        2.4587486569905996E-002
   3.2100000000099755        2.4308497938650381E-002
   3.2200000000099753        2.4024505540787038E-002
   3.2300000000099751        2.3735678984992646E-002
   3.2400000000099749        2.3442187786439452E-002
   3.2500000000099747        2.3144201147983184E-002
   3.2600000000099745        2.2841887749462962E-002
   3.2700000000099743        2.2535415545173094E-002
   3.2800000000099740        2.2224951569551947E-002
   3.2900000000099738        2.1910661751116518E-002
   3.3000000000099736        2.1592710734659827E-002
   3.3100000000099734        2.1271261711711682E-002
   3.3200000000099732        2.0946476259250744E-002
   3.3300000000099730        2.0618514186643490E-002
   3.3400000000099728        2.0287533390771752E-002
   3.3500000000099726        1.9953689719297972E-002
   3.3600000000099723        1.9617136842007631E-002
   3.3700000000099721        1.9278026130153829E-002
   3.3800000000099719        1.8936506543720994E-002
   3.3900000000099717        1.8592724526511485E-002
   3.4000000000099715        1.8246823908952086E-002
   3.4100000000099713        1.7898945818504625E-002
   3.4200000000099711        1.7549228597557632E-002
   3.4300000000099709        1.7197807728668059E-002
   3.4400000000099706        1.6844815767012539E-002
   3.4500000000099704        1.6490382279900039E-002
   3.4600000000099702        1.6134633793193208E-002
   3.4700000000099700        1.5777693744475317E-002
   3.4800000000099698        1.5419682442797168E-002
   3.4900000000099696        1.5060717034829234E-002
   3.5000000000099694        1.4700911477243988E-002
   3.5100000000099691        1.4340376515141773E-002
   3.5200000000099689        1.3979219666336851E-002
   3.5300000000099687        1.3617545211310877E-002
   3.5400000000099685        1.3255454188640381E-002
   3.5500000000099683        1.2893044395701348E-002
   3.5600000000099681        1.2530410394451763E-002
   3.5700000000099679        1.2167643522090720E-002
   3.5800000000099677        1.1804831906391028E-002
   3.5900000000099674        1.1442060485501847E-002
   3.6000000000099672        1.1079411032016012E-002
   3.6100000000099670        1.0716962181097295E-002
   3.6200000000099668        1.0354789462462672E-002
   3.6300000000099666        9.9929653360141864E-003
   3.6400000000099664        9.6315592309174584E-003
   3.6500000000099662        9.2706375879231476E-003
   3.6600000000099659        8.9102639047303478E-003
   3.6700000000099657        8.5504987841925114E-003
   3.6800000000099655        8.1913999851676526E-003
   3.6900000000099653        7.8330224758184908E-003
   3.7000000000099651        7.4754184891694829E-003
   3.7100000000099649        7.1186375807304634E-003
   3.7200000000099647        6.7627266880027183E-003
   3.7300000000099645        6.4077301916814159E-003
   3.7400000000099642        6.0536899783779127E-003
   3.7500000000099640        5.7006455046839932E-003
   3.7600000000099638        5.3486338624092024E-003
   3.7700000000099636        4.9976898448215734E-003
   3.7800000000099634        4.6478460137312329E-003
   3.7900000000099632        4.2991327672573521E-003
   3.8000000000099630        3.9515784081258333E-003
   3.8100000000099628        3.6052092123494473E-003
   3.8200000000099625        3.2600494981463333E-003
   3.8300000000099623        2.9161216949588008E-003
   3.8400000000099621        2.5734464124398670E-003
   3.8500000000099619        2.2320425092788474E-003
   3.8600000000099617        1.8919271617441225E-003
   3.8700000000099615        1.5531159318256215E-003
   3.8800000000099613        1.2156228348656096E-003
   3.8900000000099610        8.7946040657138624E-004
   3.9000000000099608        5.4463976930966824E-004
   3.9100000000099606        2.1117069758653796E-004
   3.9200000000099604       -1.2093831737554072E-004
   3.9300000000099602       -4.5168000404894882E-004
   3.9400000000099600       -7.8104824807868065E-004
   3.9500000000099598       -1.1090380308999004E-003
   3.9600000000099596       -1.4356453695639731E-003
   3.9700000000099593       -1.7608672578351358E-003
   3.9800000000099591       -2.0847016086156718E-003
   3.9900000000099589       -2.4071471977515440E-003
   4.0000000000099591       -2.7282036092667441E-003
   4.0100000000099589       -3.0478711820677989E-003
   4.0200000000099587       -3.3661509581561278E-003
   4.0300000000099585       -3.6830446323811968E-003
   4.0400000000099583       -3.9985545037629494E-003
   4.0500000000099581       -4.3126834284054703E-003
   4.0600000000099579       -4.6254347740233544E-003
   4.0700000000099577       -4.9368123760933722E-003
   4.0800000000099574       -5.2468204956438499E-003
   4.0900000000099572       -5.5554637786872033E-003
   4.1000000000099570       -5.8627472172999157E-003
   4.1100000000099568       -6.1686761123472518E-003
   4.1200000000099566       -6.4732560378502144E-003
   4.1300000000099564       -6.7764928069853816E-003
   4.1400000000099562       -7.0783924397078285E-003
   4.1500000000099559       -7.3789611319814482E-003
   4.1600000000099557       -7.6782052266011671E-003
   4.1700000000099555       -7.9761311855859798E-003
   4.1800000000099553       -8.2727455641208036E-003
   4.1900000000099551       -8.5680549860218773E-003
   4.2000000000099549       -8.8620661206985328E-003
   4.2100000000099547       -9.1547856615816822E-003
   4.2200000000099545       -9.4462203059881046E-003
   4.2300000000099542       -9.7363767363860872E-003
   4.2400000000099540       -1.0025261603028687E-002
   4.2500000000099538       -1.0312881507917038E-002
   4.2600000000099536       -1.0599242990056528E-002
   4.2700000000099534       -1.0884352511966089E-002
   4.2800000000099532       -1.1168216447400505E-002
   4.2900000000099530       -1.1450841070244805E-002
   4.3000000000099527       -1.1732232544537941E-002
   4.3100000000099525       -1.2012396915584363E-002
   4.3200000000099523       -1.2291340102108129E-002
   4.3300000000099521       -1.2569067889408012E-002
   4.3400000000099519       -1.2845585923468503E-002
   4.3500000000099517       -1.3120899705982056E-002
   4.3600000000099515       -1.3395014590239687E-002
   4.3700000000099513       -1.3667935777844382E-002
   4.3800000000099510       -1.3939668316204518E-002
   4.3900000000099508       -1.4210217096762155E-002
   4.4000000000099506       -1.4479586853914164E-002
   4.4100000000099504       -1.4747782164582238E-002
   4.4200000000099502       -1.5014807448389900E-002
   4.4300000000099500       -1.5280666968404685E-002
   4.4400000000099498       -1.5545364832403938E-002
   4.4500000000099496       -1.5808904994625079E-002
   4.4600000000099493       -1.6071291257959280E-002
   4.4700000000099491       -1.6332527276552027E-002
   4.4800000000099489       -1.6592616558771155E-002
   4.4900000000099487       -1.6851562470507335E-002
   4.5000000000099485       -1.7109368238770899E-002
   4.5100000000099483       -1.7366036955551195E-002
   4.5200000000099481       -1.7621571581905058E-002
   4.5300000000099478       -1.7875974952243363E-002
   4.5400000000099476       -1.8129249778783670E-002
   4.5500000000099474       -1.8381398656141742E-002
   4.5600000000099472       -1.8632424066032507E-002
   4.5700000000099470       -1.8882328382054045E-002
   4.5800000000099468       -1.9131113874530477E-002
   4.5900000000099466       -1.9378782715388496E-002
   4.6000000000099464       -1.9625336983045853E-002
   4.6100000000099461       -1.9870778667291117E-002
   4.6200000000099459       -2.0115109674133817E-002
   4.6300000000099457       -2.0358331830607548E-002
   4.6400000000099455       -2.0600446889509284E-002
   4.6500000000099453       -2.0841456534058576E-002
   4.6600000000099451       -2.1081362382462644E-002
   4.6700000000099449       -2.1320165992375344E-002
   4.6800000000099446       -2.1557868865236734E-002
   4.6900000000099444       -2.1794472450484829E-002
   4.7000000000099442       -2.2029978149629127E-002
   4.7100000000099440       -2.2264387320179064E-002
   4.7200000000099438       -2.2497701279420308E-002
   4.7300000000099436       -2.2729921308033228E-002
   4.7400000000099434       -2.2961048653550635E-002
   4.7500000000099432       -2.3191084533649774E-002
   4.7600000000099429       -2.3420030139278014E-002
   4.7700000000099427       -2.3647886637610169E-002
   4.7800000000099425       -2.3874655174837969E-002
   4.7900000000099423       -2.4100336878792025E-002
   4.8000000000099421       -2.4324932861398193E-002
   4.8100000000099419       -2.4548444220971036E-002
   4.8200000000099417       -2.4770872044347039E-002
   4.8300000000099415       -2.4992217408862667E-002
   4.8400000000099412       -2.5212481384180495E-002
   4.8500000000099410       -2.5431665033970631E-002
   4.8600000000099408       -2.5649769417450907E-002
   4.8700000000099406       -2.5866795590795105E-002
   4.8800000000099404       -2.6082744608413432E-002
   4.8900000000099402       -2.6297617524114674E-002
   4.9000000000099400       -2.6511415392155735E-002
   4.9100000000099397       -2.6724139268189017E-002
   4.9200000000099395       -2.6935790210113074E-002
   4.9300000000099393       -2.7146369278837446E-002
   4.9400000000099391       -2.7355877538968787E-002
   4.9500000000099389       -2.7564316059427774E-002
   4.9600000000099387       -2.7771685914005355E-002
   4.9700000000099385       -2.7977988181867280E-002
   4.9800000000099383       -2.8183223948015600E-002
   4.9900000000099380       -2.8387394303716305E-002
